date,volume,open,high,low,close,adj close
2023-12-28,5438800,33.880001068115234,34.27000045776367,33.529998779296875,34.25,34.25
2023-12-27,4471900,34.06999969482422,34.33000183105469,33.38999938964844,33.68000030517578,33.68000030517578
2023-12-26,2090400,33.2400016784668,33.880001068115234,33.03499984741211,33.66999816894531,33.66999816894531
2023-12-22,2040100,32.29999923706055,33.13999938964844,32.20000076293945,32.810001373291016,32.810001373291016
2023-12-21,2214800,31.790000915527344,32.209999084472656,31.440000534057617,32.040000915527344,32.040000915527344
2023-12-20,4109000,33.0,33.290000915527344,31.040000915527344,31.100000381469727,31.100000381469727
2023-12-19,4966400,30.959999084472656,32.95000076293945,30.86000061035156,32.70000076293945,32.70000076293945
2023-12-18,1877500,30.96999931335449,31.3700008392334,30.43000030517578,30.6200008392334,30.6200008392334
2023-12-15,3143600,31.950000762939453,32.27000045776367,30.60700035095215,30.950000762939453,30.950000762939453
2023-12-14,6117500,30.729999542236328,32.08000183105469,30.700000762939453,31.65999984741211,31.65999984741211
2023-12-13,4920700,28.21999931335449,29.920000076293945,27.739999771118164,29.850000381469727,29.850000381469727
2023-12-12,4051700,28.38999938964844,28.415000915527344,27.68000030517578,28.239999771118164,28.239999771118164
2023-12-11,2603800,28.459999084472656,28.6299991607666,27.76499938964844,28.40999984741211,28.40999984741211
2023-12-08,3309000,28.520000457763672,29.309999465942383,28.040000915527344,28.600000381469727,28.600000381469727
2023-12-07,1818500,28.75,28.86000061035156,28.270000457763672,28.709999084472656,28.709999084472656
2023-12-06,1924300,28.63999938964844,29.32999992370605,28.270000457763672,28.61000061035156,28.61000061035156
2023-12-05,2624400,28.93000030517578,28.93000030517578,28.14999961853028,28.25,28.25
2023-12-04,2967700,28.8799991607666,29.46999931335449,28.52499961853028,29.200000762939453,29.200000762939453
2023-12-01,2991700,27.790000915527344,29.09000015258789,27.239999771118164,29.030000686645508,29.030000686645508
2023-11-30,3808900,28.3700008392334,28.64999961853028,27.59499931335449,27.739999771118164,27.739999771118164
2023-11-29,3327300,28.270000457763672,29.25,28.049999237060547,28.1200008392334,28.1200008392334
2023-11-28,2358000,27.63999938964844,28.040000915527344,27.170000076293945,28.020000457763672,28.020000457763672
2023-11-27,1736400,27.82999992370605,27.959999084472656,27.14999961853028,27.82999992370605,27.82999992370605
2023-11-24,1364500,27.65999984741211,28.25,27.520000457763672,27.989999771118164,27.989999771118164
2023-11-22,1952200,27.479999542236328,28.030000686645508,27.33099937438965,27.600000381469727,27.600000381469727
2023-11-21,3092600,28.03499984741211,28.03499984741211,27.11000061035156,27.14999961853028,27.14999961853028
2023-11-20,3425100,27.770000457763672,28.71999931335449,27.440000534057617,28.18000030517578,28.18000030517578
2023-11-17,4319500,26.350000381469727,27.665000915527344,26.31999969482422,27.56999969482422,27.56999969482422
2023-11-16,3838500,26.549999237060547,26.61000061035156,25.540000915527344,26.030000686645508,26.030000686645508
2023-11-15,4172900,26.14999961853028,27.5,26.100000381469727,26.6200008392334,26.6200008392334
2023-11-14,5178300,25.100000381469727,26.020000457763672,25.100000381469727,25.959999084472656,25.959999084472656
2023-11-13,2432500,23.690000534057617,23.86000061035156,22.916000366210938,23.850000381469727,23.850000381469727
2023-11-10,2722200,24.059999465942383,24.13999938964844,23.25,24.100000381469727,24.100000381469727
2023-11-09,3963000,25.23500061035156,25.32999992370605,23.86000061035156,23.979999542236328,23.979999542236328
2023-11-08,2928500,26.170000076293945,26.25,24.89999961853028,25.049999237060547,25.049999237060547
2023-11-07,2708600,25.26000022888184,26.25,25.15999984741211,26.1200008392334,26.1200008392334
2023-11-06,2838000,26.39999961853028,26.39999961853028,25.13999938964844,25.299999237060547,25.299999237060547
2023-11-03,5693800,24.68000030517578,26.3799991607666,24.68000030517578,26.040000915527344,26.040000915527344
2023-11-02,4518100,23.690000534057617,24.46999931335449,23.690000534057617,24.32999992370605,24.32999992370605
2023-11-01,2705100,23.18000030517578,23.239999771118164,22.61000061035156,23.21999931335449,23.21999931335449
2023-10-31,1757300,22.39999961853028,23.13599967956543,22.200000762939453,23.020000457763672,23.020000457763672
2023-10-30,1545000,22.56999969482422,22.63999938964844,21.96999931335449,22.43000030517578,22.43000030517578
2023-10-27,2624400,23.280000686645508,23.32999992370605,22.18000030517578,22.239999771118164,22.239999771118164
2023-10-26,1786700,23.040000915527344,23.350000381469727,22.834999084472656,22.979999542236328,22.979999542236328
2023-10-25,2053700,23.940000534057617,24.0,22.850000381469727,22.950000762939453,22.950000762939453
2023-10-24,2932900,23.71999931335449,24.489999771118164,23.71999931335449,24.25,24.25
2023-10-23,2016100,23.575000762939453,24.01499938964844,23.21999931335449,23.56999969482422,23.56999969482422
2023-10-20,1929400,23.81999969482422,24.190000534057617,23.479999542236328,23.75,23.75
2023-10-19,2580500,24.670000076293945,24.670000076293945,23.8799991607666,23.920000076293945,23.920000076293945
2023-10-18,1679400,25.61000061035156,25.61000061035156,24.51000022888184,24.59000015258789,24.59000015258789
2023-10-17,1526600,25.200000762939453,26.09000015258789,25.1299991607666,25.75,25.75
2023-10-16,1466700,25.07999992370605,25.68000030517578,24.700000762939453,25.459999084472656,25.459999084472656
2023-10-13,1908200,25.059999465942383,25.21999931335449,24.75,25.1200008392334,25.1200008392334
2023-10-12,2690200,26.64999961853028,26.64999961853028,24.93000030517578,25.020000457763672,25.020000457763672
2023-10-11,1907100,26.920000076293945,27.225000381469727,26.190000534057617,26.51000022888184,26.51000022888184
2023-10-10,1771500,26.229999542236328,27.14999961853028,26.229999542236328,26.84000015258789,26.84000015258789
2023-10-09,1304700,25.920000076293945,26.290000915527344,25.559999465942383,26.170000076293945,26.170000076293945
2023-10-06,1637000,26.190000534057617,26.489999771118164,25.81999969482422,26.270000457763672,26.270000457763672
2023-10-05,1861800,26.18000030517578,26.604999542236328,25.729999542236328,26.549999237060547,26.549999237060547
2023-10-04,1508500,26.670000076293945,26.68000030517578,26.049999237060547,26.270000457763672,26.270000457763672
2023-10-03,1855800,26.6200008392334,26.940000534057617,26.299999237060547,26.489999771118164,26.489999771118164
2023-10-02,1793400,27.75,27.75,26.71999931335449,26.950000762939453,26.950000762939453
2023-09-29,1813200,28.190000534057617,28.5049991607666,27.700000762939453,27.86000061035156,27.86000061035156
2023-09-28,1716100,28.049999237060547,28.26000022888184,27.450000762939453,27.8700008392334,27.8700008392334
2023-09-27,1534900,28.11000061035156,28.459999084472656,27.690000534057617,27.96999931335449,27.96999931335449
2023-09-26,1162400,27.61000061035156,28.309999465942383,27.604999542236328,27.63999938964844,27.63999938964844
2023-09-25,1380500,27.729999542236328,27.940000534057617,27.440000534057617,27.600000381469727,27.600000381469727
2023-09-22,1739900,28.3700008392334,28.559999465942383,27.875,27.90999984741211,27.90999984741211
2023-09-21,1293700,28.770000457763672,28.770000457763672,28.20499992370605,28.229999542236328,28.229999542236328
2023-09-20,1179900,29.670000076293945,29.89999961853028,29.020000457763672,29.020000457763672,29.020000457763672
2023-09-19,1684000,29.61000061035156,29.64999961853028,29.104999542236328,29.549999237060547,29.549999237060547
2023-09-18,969700,30.3799991607666,30.3799991607666,29.593000411987305,29.6200008392334,29.6200008392334
2023-09-15,987200,30.959999084472656,31.14800071716309,30.350000381469727,30.51000022888184,30.51000022888184
2023-09-14,788200,31.68000030517578,31.690000534057617,31.00300025939941,31.030000686645508,31.030000686645508
2023-09-13,940100,31.520000457763672,31.850000381469727,31.32099914550781,31.32999992370605,31.32999992370605
2023-09-12,559300,31.34000015258789,31.8799991607666,31.26000022888184,31.530000686645508,31.530000686645508
2023-09-11,654000,31.229999542236328,31.700000762939453,31.06999969482422,31.56999969482422,31.56999969482422
2023-09-08,1298900,31.459999084472656,31.459999084472656,31.049999237060547,31.11000061035156,31.11000061035156
2023-09-07,1582700,31.61000061035156,31.63500022888184,31.01499938964844,31.489999771118164,31.489999771118164
2023-09-06,1079800,31.950000762939453,32.20000076293945,31.53499984741211,32.0,32.0
2023-09-05,786000,32.439998626708984,32.529998779296875,31.950000762939453,32.0099983215332,32.0099983215332
2023-09-01,904100,32.56999969482422,33.08000183105469,32.540000915527344,32.61000061035156,32.61000061035156
2023-08-31,696400,32.34000015258789,32.599998474121094,32.150001525878906,32.25,32.25
2023-08-30,621900,31.96999931335449,32.345001220703125,31.63999938964844,32.2400016784668,32.2400016784668
2023-08-29,2339000,30.82999992370605,32.23500061035156,30.600000381469727,31.979999542236328,31.979999542236328
2023-08-28,784800,30.89999961853028,31.13999938964844,30.6299991607666,30.790000915527344,30.790000915527344
2023-08-25,1812500,30.489999771118164,30.809999465942383,30.01000022888184,30.559999465942383,30.559999465942383
2023-08-24,1973800,31.780000686645508,31.82999992370605,30.350000381469727,30.40999984741211,30.40999984741211
2023-08-23,1605500,31.0,31.799999237060547,31.0,31.61000061035156,31.61000061035156
2023-08-22,1389200,31.18000030517578,31.405000686645508,30.65999984741211,30.950000762939453,30.950000762939453
2023-08-21,1525100,30.5,31.100000381469727,30.170000076293945,30.940000534057617,30.940000534057617
2023-08-18,1294700,29.950000762939453,30.850000381469727,29.850000381469727,30.32999992370605,30.32999992370605
2023-08-17,1214400,30.64999961853028,30.64999961853028,30.229999542236328,30.36000061035156,30.36000061035156
2023-08-16,1379800,31.5,31.51000022888184,30.56999969482422,30.600000381469727,30.600000381469727
2023-08-15,1139500,31.68000030517578,32.02000045776367,31.5049991607666,31.600000381469727,31.600000381469727
2023-08-14,1470100,31.729999542236328,31.84000015258789,31.26000022888184,31.84000015258789,31.84000015258789
2023-08-11,1666000,31.950000762939453,32.27000045776367,31.690000534057617,31.8799991607666,31.8799991607666
2023-08-10,2030200,32.779998779296875,33.150001525878906,31.940000534057617,32.220001220703125,32.220001220703125
2023-08-09,1908000,33.2400016784668,33.470001220703125,32.43000030517578,32.68000030517578,32.68000030517578
2023-08-08,1289100,32.66999816894531,33.130001068115234,32.36000061035156,33.119998931884766,33.119998931884766
2023-08-07,1793700,34.0,34.0,32.54999923706055,33.02000045776367,33.02000045776367
2023-08-04,1386600,34.43000030517578,34.48500061035156,33.779998779296875,33.9900016784668,33.9900016784668
2023-08-03,1709200,34.560001373291016,34.58000183105469,33.904998779296875,33.959999084472656,33.959999084472656
2023-08-02,1675000,36.33000183105469,36.33000183105469,35.040000915527344,35.209999084472656,35.209999084472656
2023-08-01,1021800,37.65999984741211,37.68000030517578,36.7599983215332,37.040000915527344,37.040000915527344
2023-07-31,1779900,37.5,38.0,37.34000015258789,38.0,38.0
2023-07-28,1246300,36.63999938964844,37.290000915527344,36.47999954223633,37.290000915527344,37.290000915527344
2023-07-27,1899400,37.709999084472656,37.7599983215332,35.939998626708984,36.130001068115234,36.130001068115234
2023-07-26,1148100,36.45000076293945,37.209999084472656,36.290000915527344,37.130001068115234,37.130001068115234
2023-07-25,870900,36.34000015258789,36.869998931884766,36.25,36.459999084472656,36.459999084472656
2023-07-24,1332500,37.2400016784668,37.33000183105469,36.18999862670898,36.31999969482422,36.31999969482422
2023-07-21,1636400,36.97999954223633,37.470001220703125,36.345001220703125,37.11000061035156,37.11000061035156
2023-07-20,2155600,37.83000183105469,38.02999877929688,36.43999862670898,36.56999969482422,36.56999969482422
2023-07-19,1850100,37.97999954223633,38.970001220703125,37.91999816894531,38.18000030517578,38.18000030517578
2023-07-18,1289000,37.43999862670898,37.87300109863281,37.20000076293945,37.7599983215332,37.7599983215332
2023-07-17,1568900,36.38999938964844,37.459999084472656,35.880001068115234,37.209999084472656,37.209999084472656
2023-07-14,1537200,37.33000183105469,37.43000030517578,36.16999816894531,36.2599983215332,36.2599983215332
2023-07-13,1692600,36.93000030517578,37.15499877929688,36.400001525878906,36.93999862670898,36.93999862670898
2023-07-12,2650800,36.720001220703125,36.91999816894531,35.97999954223633,36.56999969482422,36.56999969482422
2023-07-11,1165000,35.130001068115234,35.452999114990234,34.689998626708984,35.310001373291016,35.310001373291016
2023-07-10,1754200,33.06999969482422,34.875,33.029998779296875,34.869998931884766,34.869998931884766
2023-07-07,848800,32.86000061035156,33.34000015258789,32.65999984741211,33.150001525878906,33.150001525878906
2023-07-06,1162700,33.09000015258789,33.189998626708984,32.33000183105469,32.540000915527344,32.540000915527344
2023-07-05,791700,33.77000045776367,33.93000030517578,33.45000076293945,33.75,33.75
2023-07-03,642000,34.22999954223633,34.38999938964844,33.720001220703125,33.970001220703125,33.970001220703125
2023-06-30,1085000,34.279998779296875,34.619998931884766,34.09000015258789,34.09000015258789,34.09000015258789
2023-06-29,985200,33.869998931884766,34.16999816894531,33.630001068115234,33.709999084472656,33.709999084472656
2023-06-28,715000,32.720001220703125,33.79999923706055,32.619998931884766,33.779998779296875,33.779998779296875
2023-06-27,1013700,32.689998626708984,33.025001525878906,32.220001220703125,32.84000015258789,32.84000015258789
2023-06-26,546500,32.779998779296875,32.90999984741211,32.470001220703125,32.599998474121094,32.599998474121094
2023-06-23,1096900,32.900001525878906,33.06999969482422,32.47999954223633,32.790000915527344,32.790000915527344
2023-06-22,996300,33.790000915527344,33.790000915527344,33.189998626708984,33.41999816894531,33.41999816894531
2023-06-21,2095700,34.65999984741211,34.66999816894531,33.439998626708984,33.75,33.75
2023-06-20,1129100,34.47999954223633,34.88999938964844,34.11000061035156,34.72999954223633,34.72999954223633
2023-06-16,1240600,35.540000915527344,35.599998474121094,34.58000183105469,34.61000061035156,34.61000061035156
2023-06-15,831000,34.2400016784668,35.31999969482422,34.15999984741211,35.20000076293945,35.20000076293945
2023-06-14,1865800,35.2599983215332,35.459999084472656,33.900001525878906,34.5,34.5
2023-06-13,1615000,34.459999084472656,35.349998474121094,34.3650016784668,35.209999084472656,35.209999084472656
2023-06-12,1064400,33.54999923706055,34.43000030517578,33.369998931884766,34.16999816894531,34.16999816894531
2023-06-09,1054700,34.25,34.279998779296875,33.220001220703125,33.31999969482422,33.31999969482422
2023-06-08,1073000,33.84000015258789,34.15999984741211,33.349998474121094,33.86000061035156,33.86000061035156
2023-06-07,1615800,34.47999954223633,34.90999984741211,33.755001068115234,33.900001525878906,33.900001525878906
2023-06-06,1196300,33.36000061035156,34.435001373291016,33.13999938964844,34.2599983215332,34.2599983215332
2023-06-05,813100,33.27000045776367,33.77000045776367,33.16999816894531,33.5,33.5
2023-06-02,2381800,33.08000183105469,33.29999923706055,32.349998474121094,33.25,33.25
2023-06-01,1086900,31.81999969482422,32.814998626708984,31.34000015258789,32.560001373291016,32.560001373291016
2023-05-31,1960100,31.51000022888184,32.18000030517578,31.020000457763672,31.6299991607666,31.6299991607666
2023-05-30,2160400,31.989999771118164,32.709999084472656,31.46999931335449,31.71999931335449,31.71999931335449
2023-05-26,850500,31.32999992370605,31.86000061035156,31.11000061035156,31.690000534057617,31.690000534057617
2023-05-25,1499500,32.45000076293945,32.45000076293945,30.89999961853028,31.280000686645508,31.280000686645508
2023-05-24,1319400,32.470001220703125,32.470001220703125,31.434999465942383,32.08000183105469,32.08000183105469
2023-05-23,2587500,32.290000915527344,33.70000076293945,32.290000915527344,32.5,32.5
2023-05-22,2152900,30.850000381469727,32.56999969482422,30.850000381469727,32.439998626708984,32.439998626708984
2023-05-19,1100200,30.3799991607666,30.950000762939453,30.3799991607666,30.76000022888184,30.76000022888184
2023-05-18,1338800,30.1200008392334,30.6200008392334,29.78499984741211,30.489999771118164,30.489999771118164
2023-05-17,1173500,29.8799991607666,30.290000915527344,29.290000915527344,30.280000686645508,30.280000686645508
2023-05-16,1162500,30.57999992370605,30.600000381469727,29.559999465942383,29.780000686645508,29.780000686645508
2023-05-15,1712200,29.88999938964844,31.059999465942383,29.75,30.809999465942383,30.809999465942383
2023-05-12,1108300,30.459999084472656,30.459999084472656,29.71999931335449,29.86000061035156,29.86000061035156
2023-05-11,953400,30.68000030517578,30.815000534057617,30.26000022888184,30.3799991607666,30.3799991607666
2023-05-10,3611700,30.89999961853028,31.350000381469727,30.59000015258789,30.93000030517578,30.93000030517578
2023-05-09,1186400,29.57999992370605,30.225000381469727,29.24099922180176,30.14999961853028,30.14999961853028
2023-05-08,1193400,29.674999237060547,29.90999984741211,29.20499992370605,29.809999465942383,29.809999465942383
2023-05-05,1155900,29.5,29.770000457763672,29.11000061035156,29.709999084472656,29.709999084472656
2023-05-04,1379500,28.8700008392334,29.459999084472656,28.549999237060547,29.3700008392334,29.3700008392334
2023-05-03,2018500,28.38999938964844,29.559999465942383,28.309999465942383,28.86000061035156,28.86000061035156
2023-05-02,1704100,29.01000022888184,29.049999237060547,28.209999084472656,28.26000022888184,28.26000022888184
2023-05-01,1150600,28.8799991607666,29.31999969482422,28.690000534057617,29.200000762939453,29.200000762939453
2023-04-28,1317200,28.59000015258789,29.239999771118164,28.15999984741211,28.959999084472656,28.959999084472656
2023-04-27,989400,29.030000686645508,29.1200008392334,28.61000061035156,28.850000381469727,28.850000381469727
2023-04-26,1387100,29.15999984741211,29.350000381469727,28.600000381469727,28.71500015258789,28.71500015258789
2023-04-25,1466000,30.0,30.049999237060547,29.09499931335449,29.11000061035156,29.11000061035156
2023-04-24,1111200,30.61000061035156,30.75,29.959999084472656,30.1200008392334,30.1200008392334
2023-04-21,1405200,30.030000686645508,30.71999931335449,29.89200019836425,30.57999992370605,30.57999992370605
2023-04-20,1589900,30.450000762939453,30.6299991607666,29.8799991607666,29.950000762939453,29.950000762939453
2023-04-19,1009500,30.190000534057617,31.09000015258789,30.01000022888184,30.850000381469727,30.850000381469727
2023-04-18,1289700,30.979999542236328,31.049999237060547,30.18000030517578,30.479999542236328,30.479999542236328
2023-04-17,2561200,30.299999237060547,31.13999938964844,30.229999542236328,30.75,30.75
2023-04-14,1704700,30.89999961853028,31.1299991607666,30.065000534057617,30.309999465942383,30.309999465942383
2023-04-13,2416500,29.57999992370605,31.065000534057617,29.530000686645508,30.89999961853028,30.89999961853028
2023-04-12,1878700,30.520000457763672,30.700000762939453,29.263999938964844,29.280000686645508,29.280000686645508
2023-04-11,1316600,29.709999084472656,30.20499992370605,29.59000015258789,29.96999931335449,29.96999931335449
2023-04-10,1482300,29.32999992370605,29.64999961853028,29.11000061035156,29.61000061035156,29.61000061035156
2023-04-06,1092000,29.0,29.809999465942383,28.81999969482422,29.71999931335449,29.71999931335449
2023-04-05,1908300,29.489999771118164,29.600000381469727,28.88999938964844,29.100000381469727,29.100000381469727
2023-04-04,1922600,29.98500061035156,30.059999465942383,29.299999237060547,29.6299991607666,29.6299991607666
2023-04-03,1856100,29.96999931335449,30.01000022888184,29.290000915527344,29.76000022888184,29.76000022888184
2023-03-31,3421000,28.920000076293945,30.295000076293945,28.920000076293945,30.06999969482422,30.06999969482422
2023-03-30,1733800,29.18000030517578,29.36000061035156,28.489999771118164,28.65999984741211,28.65999984741211
2023-03-29,1362500,28.459999084472656,28.96999931335449,28.270000457763672,28.88999938964844,28.88999938964844
2023-03-28,1404100,28.65999984741211,28.729999542236328,27.95400047302246,28.0049991607666,28.0049991607666
2023-03-27,1262300,28.93000030517578,29.270000457763672,28.520000457763672,28.63999938964844,28.63999938964844
2023-03-24,1613000,28.11000061035156,28.799999237060547,27.790000915527344,28.64999961853028,28.64999961853028
2023-03-23,1714000,28.61000061035156,29.27499961853028,27.90999984741211,28.280000686645508,28.280000686645508
2023-03-22,3373700,29.350000381469727,29.40999984741211,28.09000015258789,28.09000015258789,28.09000015258789
2023-03-21,2047000,28.489999771118164,29.53499984741211,28.3799991607666,29.350000381469727,29.350000381469727
2023-03-20,1507400,28.540000915527344,28.68000030517578,27.90999984741211,28.270000457763672,28.270000457763672
2023-03-17,4112500,28.68000030517578,29.209999084472656,28.280000686645508,28.520000457763672,28.520000457763672
2023-03-16,2530300,28.86000061035156,29.65999984741211,28.450000762939453,29.440000534057617,29.440000534057617
2023-03-15,2039100,28.38999938964844,29.0,28.239999771118164,28.940000534057617,28.940000534057617
2023-03-14,1688000,29.325000762939453,29.459999084472656,28.43000030517578,28.89999961853028,28.89999961853028
2023-03-13,3895800,27.059999465942383,29.07999992370605,27.059999465942383,28.479999542236328,28.479999542236328
2023-03-10,4738500,28.600000381469727,28.76000022888184,26.76499938964844,27.459999084472656,27.459999084472656
2023-03-09,1294400,29.920000076293945,30.01499938964844,28.540000915527344,28.64999961853028,28.64999961853028
2023-03-08,2366400,29.89999961853028,30.200000762939453,29.459999084472656,29.770000457763672,29.770000457763672
2023-03-07,1196100,29.989999771118164,30.450000762939453,29.665000915527344,29.809999465942383,29.809999465942383
2023-03-06,1850600,31.01000022888184,31.059999465942383,29.9950008392334,30.1299991607666,30.1299991607666
2023-03-03,1777500,30.15999984741211,31.18000030517578,29.950000762939453,31.0,31.0
2023-03-02,2101000,29.86000061035156,30.270000457763672,29.64999961853028,30.14999961853028,30.14999961853028
2023-03-01,1744200,30.790000915527344,30.8700008392334,29.895000457763672,30.0,30.0
2023-02-28,2573000,30.0,30.69499969482422,29.89999961853028,30.350000381469727,30.350000381469727
2023-02-27,1853100,30.1200008392334,30.190000534057617,29.57999992370605,29.93000030517578,29.93000030517578
2023-02-24,2871200,29.88999938964844,30.21999931335449,29.559999465942383,29.670000076293945,29.670000076293945
2023-02-23,1581900,31.350000381469727,31.600000381469727,29.90999984741211,30.71999931335449,30.71999931335449
2023-02-22,1852400,30.690000534057617,31.25,30.350000381469727,31.1299991607666,31.1299991607666
2023-02-21,2240200,31.780000686645508,31.82999992370605,30.40999984741211,30.440000534057617,30.440000534057617
2023-02-17,2132800,32.220001220703125,32.52000045776367,31.420000076293945,32.470001220703125,32.470001220703125
2023-02-16,2136700,32.869998931884766,33.31999969482422,32.310001373291016,32.529998779296875,32.529998779296875
2023-02-15,2772800,32.650001525878906,33.650001525878906,32.41999816894531,33.5099983215332,33.5099983215332
2023-02-14,2236300,32.31999969482422,33.130001068115234,31.76499938964844,32.79999923706055,32.79999923706055
2023-02-13,1703500,32.27000045776367,32.7400016784668,31.81999969482422,32.529998779296875,32.529998779296875
2023-02-10,1560200,32.40999984741211,32.529998779296875,31.8799991607666,32.16999816894531,32.16999816894531
2023-02-09,2107600,34.290000915527344,34.494998931884766,32.560001373291016,32.689998626708984,32.689998626708984
2023-02-08,1740500,34.959999084472656,35.25,33.66999816894531,33.720001220703125,33.720001220703125
2023-02-07,1360300,34.63999938964844,35.23500061035156,33.970001220703125,35.13999938964844,35.13999938964844
2023-02-06,1425100,34.880001068115234,35.209999084472656,34.41999816894531,34.560001373291016,34.560001373291016
2023-02-03,2425800,35.36000061035156,36.150001525878906,34.810001373291016,35.279998779296875,35.279998779296875
2023-02-02,3610700,35.279998779296875,37.15999984741211,35.279998779296875,36.4900016784668,36.4900016784668
2023-02-01,2464500,33.689998626708984,34.88999938964844,32.84000015258789,34.5,34.5
2023-01-31,1058300,32.869998931884766,33.72999954223633,32.83000183105469,33.70000076293945,33.70000076293945
2023-01-30,1975800,33.5099983215332,33.650001525878906,32.654998779296875,32.70000076293945,32.70000076293945
2023-01-27,1180500,32.95000076293945,34.22999954223633,32.80500030517578,34.060001373291016,34.060001373291016
2023-01-26,751200,33.65999984741211,33.93000030517578,32.58000183105469,33.11000061035156,33.11000061035156
2023-01-25,1110600,32.25,33.06999969482422,31.75,33.060001373291016,33.060001373291016
2023-01-24,864400,33.060001373291016,33.709999084472656,32.720001220703125,32.88999938964844,32.88999938964844
2023-01-23,1174000,32.529998779296875,33.45500183105469,32.16999816894531,33.36000061035156,33.36000061035156
2023-01-20,1687000,32.06999969482422,32.61000061035156,31.520000457763672,32.4900016784668,32.4900016784668
2023-01-19,2146100,32.41999816894531,32.52000045776367,31.25,31.799999237060547,31.799999237060547
2023-01-18,2471900,33.61000061035156,34.36000061035156,32.790000915527344,32.900001525878906,32.900001525878906
2023-01-17,981300,32.66999816894531,33.48500061035156,32.18000030517578,33.43000030517578,33.43000030517578
2023-01-13,1558000,31.850000381469727,32.91999816894531,31.82999992370605,32.810001373291016,32.810001373291016
2023-01-12,1614500,31.51000022888184,32.459999084472656,30.459999084472656,32.38999938964844,32.38999938964844
2023-01-11,1337400,30.3799991607666,31.34499931335449,29.94499969482422,31.309999465942383,31.309999465942383
2023-01-10,1437800,29.15999984741211,30.280000686645508,29.11000061035156,30.21999931335449,30.21999931335449
2023-01-09,2274400,29.11000061035156,29.709999084472656,28.75,29.18000030517578,29.18000030517578
2023-01-06,3278900,28.450000762939453,28.5,27.36000061035156,28.280000686645508,28.280000686645508
2023-01-05,1636600,28.46500015258789,28.61000061035156,27.920000076293945,28.3799991607666,28.3799991607666
2023-01-04,1258900,27.780000686645508,28.739999771118164,27.65999984741211,28.64999961853028,28.64999961853028
2023-01-03,1777200,28.6299991607666,29.100000381469727,27.43000030517578,27.61000061035156,27.61000061035156
2022-12-30,1595900,27.75,28.26000022888184,27.34000015258789,28.229999542236328,28.229999542236328
2022-12-29,1339200,27.31999969482422,28.5,27.11000061035156,28.184999465942383,28.184999465942383
2022-12-28,1670300,27.1299991607666,27.700000762939453,26.979999542236328,27.084999084472656,27.084999084472656
2022-12-27,1330200,28.270000457763672,28.280000686645508,27.19099998474121,27.239999771118164,27.239999771118164
2022-12-23,1130900,29.1299991607666,29.459999084472656,28.290000915527344,28.420000076293945,28.420000076293945
2022-12-22,1542700,29.270000457763672,29.43000030517578,28.46999931335449,29.36000061035156,29.36000061035156
2022-12-21,1764300,29.309999465942383,30.31999969482422,29.200000762939453,29.700000762939453,29.700000762939453
2022-12-20,1073100,28.809999465942383,29.3700008392334,28.530000686645508,29.059999465942383,29.059999465942383
2022-12-19,2309400,30.14999961853028,30.15999984741211,28.63999938964844,28.84000015258789,28.84000015258789
2022-12-16,1728500,30.09000015258789,30.420000076293945,29.6299991607666,30.15999984741211,30.15999984741211
2022-12-15,1514700,30.229999542236328,30.6200008392334,29.815000534057617,29.88999938964844,29.88999938964844
2022-12-14,1687600,31.11000061035156,31.68000030517578,30.5,30.96999931335449,30.96999931335449
2022-12-13,3281300,32.41999816894531,33.29999923706055,30.709999084472656,31.190000534057617,31.190000534057617
2022-12-12,1235800,30.21999931335449,30.88999938964844,29.83699989318848,30.86000061035156,30.86000061035156
2022-12-09,1347700,31.0,31.46999931335449,30.309999465942383,30.350000381469727,30.350000381469727
2022-12-08,1286800,30.799999237060547,31.481000900268555,30.200000762939453,31.26000022888184,31.26000022888184
2022-12-07,1486200,30.479999542236328,30.8700008392334,30.14999961853028,30.57999992370605,30.57999992370605
2022-12-06,1431200,31.56999969482422,31.56999969482422,30.31999969482422,30.489999771118164,30.489999771118164
2022-12-05,1351100,32.66999816894531,32.83000183105469,31.225000381469727,31.479999542236328,31.479999542236328
2022-12-02,1335500,31.88999938964844,33.04999923706055,31.64999961853028,32.97999954223633,32.97999954223633
2022-12-01,1325000,32.59000015258789,33.11000061035156,31.989999771118164,32.709999084472656,32.709999084472656
2022-11-30,2892000,30.700000762939453,32.58000183105469,30.30699920654297,32.5,32.5
2022-11-29,2057800,30.790000915527344,31.170000076293945,30.39999961853028,30.51000022888184,30.51000022888184
2022-11-28,1813700,31.56999969482422,31.96999931335449,30.51000022888184,30.6299991607666,30.6299991607666
2022-11-25,370000,31.674999237060547,31.78199958801269,31.25,31.700000762939453,31.700000762939453
2022-11-23,991100,31.68000030517578,32.279998779296875,31.43000030517578,31.8799991607666,31.8799991607666
2022-11-22,1235300,31.86000061035156,31.920000076293945,31.01000022888184,31.59000015258789,31.59000015258789
2022-11-21,1232900,32.13999938964844,32.189998626708984,31.43000030517578,31.709999084472656,31.709999084472656
2022-11-18,1107300,33.58000183105469,33.66999816894531,32.025001525878906,32.25,32.25
2022-11-17,2394200,32.810001373291016,33.189998626708984,32.369998931884766,32.7599983215332,32.7599983215332
2022-11-16,1187200,34.459999084472656,34.630001068115234,33.435001373291016,33.650001525878906,33.650001525878906
2022-11-15,2046100,35.93000030517578,36.428001403808594,34.59000015258789,35.0,35.0
2022-11-14,1317600,35.869998931884766,36.27999877929688,34.93000030517578,34.9900016784668,34.9900016784668
2022-11-11,3912300,34.13999938964844,36.970001220703125,33.86000061035156,36.22999954223633,36.22999954223633
2022-11-10,4021000,33.040000915527344,34.29999923706055,32.7400016784668,34.220001220703125,34.220001220703125
2022-11-09,1537400,31.780000686645508,32.09000015258789,30.76000022888184,30.770000457763672,30.770000457763672
2022-11-08,1540300,31.56999969482422,32.86000061035156,31.270000457763672,32.13999938964844,32.13999938964844
2022-11-07,1632700,32.36000061035156,32.72999954223633,31.26000022888184,31.57999992370605,31.57999992370605
2022-11-04,1332100,33.52000045776367,33.7400016784668,31.600000381469727,32.5099983215332,32.5099983215332
2022-11-03,1666900,32.58000183105469,33.650001525878906,32.04999923706055,32.65999984741211,32.65999984741211
2022-11-02,3117900,34.2599983215332,35.29999923706055,33.029998779296875,33.029998779296875,33.029998779296875
2022-11-01,1257300,34.349998474121094,34.970001220703125,33.97999954223633,34.189998626708984,34.189998626708984
2022-10-31,1322000,33.81999969482422,34.369998931884766,33.439998626708984,33.7599983215332,33.7599983215332
2022-10-28,1401200,33.16999816894531,34.27000045776367,32.630001068115234,34.18000030517578,34.18000030517578
2022-10-27,1586600,34.18000030517578,34.279998779296875,32.86000061035156,32.9900016784668,32.9900016784668
2022-10-26,2722100,32.31999969482422,34.689998626708984,32.279998779296875,33.54999923706055,33.54999923706055
2022-10-25,1534600,31.11000061035156,32.849998474121094,31.11000061035156,32.630001068115234,32.630001068115234
2022-10-24,1068100,31.200000762939453,31.309999465942383,30.100000381469727,30.959999084472656,30.959999084472656
2022-10-21,1568100,30.350000381469727,31.15999984741211,29.76000022888184,31.1200008392334,31.1200008392334
2022-10-20,1895200,30.415000915527344,31.541000366210938,30.170000076293945,30.32999992370605,30.32999992370605
2022-10-19,1693200,31.81999969482422,31.979999542236328,30.25,30.5,30.5
2022-10-18,1289800,32.95000076293945,33.400001525878906,31.882999420166016,32.36000061035156,32.36000061035156
2022-10-17,2005200,31.34000015258789,32.11000061035156,31.170000076293945,31.950000762939453,31.950000762939453
2022-10-14,3017100,32.25,32.7400016784668,30.450000762939453,30.520000457763672,30.520000457763672
2022-10-13,3916300,30.559999465942383,32.209999084472656,30.21999931335449,31.700000762939453,31.700000762939453
2022-10-12,1530300,31.989999771118164,32.14799880981445,31.020000457763672,31.920000076293945,31.920000076293945
2022-10-11,2256900,31.739999771118164,32.66899871826172,30.790000915527344,31.729999542236328,31.729999542236328
2022-10-10,1825500,32.81999969482422,32.88999938964844,31.5,31.89999961853028,31.89999961853028
2022-10-07,2349100,34.16999816894531,34.29999923706055,32.70000076293945,32.86000061035156,32.86000061035156
2022-10-06,1420100,34.91999816894531,35.689998626708984,34.54999923706055,35.029998779296875,35.029998779296875
2022-10-05,3506000,34.86000061035156,35.2400016784668,33.7400016784668,35.040000915527344,35.040000915527344
2022-10-04,3560000,33.959999084472656,35.7400016784668,33.959999084472656,35.709999084472656,35.709999084472656
2022-10-03,1589400,33.25,33.52799987792969,32.36000061035156,33.189998626708984,33.189998626708984
2022-09-30,2001800,32.7400016784668,34.369998931884766,32.7400016784668,32.869998931884766,32.869998931884766
2022-09-29,2179800,33.65999984741211,33.77000045776367,32.310001373291016,32.88999938964844,32.88999938964844
2022-09-28,3441300,32.40999984741211,34.439998626708984,32.40999984741211,34.22999954223633,34.22999954223633
2022-09-27,1772300,32.13999938964844,32.900001525878906,31.84000015258789,32.2400016784668,32.2400016784668
2022-09-26,1557000,32.029998779296875,33.02000045776367,31.4950008392334,31.56999969482422,31.56999969482422
2022-09-23,2694600,32.5099983215332,32.81999969482422,31.53499984741211,32.13999938964844,32.13999938964844
2022-09-22,2861700,33.77000045776367,33.77000045776367,32.61000061035156,32.970001220703125,32.970001220703125
2022-09-21,2156300,35.11000061035156,35.779998779296875,33.90999984741211,33.93000030517578,33.93000030517578
2022-09-20,1553400,34.88999938964844,35.560001373291016,34.70000076293945,34.869998931884766,34.869998931884766
2022-09-19,2098000,35.209999084472656,35.43000030517578,34.31999969482422,35.43000030517578,35.43000030517578
2022-09-16,3171700,36.7400016784668,36.83000183105469,35.22999954223633,35.7400016784668,35.7400016784668
2022-09-15,2055500,36.72499847412109,38.25,36.68000030517578,37.68000030517578,37.68000030517578
2022-09-14,3136300,36.43999862670898,37.06499862670898,35.7400016784668,37.04999923706055,37.04999923706055
2022-09-13,2791300,37.0,37.14500045776367,36.20000076293945,36.459999084472656,36.459999084472656
2022-09-12,2027300,37.970001220703125,38.61000061035156,37.47100067138672,38.61000061035156,38.61000061035156
2022-09-09,1912500,37.45000076293945,38.150001525878906,37.18000030517578,37.7400016784668,37.7400016784668
2022-09-08,2329400,35.11000061035156,36.93999862670898,34.9900016784668,36.93999862670898,36.93999862670898
2022-09-07,1974100,33.9900016784668,35.779998779296875,33.81999969482422,35.650001525878906,35.650001525878906
2022-09-06,3248200,34.77000045776367,34.790000915527344,33.84000015258789,34.040000915527344,34.040000915527344
2022-09-02,3052000,36.119998931884766,36.36000061035156,34.43000030517578,34.66999816894531,34.66999816894531
2022-09-01,2308200,35.029998779296875,35.790000915527344,34.220001220703125,35.720001220703125,35.720001220703125
2022-08-31,2454600,35.77000045776367,35.97999954223633,35.0099983215332,35.4900016784668,35.4900016784668
2022-08-30,2651300,36.04999923706055,36.41999816894531,34.7400016784668,35.029998779296875,35.029998779296875
2022-08-29,2073300,35.83000183105469,36.775001525878906,35.68000030517578,35.70000076293945,35.70000076293945
2022-08-26,3020300,39.0099983215332,39.0099983215332,36.56999969482422,36.58000183105469,36.58000183105469
2022-08-25,1652700,38.59999847412109,39.04999923706055,38.06999969482422,39.04999923706055,39.04999923706055
2022-08-24,1837000,36.86000061035156,38.40999984741211,36.459999084472656,38.11000061035156,38.11000061035156
2022-08-23,1698400,36.2599983215332,37.2599983215332,35.709999084472656,36.83000183105469,36.83000183105469
2022-08-22,2265600,36.52999877929688,37.220001220703125,35.869998931884766,36.16999816894531,36.16999816894531
2022-08-19,2133400,37.540000915527344,37.65999984741211,36.150001525878906,36.400001525878906,36.400001525878906
2022-08-18,2400000,38.84000015258789,38.84000015258789,37.18999862670898,38.15999984741211,38.15999984741211
2022-08-17,2110200,39.91999816894531,40.34000015258789,38.560001373291016,38.63999938964844,38.63999938964844
2022-08-16,1818000,42.540000915527344,42.540000915527344,40.290000915527344,40.72999954223633,40.72999954223633
2022-08-15,2260800,41.630001068115234,42.54999923706055,41.310001373291016,42.38999938964844,42.38999938964844
2022-08-12,3001200,40.959999084472656,41.9900016784668,40.52999877929688,41.90999984741211,41.90999984741211
2022-08-11,4471600,41.5099983215332,43.880001068115234,40.24100112915039,40.45000076293945,40.45000076293945
2022-08-10,4450100,40.16999816894531,41.47999954223633,39.09000015258789,41.27999877929688,41.27999877929688
2022-08-09,3326600,40.27000045776367,40.27999877929688,37.9900016784668,38.560001373291016,38.560001373291016
2022-08-08,4688900,41.0099983215332,42.150001525878906,40.47999954223633,40.77000045776367,40.77000045776367
2022-08-05,3554600,38.880001068115234,40.4900016784668,37.79999923706055,40.38999938964844,40.38999938964844
2022-08-04,2907500,38.86000061035156,39.73500061035156,38.59000015258789,39.630001068115234,39.630001068115234
2022-08-03,2708400,37.88999938964844,39.310001373291016,37.88999938964844,38.970001220703125,38.970001220703125
2022-08-02,1866300,36.02999877929688,37.64500045776367,35.93000030517578,37.209999084472656,37.209999084472656
2022-08-01,1445900,36.119998931884766,37.209999084472656,35.75,36.380001068115234,36.380001068115234
2022-07-29,2498300,37.09999847412109,37.09999847412109,36.18999862670898,36.61000061035156,36.61000061035156
2022-07-28,1935600,37.5099983215332,37.959999084472656,35.869998931884766,37.27000045776367,37.27000045776367
2022-07-27,2170500,37.040000915527344,37.84000015258789,36.310001373291016,37.7599983215332,37.7599983215332
2022-07-26,2051800,36.400001525878906,37.165000915527344,35.869998931884766,36.34000015258789,36.34000015258789
2022-07-25,3152100,37.0,37.0,35.810001373291016,36.709999084472656,36.709999084472656
2022-07-22,4744400,38.9900016784668,39.22999954223633,36.59000015258789,36.79999923706055,36.79999923706055
2022-07-21,3760700,38.47999954223633,39.310001373291016,38.18000030517578,38.970001220703125,38.970001220703125
2022-07-20,3628600,37.09000015258789,38.9900016784668,37.09000015258789,38.27999877929688,38.27999877929688
2022-07-19,2208600,35.7599983215332,37.08000183105469,35.11000061035156,37.04999923706055,37.04999923706055
2022-07-18,2382800,36.959999084472656,37.54999923706055,34.9900016784668,35.220001220703125,35.220001220703125
2022-07-15,2754100,36.40999984741211,36.5099983215332,34.709999084472656,36.369998931884766,36.369998931884766
2022-07-14,2098300,36.380001068115234,36.75,35.56999969482422,36.220001220703125,36.220001220703125
2022-07-13,4359000,35.25,37.709999084472656,35.25,36.900001525878906,36.900001525878906
2022-07-12,4197700,35.790000915527344,36.59000015258789,34.56999969482422,36.470001220703125,36.470001220703125
2022-07-11,2463700,37.18999862670898,37.41999816894531,35.540000915527344,35.599998474121094,35.599998474121094
2022-07-08,3228700,36.95000076293945,38.29999923706055,36.69100189208984,37.459999084472656,37.459999084472656
2022-07-07,5289100,35.52000045776367,37.709999084472656,35.2400016784668,37.650001525878906,37.650001525878906
2022-07-06,3655200,35.58000183105469,36.56800079345703,35.11000061035156,35.400001525878906,35.400001525878906
2022-07-05,4053700,32.36000061035156,35.470001220703125,31.89999961853028,35.459999084472656,35.459999084472656
2022-07-01,2235600,31.65999984741211,32.83000183105469,31.5,32.779998779296875,32.779998779296875
2022-06-30,2277300,31.6299991607666,32.11000061035156,30.8700008392334,31.489999771118164,31.489999771118164
2022-06-29,2324400,32.349998474121094,32.459999084472656,31.440000534057617,32.16999816894531,32.16999816894531
2022-06-28,2800200,34.15999984741211,34.41999816894531,32.25,32.369998931884766,32.369998931884766
2022-06-27,1764100,34.63999938964844,34.75,33.18000030517578,34.08000183105469,34.08000183105469
2022-06-24,4452500,34.02000045776367,34.63999938964844,33.005001068115234,34.619998931884766,34.619998931884766
2022-06-23,2053100,31.299999237060547,33.7400016784668,31.15999984741211,33.65999984741211,33.65999984741211
2022-06-22,2770600,29.6299991607666,31.73500061035156,29.479999542236328,31.06999969482422,31.06999969482422
2022-06-21,3202400,30.07999992370605,31.21999931335449,30.030000686645508,30.209999084472656,30.209999084472656
2022-06-17,7808400,28.14999961853028,30.049999237060547,28.14999961853028,29.31999969482422,29.31999969482422
2022-06-16,2343600,27.790000915527344,28.084999084472656,27.21999931335449,27.920000076293945,27.920000076293945
2022-06-15,5479100,28.020000457763672,29.530000686645508,27.93000030517578,28.989999771118164,28.989999771118164
2022-06-14,3672700,27.63999938964844,27.780000686645508,26.3799991607666,27.549999237060547,27.549999237060547
2022-06-13,3278000,28.309999465942383,28.549999237060547,27.020000457763672,27.200000762939453,27.200000762939453
2022-06-10,4761700,30.790000915527344,30.96999931335449,29.32999992370605,29.559999465942383,29.559999465942383
2022-06-09,3551300,33.38999938964844,33.38999938964844,31.71999931335449,31.729999542236328,31.729999542236328
2022-06-08,3242200,32.66999816894531,34.2599983215332,32.66999816894531,33.630001068115234,33.630001068115234
2022-06-07,2593500,31.25,32.85499954223633,31.07999992370605,32.849998474121094,32.849998474121094
2022-06-06,2535300,33.029998779296875,33.47999954223633,31.32999992370605,31.690000534057617,31.690000534057617
2022-06-03,2523000,32.36000061035156,33.040000915527344,31.92799949645996,32.31999969482422,32.31999969482422
2022-06-02,2349300,31.38999938964844,33.28499984741211,31.0,33.06999969482422,33.06999969482422
2022-06-01,3807500,32.54999923706055,32.970001220703125,30.71999931335449,31.15999984741211,31.15999984741211
2022-05-31,4514600,33.41999816894531,33.650001525878906,31.65999984741211,32.2599983215332,32.2599983215332
2022-05-27,4133100,31.979999542236328,33.650001525878906,31.72900009155273,33.63999938964844,33.63999938964844
2022-05-26,4627600,31.51000022888184,32.560001373291016,31.280000686645508,31.90999984741211,31.90999984741211
2022-05-25,3698000,30.739999771118164,31.790000915527344,30.709999084472656,31.5,31.5
2022-05-24,2996400,31.86000061035156,32.130001068115234,30.600000381469727,30.90999984741211,30.90999984741211
2022-05-23,3548300,32.75,33.11000061035156,31.88999938964844,32.560001373291016,32.560001373291016
2022-05-20,4517000,33.13999938964844,33.400001525878906,30.850000381469727,32.599998474121094,32.599998474121094
2022-05-19,5596100,30.96999931335449,32.95000076293945,30.959999084472656,32.439998626708984,32.439998626708984
2022-05-18,3473500,31.8799991607666,32.77000045776367,31.030000686645508,31.25,31.25
2022-05-17,7719900,32.119998931884766,32.81999969482422,31.420000076293945,32.779998779296875,32.779998779296875
2022-05-16,4808200,32.25,32.90999984741211,31.299999237060547,31.31999969482422,31.31999969482422
2022-05-13,10223700,30.25,32.849998474121094,30.25,32.400001525878906,32.400001525878906
2022-05-12,8102100,27.575000762939453,30.280000686645508,27.46999931335449,29.520000457763672,29.520000457763672
2022-05-11,8102500,30.020000457763672,30.780000686645508,27.959999084472656,28.07999992370605,28.07999992370605
2022-05-10,7303500,30.559999465942383,31.75,28.76000022888184,30.459999084472656,30.459999084472656
2022-05-09,5299000,31.790000915527344,32.27000045776367,29.391000747680664,29.540000915527344,29.540000915527344
2022-05-06,9356700,34.099998474121094,34.13999938964844,31.92099952697754,32.720001220703125,32.720001220703125
2022-05-05,3276100,36.59000015258789,36.59000015258789,33.86000061035156,34.290000915527344,34.290000915527344
2022-05-04,3365600,35.68000030517578,37.56999969482422,34.16999816894531,37.209999084472656,37.209999084472656
2022-05-03,2515800,35.689998626708984,36.54999923706055,35.09000015258789,35.65999984741211,35.65999984741211
2022-05-02,3466800,33.810001373291016,35.77000045776367,33.5,35.7599983215332,35.7599983215332
2022-04-29,2606700,34.88999938964844,36.18000030517578,33.88999938964844,34.0,34.0
2022-04-28,4848100,35.939998626708984,36.22999954223633,33.72999954223633,35.599998474121094,35.599998474121094
2022-04-27,3263400,37.22999954223633,38.150001525878906,36.70000076293945,36.900001525878906,36.900001525878906
2022-04-26,2869200,39.09999847412109,39.5099983215332,37.060001373291016,37.13999938964844,37.13999938964844
2022-04-25,3009000,37.81999969482422,39.59999847412109,37.81999969482422,39.52000045776367,39.52000045776367
2022-04-22,3358100,38.66999816894531,39.400001525878906,37.93999862670898,38.20000076293945,38.20000076293945
2022-04-21,4240000,41.34999847412109,42.25,38.61000061035156,38.77999877929688,38.77999877929688
2022-04-20,2964800,41.68000030517578,41.68000030517578,40.29999923706055,40.77999877929688,40.77999877929688
2022-04-19,2037300,40.86000061035156,42.369998931884766,40.400001525878906,41.65999984741211,41.65999984741211
2022-04-18,2043700,42.18999862670898,42.34000015258789,40.470001220703125,40.880001068115234,40.880001068115234
2022-04-14,3182000,44.060001373291016,44.29999923706055,42.27999877929688,42.369998931884766,42.369998931884766
2022-04-13,3040700,42.900001525878906,44.47999954223633,42.63999938964844,44.18000030517578,44.18000030517578
2022-04-12,5004100,43.16999816894531,44.97999954223633,42.5099983215332,43.04999923706055,43.04999923706055
2022-04-11,4559700,43.02000045776367,43.5,41.959999084472656,42.66999816894531,42.66999816894531
2022-04-08,4598600,44.900001525878906,45.02999877929688,43.38999938964844,43.619998931884766,43.619998931884766
2022-04-07,3246300,45.02000045776367,45.90999984741211,43.77999877929688,44.84000015258789,44.84000015258789
2022-04-06,4944200,45.560001373291016,45.66999816894531,43.75,45.15999984741211,45.15999984741211
2022-04-05,3453200,48.97999954223633,49.25,46.150001525878906,46.33000183105469,46.33000183105469
2022-04-04,3427500,48.400001525878906,49.16999816894531,47.88999938964844,48.93999862670898,48.93999862670898
2022-04-01,3698700,46.459999084472656,48.43999862670898,46.33000183105469,48.02999877929688,48.02999877929688
2022-03-31,3658900,46.790000915527344,47.20000076293945,45.900001525878906,45.93000030517578,45.93000030517578
2022-03-30,3566000,48.119998931884766,49.02999877929688,46.560001373291016,46.77999877929688,46.77999877929688
2022-03-29,6074400,46.09999847412109,48.79499816894531,46.08000183105469,48.54999923706055,48.54999923706055
2022-03-28,2745800,44.81999969482422,46.20000076293945,43.9900016784668,45.5,45.5
2022-03-25,2157300,45.93999862670898,45.98799896240234,44.20000076293945,44.77000045776367,44.77000045776367
2022-03-24,1244100,45.86000061035156,45.90999984741211,43.83000183105469,45.900001525878906,45.900001525878906
2022-03-23,1541900,46.04999923706055,47.02999877929688,44.93000030517578,45.43000030517578,45.43000030517578
2022-03-22,1677900,44.79999923706055,46.83000183105469,44.59999847412109,46.52999877929688,46.52999877929688
2022-03-21,2393300,46.22999954223633,46.22999954223633,44.119998931884766,44.630001068115234,44.630001068115234
2022-03-18,2335300,44.119998931884766,46.70000076293945,44.119998931884766,46.18000030517578,46.18000030517578
2022-03-17,2339900,42.22999954223633,44.7400016784668,41.630001068115234,44.7400016784668,44.7400016784668
2022-03-16,2796200,40.209999084472656,42.619998931884766,40.209999084472656,42.619998931884766,42.619998931884766
2022-03-15,2620400,38.400001525878906,39.77000045776367,37.95000076293945,39.45000076293945,39.45000076293945
2022-03-14,3356100,40.7599983215332,41.08000183105469,37.94100189208984,38.150001525878906,38.150001525878906
2022-03-11,3276200,44.2599983215332,44.31999969482422,40.65999984741211,40.68999862670898,40.68999862670898
2022-03-10,1556000,43.70000076293945,43.869998931884766,42.70000076293945,43.56999969482422,43.56999969482422
2022-03-09,3199900,43.7599983215332,45.380001068115234,43.470001220703125,44.77000045776367,44.77000045776367
2022-03-08,3058200,41.93999862670898,44.36000061035156,41.15499877929688,42.56999969482422,42.56999969482422
2022-03-07,2878500,42.65999984741211,43.9900016784668,41.93000030517578,42.040000915527344,42.040000915527344
2022-03-04,3072000,44.16999816894531,45.459999084472656,42.4900016784668,42.79999923706055,42.79999923706055
2022-03-03,3105100,47.220001220703125,47.31999969482422,44.2599983215332,44.66999816894531,44.66999816894531
2022-03-02,2836700,47.9900016784668,47.9900016784668,45.75,46.810001373291016,46.810001373291016
2022-03-01,2844600,48.165000915527344,49.18000030517578,47.09999847412109,47.5,47.5
2022-02-28,3922700,47.369998931884766,49.119998931884766,47.040000915527344,48.380001068115234,48.380001068115234
2022-02-25,3981900,45.91999816894531,47.470001220703125,45.220001220703125,47.470001220703125,47.470001220703125
2022-02-24,4737800,40.630001068115234,46.20000076293945,40.630001068115234,45.9900016784668,45.9900016784668
2022-02-23,2896200,44.79999923706055,45.18000030517578,42.63999938964844,42.68000030517578,42.68000030517578
2022-02-22,3911000,44.68999862670898,45.959999084472656,43.95000076293945,44.22999954223633,44.22999954223633
2022-02-18,3423500,46.45000076293945,46.85900115966797,45.08000183105469,45.34999847412109,45.34999847412109
2022-02-17,3156000,48.41999816894531,48.619998931884766,46.18999862670898,46.45000076293945,46.45000076293945
2022-02-16,2908800,49.290000915527344,49.66999816894531,48.2400016784668,49.130001068115234,49.130001068115234
2022-02-15,2068600,48.720001220703125,49.90999984741211,48.2599983215332,49.77000045776367,49.77000045776367
2022-02-14,2708300,48.45000076293945,49.40999984741211,47.34000015258789,47.650001525878906,47.650001525878906
2022-02-11,4130900,49.93000030517578,51.36000061035156,48.040000915527344,48.540000915527344,48.540000915527344
2022-02-10,2580800,49.52999877929688,52.470001220703125,49.06999969482422,49.65999984741211,49.65999984741211
2022-02-09,2799300,49.33000183105469,51.380001068115234,49.15999984741211,51.130001068115234,51.130001068115234
2022-02-08,2573800,48.72999954223633,49.18999862670898,47.58000183105469,48.61000061035156,48.61000061035156
2022-02-07,3067100,48.41999816894531,50.70000076293945,48.25,49.0099983215332,49.0099983215332
2022-02-04,3732200,47.5,48.970001220703125,46.2400016784668,48.369998931884766,48.369998931884766
2022-02-03,3331700,47.84999847412109,49.15999984741211,47.310001373291016,47.45000076293945,47.45000076293945
2022-02-02,2375500,51.0,51.060001373291016,48.18999862670898,49.09000015258789,49.09000015258789
2022-02-01,3205500,50.18999862670898,50.959999084472656,48.22999954223633,50.7599983215332,50.7599983215332
2022-01-31,3767000,46.0,49.7599983215332,46.0,49.70000076293945,49.70000076293945
2022-01-28,3900500,44.18000030517578,45.97999954223633,42.83000183105469,45.93999862670898,45.93999862670898
2022-01-27,3262000,46.70000076293945,46.959999084472656,43.959999084472656,43.9900016784668,43.9900016784668
2022-01-26,7084900,47.56999969482422,49.58000183105469,45.38999938964844,45.63999938964844,45.63999938964844
2022-01-25,6184100,46.75,48.04999923706055,45.459999084472656,46.68999862670898,46.68999862670898
2022-01-24,8389500,45.22999954223633,48.2400016784668,43.09000015258789,48.02000045776367,48.02000045776367
2022-01-21,6942300,47.59000015258789,48.86000061035156,46.58000183105469,46.60499954223633,46.60499954223633
2022-01-20,4187200,48.41999816894531,51.15499877929688,47.59000015258789,47.7599983215332,47.7599983215332
2022-01-19,5934100,49.15999984741211,50.45000076293945,47.66999816894531,47.790000915527344,47.790000915527344
2022-01-18,4161700,50.470001220703125,51.47999954223633,48.560001373291016,48.68000030517578,48.68000030517578
2022-01-14,4407500,50.59000015258789,51.93000030517578,49.68000030517578,51.58000183105469,51.58000183105469
2022-01-13,5600700,53.45000076293945,53.459999084472656,50.93000030517578,51.04999923706055,51.04999923706055
2022-01-12,3536400,56.13999938964844,56.77000045776367,53.25,53.41999816894531,53.41999816894531
2022-01-11,3472000,53.97999954223633,56.0,53.61000061035156,55.68000030517578,55.68000030517578
2022-01-10,6022400,53.77999877929688,54.290000915527344,51.68999862670898,54.2599983215332,54.2599983215332
2022-01-07,4167600,55.0,57.54999923706055,54.20000076293945,54.25,54.25
2022-01-06,4863900,55.77000045776367,56.88999938964844,53.470001220703125,55.060001373291016,55.060001373291016
2022-01-05,4637600,59.91999816894531,60.56999969482422,55.93999862670898,55.95000076293945,55.95000076293945
2022-01-04,2753400,63.59000015258789,63.59000015258789,59.18999862670898,60.25,60.25
2022-01-03,5028300,61.709999084472656,63.2599983215332,60.02999877929688,63.2599983215332,63.2599983215332
2021-12-31,2481100,62.209999084472656,63.650001525878906,61.18999862670898,61.2400016784668,61.2400016784668
2021-12-30,2979900,59.869998931884766,63.49800109863281,59.83000183105469,62.18999862670898,62.18999862670898
2021-12-29,2498100,60.47999954223633,60.68000030517578,59.5099983215332,60.060001373291016,60.060001373291016
2021-12-28,2814100,62.0099983215332,63.5099983215332,60.959999084472656,60.959999084472656,60.57799911499024
2021-12-27,2893700,64.08000183105469,64.23999786376953,61.900001525878906,62.2400016784668,61.849979400634766
2021-12-23,2158300,64.63999938964844,64.91999816894531,63.25,64.4000015258789,63.99644470214844
2021-12-22,2317600,64.4000015258789,65.8499984741211,63.72999954223633,64.61000061035156,64.20512390136719
2021-12-21,2335900,63.59000015258789,65.0199966430664,62.84000015258789,64.97000122070312,64.56287384033203
2021-12-20,3416600,62.900001525878906,63.83000183105469,61.34000015258789,62.880001068115234,62.48596954345703
2021-12-17,4657900,59.0,64.45999908447266,58.209999084472656,64.01000213623047,63.60889053344727
2021-12-16,4680900,63.15999984741211,63.77999877929688,59.220001220703125,59.459999084472656,59.087398529052734
2021-12-15,4066900,59.86000061035156,62.68999862670898,58.90999984741211,62.43000030517578,62.03878784179688
2021-12-14,5344800,59.5099983215332,61.119998931884766,58.65999984741211,59.880001068115234,59.50476837158203
2021-12-13,3888200,60.790000915527344,61.90999984741211,59.16999816894531,60.52000045776367,60.1407585144043
2021-12-10,2671400,62.459999084472656,63.81999969482422,60.45000076293945,60.650001525878906,60.26994323730469
2021-12-09,3800600,64.56999969482422,64.94999694824219,61.630001068115234,61.72999954223633,61.34317398071289
2021-12-08,4401400,63.68000030517578,65.76799774169922,61.84000015258789,65.11000061035156,64.70199584960938
2021-12-07,5511200,61.0,64.77999877929688,60.88999938964844,63.810001373291016,63.41014099121094
2021-12-06,5861200,58.36000061035156,59.47999954223633,56.08000183105469,59.2599983215332,58.888648986816406
2021-12-03,6659800,61.77999877929688,61.790000915527344,57.65999984741211,58.38999938964844,58.02410507202149
2021-12-02,3799500,60.400001525878906,62.38999938964844,59.5099983215332,61.380001068115234,60.99536895751953
2021-12-01,6850200,64.30000305175781,64.6510009765625,60.43999862670898,60.459999084472656,60.08113098144531
2021-11-30,5701800,63.435001373291016,65.2300033569336,62.18000030517578,63.369998931884766,62.97289657592773
2021-11-29,4488100,65.48999786376953,65.77999877929688,62.95000076293945,63.68000030517578,63.28095626831055
2021-11-26,2391600,64.48999786376953,66.2300033569336,64.25,64.61000061035156,64.20512390136719
2021-11-24,3472700,63.5,65.31600189208984,62.470001220703125,65.16000366210938,64.7516860961914
2021-11-23,4778100,65.06999969482422,65.20999908447266,62.66999816894531,64.18000030517578,63.7778205871582
2021-11-22,5791600,68.48999786376953,68.48999786376953,65.06999969482422,65.06999969482422,64.66224670410156
2021-11-19,3384500,68.98999786376953,69.91000366210938,68.29000091552734,68.52999877929688,68.1005630493164
2021-11-18,3541600,71.87000274658203,72.16000366210938,68.84500122070312,69.12000274658203,68.6868667602539
2021-11-17,3431200,73.0,73.26000213623047,71.19999694824219,71.56999969482422,71.12151336669922
2021-11-16,2569400,71.87000274658203,73.26000213623047,71.16999816894531,73.16000366210938,72.70155334472656
2021-11-15,3945300,73.62000274658203,73.7300033569336,71.61000061035156,71.72000122070312,71.27057647705078
2021-11-12,2081900,73.81999969482422,74.0,72.54000091552734,73.41999816894531,72.95991516113281
2021-11-11,1874600,74.43000030517578,74.58999633789062,73.27999877929688,73.58999633789062,73.12885284423828
2021-11-10,4215200,76.11000061035156,77.13999938964844,73.33000183105469,73.58999633789062,73.12885284423828
2021-11-09,2996300,78.1500015258789,78.5,76.25,76.66999816894531,76.1895523071289
2021-11-08,2173500,78.1050033569336,79.37000274658203,78.02999877929688,78.5999984741211,78.10746002197266
2021-11-05,2687900,78.48999786376953,79.5999984741211,77.04000091552734,77.94999694824219,77.46153259277344
2021-11-04,2404200,78.4000015258789,79.41999816894531,78.0,78.63999938964844,78.14720916748047
2021-11-03,2200800,76.6500015258789,78.43000030517578,75.87000274658203,78.27999877929688,77.78946685791016
2021-11-02,2550100,77.61499786376953,77.61499786376953,76.08999633789062,76.83000183105469,76.34855651855469
2021-11-01,2699400,75.1500015258789,77.75,75.05000305175781,77.4800033569336,76.9944839477539
2021-10-29,1534900,76.0999984741211,76.27999877929688,75.0,75.0999984741211,74.62938690185547
2021-10-28,2398400,73.87000274658203,76.75,73.83000183105469,76.62999725341797,76.1498031616211
2021-10-27,2181300,75.66000366210938,76.0999984741211,74.02999877929688,74.05000305175781,73.58597564697266
2021-10-26,3134500,76.19999694824219,76.94999694824219,75.31999969482422,75.63999938964844,75.16600799560547
2021-10-25,2023600,74.77999877929688,76.19999694824219,74.12999725341797,75.86000061035156,75.38462829589844
2021-10-22,1509500,75.62000274658203,75.62000274658203,74.00199890136719,74.80999755859375,74.3412094116211
2021-10-21,1112600,75.72000122070312,76.4800033569336,75.38999938964844,75.73999786376953,75.265380859375
2021-10-20,1519300,76.48999786376953,76.69999694824219,75.4800033569336,75.62999725341797,75.15606689453125
2021-10-19,3549700,74.16000366210938,76.83999633789062,74.05999755859375,76.33999633789062,75.86161804199219
2021-10-18,1613900,74.51000213623047,74.6500015258789,73.4000015258789,73.80000305175781,73.33753967285156
2021-10-15,1913200,76.04000091552734,76.22000122070312,74.8550033569336,75.05000305175781,74.5797119140625
2021-10-14,2278700,74.5,75.93000030517578,74.5,75.43000030517578,74.95732116699219
2021-10-13,1174400,72.83000183105469,73.9000015258789,72.83000183105469,73.6500015258789,73.1884765625
2021-10-12,1110300,71.58999633789062,73.23999786376953,71.58999633789062,72.80000305175781,72.34381103515625
2021-10-11,1471300,71.88999938964844,72.61299896240234,71.30000305175781,71.38999938964844,70.94264221191406
2021-10-08,2590500,73.45999908447266,73.5999984741211,71.75,71.87999725341797,71.4295654296875
2021-10-07,1598900,72.43000030517578,74.24400329589844,72.30000305175781,73.5999984741211,73.1387939453125
2021-10-06,1650300,71.79000091552734,72.58000183105469,71.21099853515625,71.77999877929688,71.33019256591797
2021-10-05,1295700,72.38999938964844,73.7300033569336,72.16000366210938,72.72000122070312,72.2643051147461
2021-10-04,2648200,74.3499984741211,74.3499984741211,71.66000366210938,71.8499984741211,71.3997573852539
2021-10-01,2022800,74.95999908447266,75.08000183105469,73.16000366210938,74.86000061035156,74.39089965820312
2021-09-30,1817400,74.55999755859375,75.54000091552734,74.16000366210938,74.72000122070312,74.25177764892578
2021-09-29,3445800,75.58000183105469,76.19000244140625,73.7699966430664,73.87000274658203,73.4071044921875
2021-09-28,5270600,77.33999633789062,77.36000061035156,74.95999908447266,75.25,74.77845001220703
2021-09-27,2380200,78.5199966430664,78.6500015258789,76.63999938964844,78.25,77.75965118408203
2021-09-24,2733200,80.69999694824219,81.02999877929688,78.62000274658203,78.6500015258789,78.15715026855469
2021-09-23,1264600,81.18000030517578,81.45999908447266,80.35199737548828,81.37999725341797,80.87003326416016
2021-09-22,1601500,81.55000305175781,81.75,80.56999969482422,80.81999969482422,80.31354522705078
2021-09-21,1665300,81.08999633789062,82.12000274658203,80.7699966430664,81.30000305175781,80.79054260253906
2021-09-20,3604400,81.30000305175781,82.5,79.37000274658203,80.33000183105469,79.82662200927734
2021-09-17,2144200,81.43000030517578,84.11000061035156,81.23999786376953,83.93000030517578,83.40406036376953
2021-09-16,1253300,81.04000091552734,81.69000244140625,79.83999633789062,81.4800033569336,80.96941375732422
2021-09-15,1763900,80.6500015258789,81.69999694824219,79.88999938964844,81.18000030517578,80.67129516601562
2021-09-14,1424700,81.91999816894531,82.72000122070312,80.44000244140625,80.7699966430664,80.26385498046875
2021-09-13,1890500,84.19999694824219,84.25,81.12999725341797,81.83000183105469,81.31722259521484
2021-09-10,1339600,84.91999816894531,84.91999816894531,83.6050033569336,83.73999786376953,83.21524810791016
2021-09-09,1242900,83.76000213623047,85.80000305175781,83.68000030517578,84.30999755859375,83.78167724609375
2021-09-08,1642200,85.47000122070312,85.75,83.33999633789062,83.9000015258789,83.37425231933594
2021-09-07,1577300,87.0999984741211,87.87000274658203,85.77999877929688,85.94000244140625,85.4014663696289
2021-09-03,738900,87.93000030517578,87.9800033569336,86.87000274658203,87.31999969482422,86.77281951904297
2021-09-02,1059700,87.27999877929688,87.96499633789062,86.91000366210938,87.87999725341797,87.32930755615234
2021-09-01,1629100,85.8499984741211,87.76000213623047,85.80000305175781,86.98999786376953,86.44488525390625
2021-08-31,1647000,84.7699966430664,85.80999755859375,84.68000030517578,85.68000030517578,85.14309692382812
2021-08-30,1101500,85.0,85.70999908447266,84.44000244140625,85.0,84.46735382080078
2021-08-27,1899200,83.12999725341797,85.61000061035156,82.66999816894531,84.91000366210938,84.37792205810547
2021-08-26,1354500,83.74500274658203,84.58000183105469,82.44999694824219,82.81999969482422,82.30101776123047
2021-08-25,1221500,83.6500015258789,84.47899627685547,83.0199966430664,83.94999694824219,83.42393493652344
2021-08-24,1492900,82.98999786376953,83.86000061035156,82.16999816894531,83.77999877929688,83.25499725341797
2021-08-23,1758800,80.45999908447266,82.70999908447266,80.45999908447266,82.55999755859375,82.04264068603516
2021-08-20,2306300,78.0,80.16000366210938,78.0,79.7300033569336,79.23038482666016
2021-08-19,2683500,79.33000183105469,80.05000305175781,78.5199966430664,78.68000030517578,78.18695831298828
2021-08-18,1384400,80.1500015258789,81.41000366210938,79.23999786376953,80.12000274658203,79.61793518066406
2021-08-17,3175900,79.66999816894531,80.27999877929688,78.83000183105469,80.18000030517578,79.67755889892578
2021-08-16,2125200,81.86000061035156,81.93000030517578,79.33000183105469,80.68000030517578,80.17442321777344
2021-08-13,1257600,83.69999694824219,83.8499984741211,82.05000305175781,82.20999908447266,81.69483947753906
2021-08-12,1187400,83.27999877929688,83.95999908447266,83.11000061035156,83.62999725341797,83.1059341430664
2021-08-11,2039200,84.77999877929688,84.83000183105469,82.38999938964844,83.55000305175781,83.02644348144531
2021-08-10,2220200,87.94999694824219,88.02999877929688,84.43000030517578,84.66000366210938,84.12948608398438
2021-08-09,1779800,86.87999725341797,88.0999984741211,86.41999816894531,87.30999755859375,86.76287841796875
2021-08-06,2000300,88.81999969482422,88.9000015258789,86.45999908447266,86.98999786376953,86.44488525390625
2021-08-05,2740400,85.19000244140625,89.11000061035156,84.91000366210938,88.97000122070312,88.4124755859375
2021-08-04,2260000,84.1500015258789,85.76000213623047,84.08999633789062,85.2699966430664,84.73565673828125
2021-08-03,1225500,84.69999694824219,84.91000366210938,83.44999694824219,84.79000091552734,84.25867462158203
2021-08-02,2019400,84.37000274658203,85.29000091552734,83.55999755859375,84.45999908447266,83.93074035644531
2021-07-30,1855100,84.30999755859375,85.93199920654297,84.2300033569336,84.3499984741211,83.82142639160156
2021-07-29,2428400,85.41999816894531,85.95999908447266,84.69000244140625,85.0199966430664,84.48722839355469
2021-07-28,3488300,82.26000213623047,85.79000091552734,82.26000213623047,85.27999877929688,84.74559783935547
2021-07-27,2570000,83.5,83.8499984741211,80.83000183105469,82.63999938964844,82.12214660644531
2021-07-26,2067300,85.0,85.70999908447266,83.53500366210938,83.9800033569336,83.45375061035156
2021-07-23,1964900,86.41000366210938,86.5,84.33000183105469,85.66000366210938,85.12322235107422
2021-07-22,1462100,86.66999816894531,87.44999694824219,85.91000366210938,86.1500015258789,85.61015319824219
2021-07-21,1678200,85.75,87.41000366210938,84.73999786376953,87.11000061035156,86.56413269042969
2021-07-20,2055300,83.55999755859375,86.0199966430664,83.36000061035156,85.8499984741211,85.31202697753906
2021-07-19,3572700,81.0999984741211,84.45500183105469,81.08999633789062,83.52999877929688,83.0065689086914
2021-07-16,2974000,82.79000091552734,83.76000213623047,81.62999725341797,82.87999725341797,82.36063385009766
2021-07-15,4035900,82.83000183105469,83.55000305175781,80.73999786376953,82.37999725341797,81.86376953125
2021-07-14,5431900,86.68000030517578,87.0,82.81999969482422,83.18000030517578,82.65876007080078
2021-07-13,2878800,88.43499755859375,88.58999633789062,86.30000305175781,86.37999725341797,85.83870697021484
2021-07-12,2464800,90.0,90.7300033569336,88.38999938964844,88.5,87.94541931152344
2021-07-09,2836800,88.88999938964844,90.25,87.94000244140625,89.98999786376953,89.42608642578125
2021-07-08,3176700,86.20999908447266,89.08999633789062,85.62000274658203,88.68000030517578,88.12429809570312
2021-07-07,3367400,90.5999984741211,91.06999969482422,87.66000366210938,88.69999694824219,88.1441650390625
2021-07-06,2482500,91.69000244140624,91.83999633789062,90.11000061035156,90.68000030517578,90.11176300048828
2021-07-02,1727800,93.27999877929688,93.62999725341795,91.25,92.02999877929688,91.45330047607422
2021-07-01,1928900,92.8000030517578,93.47000122070312,91.0,92.86000061035156,92.2780990600586
2021-06-30,2964900,93.0999984741211,94.13999938964844,91.58000183105467,92.5,91.92035675048828
2021-06-29,2646300,93.0500030517578,93.97000122070312,92.16000366210938,93.0999984741211,92.51659393310548
2021-06-28,6817700,92.77999877929688,93.66000366210938,92.3499984741211,93.01000213623048,92.42716217041016
2021-06-25,2564200,89.69999694824219,90.22000122070312,88.98500061035156,90.08000183105467,89.5155258178711
2021-06-24,3189000,88.83000183105469,90.3499984741211,88.83000183105469,89.62000274658203,89.05840301513672
2021-06-23,1665500,87.54000091552734,88.87999725341797,87.54000091552734,88.5199966430664,87.96529388427734
2021-06-22,2256200,87.04000091552734,87.83000183105469,86.58999633789062,87.68000030517578,87.13056182861328
2021-06-21,2119600,86.5999984741211,87.9000015258789,85.19000244140625,87.41999816894531,86.87218475341797
2021-06-18,3179300,86.05000305175781,87.38999938964844,85.83999633789062,86.62000274658203,86.07720947265625
2021-06-17,4176000,84.37000274658203,87.70999908447266,84.3499984741211,87.16000366210938,86.61382293701172
2021-06-16,2842500,85.2699966430664,85.91000366210938,82.98999786376953,85.0199966430664,84.48722839355469
2021-06-15,3104100,87.5,87.5,84.79000091552734,85.55000305175781,85.01390838623047
2021-06-14,2490000,87.37999725341797,88.25,86.93000030517578,87.58999633789062,87.04112243652344
2021-06-11,2121400,87.01000213623047,87.58000183105469,86.1500015258789,86.93000030517578,86.38526153564453
2021-06-10,4741800,85.11000061035156,87.55000305175781,84.37000274658203,87.30999755859375,86.76287841796875
2021-06-09,3076700,84.33999633789062,85.98999786376953,84.33999633789062,85.01000213623047,84.477294921875
2021-06-08,2212200,84.05999755859375,84.69000244140625,81.9800033569336,83.97000122070312,83.44380950927734
2021-06-07,4020600,80.26000213623047,83.93000030517578,80.26000213623047,83.1500015258789,82.62895202636719
2021-06-04,1274600,79.76000213623047,81.0199966430664,79.76000213623047,80.29000091552734,79.78687286376953
2021-06-03,2259700,80.08000183105469,80.94999694824219,78.52999877929688,79.18000030517578,78.68382263183594
2021-06-02,2246800,81.02999877929688,81.91999816894531,80.29000091552734,81.06999969482422,80.56198120117188
2021-06-01,2993900,82.45999908447266,82.48999786376953,79.94000244140625,81.30000305175781,80.79054260253906
2021-05-28,2330600,81.66999816894531,84.05000305175781,81.54000091552734,81.75,81.23772430419922
2021-05-27,2323500,80.5999984741211,81.38999938964844,79.41999816894531,81.33000183105469,80.82035064697266
2021-05-26,2304500,79.6500015258789,80.88999938964844,79.2699966430664,80.83000183105469,80.323486328125
2021-05-25,2032400,79.3499984741211,80.41999816894531,78.76000213623047,79.4800033569336,78.98194885253906
2021-05-24,1945500,78.79000091552734,79.83999633789062,78.45999908447266,79.04000091552734,78.5447006225586
2021-05-21,2724500,79.13999938964844,79.9800033569336,78.26000213623047,78.37000274658203,77.87890625
2021-05-20,3549200,77.05999755859375,79.4280014038086,76.9000015258789,78.7699966430664,78.2763900756836
2021-05-19,4359500,75.68000030517578,77.18000030517578,75.36000061035156,76.47000122070312,75.99080657958984
2021-05-18,3773700,76.5,79.66999816894531,75.98999786376953,77.9000015258789,77.41184997558594
2021-05-17,2609700,75.7699966430664,76.83000183105469,74.94000244140625,76.38999938964844,75.91130828857422
2021-05-14,3511600,74.44999694824219,77.0199966430664,74.33999633789062,76.55999755859375,76.08023834228516
2021-05-13,5428200,75.33999633789062,76.62000274658203,72.06999969482422,73.63999938964844,73.17854309082031
2021-05-12,4140600,75.62000274658203,76.93499755859375,74.66000366210938,74.98999786376953,74.52008056640625
2021-05-11,7074000,72.5,77.87999725341797,72.45500183105469,76.93000030517578,76.44792175292969
2021-05-10,7324500,80.44000244140625,80.44999694824219,76.0999984741211,76.12999725341797,75.65293884277344
2021-05-07,3643300,80.9000015258789,83.05999755859375,80.43000030517578,80.87000274658203,80.36323547363281
2021-05-06,6115400,81.20999908447266,81.4000015258789,78.19999694824219,79.83999633789062,79.33968353271484
2021-05-05,3157400,83.81999969482422,84.27799987792969,81.56999969482422,82.08999633789062,81.5755844116211
2021-05-04,4958400,85.02999877929688,85.18000030517578,82.23999786376953,83.41999816894531,82.89725494384766
2021-05-03,2718100,89.22000122070312,89.48999786376953,86.22000122070312,86.48999786376953,85.94801330566406
2021-04-30,1858900,88.44999694824219,90.01000213623047,88.31999969482422,88.87000274658203,88.31310272216797
2021-04-29,2657100,91.51000213623048,91.8000030517578,88.30000305175781,89.63999938964844,89.07827758789062
2021-04-28,1970200,91.29000091552734,92.37000274658205,90.2300033569336,91.58000183105467,91.0061264038086
2021-04-27,1447500,92.77999877929688,92.9800033569336,91.05999755859376,92.16000366210938,91.58248901367188
2021-04-26,2088300,89.88700103759766,92.76000213623048,89.31999969482422,92.33999633789062,91.7613525390625
2021-04-23,1630300,88.5,89.93000030517578,88.30000305175781,89.58000183105469,89.0186538696289
2021-04-22,2501700,88.22000122070312,90.1999969482422,87.73999786376953,88.46499633789062,87.91063690185547
2021-04-21,2305600,85.05000305175781,88.2300033569336,84.69000244140625,88.12000274658203,87.56780242919922
2021-04-20,2868300,85.97000122070312,87.44000244140625,84.24199676513672,85.87000274658203,85.3319091796875
2021-04-19,4500500,87.63999938964844,88.80000305175781,85.16999816894531,86.63999938964844,86.09707641601562
2021-04-16,2507500,90.38999938964844,90.5500030517578,87.91999816894531,88.69999694824219,88.1441650390625
2021-04-15,1853800,90.80999755859376,91.4499969482422,90.02999877929688,90.33999633789062,89.77388763427734
2021-04-14,2877900,89.80999755859375,91.93800354003906,89.25,89.47000122070312,88.90934753417969
2021-04-13,2444400,86.33999633789062,89.45999908447266,86.33999633789062,89.31999969482422,88.76028442382812
2021-04-12,2136600,87.0,87.29000091552734,85.06999969482422,86.62000274658203,86.07720947265625
2021-04-09,2290800,88.11000061035156,88.3499984741211,86.86000061035156,87.73999786376953,87.190185546875
2021-04-08,2398400,88.08999633789062,89.8499984741211,88.0009994506836,88.68000030517578,88.12429809570312
2021-04-07,2274000,90.6500015258789,90.6500015258789,87.29000091552734,87.73999786376953,87.190185546875
2021-04-06,1939500,90.56999969482422,92.02999877929688,89.86100006103516,90.8000030517578,90.23101043701172
2021-04-05,1820900,91.20999908447266,91.37000274658205,89.77999877929688,90.79000091552734,90.2210693359375
2021-04-01,3590900,90.33999633789062,92.18000030517578,89.2300033569336,89.51000213623047,88.9490966796875
2021-03-31,4023200,85.25,89.22000122070312,85.0999984741211,88.7300033569336,88.17398071289062
2021-03-30,3338600,82.19000244140625,84.86000061035156,80.87000274658203,84.41999816894531,83.8909912109375
2021-03-29,2270200,83.98999786376953,84.58000183105469,82.30000305175781,83.05999755859375,82.53951263427734
2021-03-26,3559100,84.98999786376953,85.83999633789062,82.04100036621094,84.58000183105469,84.04998779296875
2021-03-25,4896300,82.29000091552734,85.19499969482422,81.05000305175781,84.97000122070312,84.43754577636719
2021-03-24,6243600,89.5199966430664,89.68000030517578,84.45999908447266,84.72000122070312,84.1891098022461
2021-03-23,4147800,91.91000366210938,92.0199966430664,88.63999938964844,89.31999969482422,88.76028442382812
2021-03-22,3296300,91.9800033569336,93.98999786376952,90.83000183105467,92.91999816894533,92.33772277832033
2021-03-19,3034800,88.69000244140625,91.19000244140624,88.48999786376953,90.87000274658205,90.30057525634766
2021-03-18,3000000,91.36000061035156,91.58999633789062,88.31999969482422,88.66000366210938,88.10442352294922
2021-03-17,3636400,89.95999908447266,94.19000244140624,88.8499984741211,92.98999786376952,92.40728759765624
2021-03-16,3830200,94.91999816894533,95.25,90.4499969482422,92.3000030517578,91.72161102294922
2021-03-15,3164500,92.2300033569336,94.11000061035156,91.5,93.86000061035156,93.27183532714844
2021-03-12,2989600,91.47000122070312,91.81999969482422,89.33000183105469,91.8000030517578,91.22474670410156
2021-03-11,5712500,91.01000213623048,93.43000030517578,90.6999969482422,93.1999969482422,92.615966796875
2021-03-10,5634300,90.72000122070312,91.93000030517578,88.12000274658203,88.25,87.69699096679688
2021-03-09,6606700,85.38999938964844,88.94000244140625,85.30000305175781,87.98999786376953,87.43861389160156
2021-03-08,8026800,84.55999755859375,87.16000366210938,81.04000091552734,81.73999786376953,81.227783203125
2021-03-05,13971300,85.5,85.97000122070312,78.25,85.13999938964844,84.60647583007812
2021-03-04,12734400,88.81999969482422,90.6500015258789,83.22000122070312,85.12999725341797,84.5965347290039
2021-03-03,6566600,95.5999984741211,95.6999969482422,89.83999633789062,90.33000183105467,89.76395416259766
2021-03-02,3674400,98.26000213623048,98.7300033569336,95.87999725341795,95.95999908447266,95.35867309570312
2021-03-01,5656600,96.12000274658205,98.3000030517578,95.5999984741211,97.79000091552734,97.17720794677734
2021-02-26,7730800,93.0999984741211,95.47899627685548,90.16999816894533,93.51000213623048,92.9240264892578
2021-02-25,9233300,97.6999969482422,98.54000091552734,91.93000030517578,93.12999725341795,92.5464096069336
2021-02-24,6572100,98.58999633789062,100.98999786376952,96.83000183105467,98.83999633789062,98.22062683105467
2021-02-23,13350200,97.3000030517578,99.13999938964844,91.2509994506836,98.62000274658205,98.00200653076172
2021-02-22,7935900,106.3000030517578,106.5500030517578,101.23999786376952,101.72000122070312,101.08258056640624
2021-02-19,4566200,107.0999984741211,108.97100067138672,106.58000183105467,107.45999908447266,106.78661346435548
2021-02-18,4907900,105.2300033569336,106.5999984741211,103.16999816894533,105.6999969482422,105.03763580322266
2021-02-17,7041400,108.5999984741211,108.68199920654295,104.5199966430664,107.88999938964844,107.2139129638672
2021-02-16,6786500,114.06999969482422,114.33000183105467,109.47000122070312,109.63999938964844,108.95294952392578
2021-02-12,3862500,110.76000213623048,112.0999984741211,108.76000213623048,112.01000213623048,111.30809783935548
2021-02-11,4977600,112.30999755859376,112.48999786376952,109.31999969482422,110.95999908447266,110.26467895507812
2021-02-10,6949400,114.25,115.1500015258789,109.05999755859376,110.58000183105467,109.8870620727539
2021-02-09,5621200,112.6999969482422,113.41999816894533,111.70999908447266,112.01000213623048,111.30809783935548
2021-02-08,5986500,110.80999755859376,112.58000183105467,110.5999984741211,112.2300033569336,111.52672576904295
2021-02-05,4275300,109.01000213623048,109.3759994506836,107.76000213623048,108.90499877929688,108.2225570678711
2021-02-04,3946000,108.5500030517578,109.5,107.51599884033205,108.93000030517578,108.24739837646484
2021-02-03,5220200,110.3000030517578,110.3000030517578,107.18000030517578,107.22000122070312,106.5481185913086
2021-02-02,5500700,107.05999755859376,108.98999786376952,106.66500091552734,107.9800033569336,107.30335235595705
2021-02-01,4522300,104.0999984741211,104.9000015258789,102.1500015258789,104.7300033569336,104.07372283935548
2021-01-29,6060700,102.5999984741211,104.4000015258789,100.12000274658205,101.93000030517578,101.29126739501952
2021-01-28,6477400,100.9800033569336,104.8499984741211,100.9800033569336,103.2699966430664,102.62286376953124
2021-01-27,10447400,102.48999786376952,103.97000122070312,98.37999725341795,100.70999908447266,100.07891082763672
2021-01-26,6178200,110.9000015258789,112.0,104.97000122070312,105.25,104.59046173095705
2021-01-25,5434600,111.41999816894533,112.8499984741211,107.97000122070312,110.69000244140624,109.99637603759766
2021-01-22,4026700,108.55999755859376,110.72000122070312,108.33999633789062,110.54000091552734,109.8473129272461
2021-01-21,6330900,113.33000183105467,113.5,109.16000366210938,109.54000091552734,108.85357666015624
2021-01-20,6391600,113.63999938964844,114.83000183105467,112.38999938964844,112.47000122070312,111.76522064208984
2021-01-19,5662100,110.6999969482422,111.91000366210938,109.5500030517578,111.87000274658205,111.16897583007812
2021-01-15,9310200,110.75,112.41000366210938,107.36000061035156,107.95999908447266,107.28347778320312
2021-01-14,6109800,106.51000213623048,110.11000061035156,106.18000030517578,109.3000030517578,108.61508178710938
2021-01-13,4378300,105.0,107.0999984741211,103.95999908447266,105.5999984741211,104.93826293945312
2021-01-12,3957100,105.2699966430664,106.30999755859376,103.25,104.33999633789062,103.6861572265625
2021-01-11,5248900,104.70999908447266,105.62000274658205,102.02999877929688,104.4499969482422,103.79547119140624
2021-01-08,8526800,105.0500030517578,109.27999877929688,103.23999786376952,105.86000061035156,105.19664001464844
2021-01-07,6784100,97.4000015258789,103.62999725341795,97.1750030517578,103.37999725341795,102.732177734375
2021-01-06,6512200,93.52999877929688,97.26699829101562,93.02999877929688,95.27999877929688,94.68293762207033
2021-01-05,5445300,92.18000030517578,94.4800033569336,92.18000030517578,94.375,93.78360748291016
2021-01-04,7600200,94.1999969482422,94.5999984741211,91.41999816894533,93.13999938964844,92.55634307861328
2020-12-31,7883600,96.41999816894533,96.54000091552734,92.05999755859376,93.26000213623048,92.67559814453124
2020-12-30,5468000,95.55999755859376,97.55999755859376,95.3000030517578,96.04000091552734,95.43817138671876
2020-12-29,15040000,99.6500015258789,99.66000366210938,90.4499969482422,94.12999725341795,93.5401382446289
2020-12-28,7030500,105.8000030517578,106.16000366210938,101.46499633789062,101.62000274658205,100.19815826416016
2020-12-24,4206900,105.97000122070312,106.5,102.29000091552734,103.0999984741211,101.6574478149414
2020-12-23,7118300,108.01000213623048,108.13999938964844,103.20999908447266,105.20999908447266,103.73792266845705
2020-12-22,8417900,104.9000015258789,106.16999816894533,102.55999755859376,105.52999877929688,104.05345153808594
2020-12-21,7246800,94.51000213623048,101.66000366210938,93.61000061035156,100.4499969482422,99.04452514648438
2020-12-18,2702100,95.0999984741211,95.33999633789062,93.97000122070312,94.70999908447266,93.38484191894533
2020-12-17,2460600,94.25,94.65799713134766,93.3499984741211,94.08999633789062,92.77351379394533
2020-12-16,3774800,95.25,95.322998046875,93.2040023803711,93.31999969482422,92.01428985595705
2020-12-15,5706600,97.5500030517578,97.81300354003906,92.87999725341795,94.68000030517578,93.35526275634766
2020-12-14,5103800,99.68000030517578,101.18000030517578,95.4800033569336,95.63999938964844,94.30183410644533
2020-12-11,4370100,97.6999969482422,98.6500015258789,94.5,95.86000061035156,94.51874542236328
2020-12-10,4003200,90.63999938964844,98.5,90.5999984741211,97.45999908447266,96.09635925292967
2020-12-09,4309100,96.0,97.0,90.72000122070312,91.77999877929688,90.49583435058594
2020-12-08,3217100,95.7300033569336,95.77999877929688,93.5999984741211,94.66000366210938,93.33554077148438
2020-12-07,5420200,91.7699966430664,96.98999786376952,91.5,94.66000366210938,93.33554077148438
2020-12-04,3185500,87.54000091552734,89.79000091552734,86.19999694824219,89.66999816894531,88.41535949707031
2020-12-03,2429100,83.83999633789062,86.58000183105469,82.9000015258789,86.13999938964844,84.93475341796875
2020-12-02,1757200,82.41000366210938,83.0999984741211,80.66999816894531,82.87000274658203,81.71051025390625
2020-12-01,3019700,83.29000091552734,85.08999633789062,82.18900299072266,82.9800033569336,81.8189697265625
2020-11-30,2353000,81.06999969482422,81.80999755859375,78.05000305175781,81.69999694824219,80.55686950683594
2020-11-27,1100500,75.5999984741211,79.63999938964844,75.33999633789062,79.61000061035156,78.49612426757812
2020-11-25,1020200,75.12000274658203,75.33000183105469,74.31400299072266,74.7300033569336,73.68440246582031
2020-11-24,1887600,78.37000274658203,78.37000274658203,74.66300201416016,74.72000122070312,73.6745376586914
2020-11-23,1781100,77.2300033569336,78.02999877929688,76.0999984741211,77.05999755859375,75.98179626464844
2020-11-20,1106100,75.48999786376953,76.66999816894531,74.61000061035156,76.44999694824219,75.38032531738281
2020-11-19,1015700,74.48999786376953,75.5199966430664,74.13999938964844,75.08999633789062,74.03935241699219
2020-11-18,1468500,74.9000015258789,75.9000015258789,74.22000122070312,74.2699966430664,73.23082733154297
2020-11-17,1030200,74.02999877929688,74.52999877929688,72.69999694824219,74.4800033569336,73.43789672851562
2020-11-16,1491900,75.41000366210938,75.41000366210938,72.80699920654297,73.68000030517578,72.64908599853516
2020-11-13,943200,74.22000122070312,75.08000183105469,73.65299987792969,74.08999633789062,73.0533447265625
2020-11-12,1152200,73.69999694824219,74.61000061035156,72.52999877929688,73.27999877929688,72.25468444824219
2020-11-11,1235900,70.87000274658203,73.2699966430664,70.67500305175781,73.0999984741211,72.07720184326172
2020-11-10,1111600,70.16999816894531,70.58000183105469,66.95999908447266,69.33000183105469,68.35994720458984
2020-11-09,2243500,77.41000366210938,77.4800033569336,69.80000305175781,69.94999694824219,68.97127532958984
2020-11-06,1044800,72.87000274658203,73.54199981689453,71.19999694824219,72.79000091552734,71.77154541015625
2020-11-05,1957400,72.23999786376953,73.27999877929688,71.0999984741211,73.06999969482422,72.04762268066406
2020-11-04,1464900,69.33000183105469,70.82599639892578,68.72000122070312,69.95999908447266,68.98113250732422
2020-11-03,811000,66.11000061035156,67.5989990234375,65.01000213623047,67.08000183105469,66.14143371582031
2020-11-02,1125100,66.75,66.75,64.33100128173828,65.5,64.58354187011719
2020-10-30,1404000,67.8499984741211,68.41999816894531,64.9000015258789,65.73999786376953,64.82018280029297
2020-10-29,835300,68.3499984741211,68.9000015258789,67.66999816894531,68.54000091552734,67.58100128173828
2020-10-28,993500,69.45999908447266,69.51000213623047,67.93000030517578,68.3499984741211,67.39366149902344
2020-10-27,823900,69.4000015258789,71.30000305175781,69.36499786376953,71.05000305175781,70.05589294433594
2020-10-26,1230800,69.62999725341797,71.16999816894531,68.14299774169922,69.11000061035156,68.14303588867188
2020-10-23,675000,69.87999725341797,70.12100219726562,68.70999908447266,70.11000061035156,69.12904357910156
2020-10-22,1011500,68.38999938964844,69.5999984741211,67.5999984741211,69.29000091552734,68.32051086425781
2020-10-21,1708000,70.75,71.0,67.54000091552734,67.7300033569336,66.78234100341797
2020-10-20,1127400,73.9800033569336,73.9800033569336,71.27999877929688,71.37000274658203,70.37141418457031
2020-10-19,1123900,74.73999786376953,74.8499984741211,72.91000366210938,73.2699966430664,72.24481964111328
2020-10-16,964200,73.76000213623047,74.72000122070312,73.33000183105469,73.68000030517578,72.64908599853516
2020-10-15,901500,71.58999633789062,73.18499755859375,71.0,72.91999816894531,71.89971923828125
2020-10-14,1511200,75.7699966430664,76.22000122070312,73.19999694824219,73.33000183105469,72.30399322509766
2020-10-13,1127600,73.4000015258789,75.45999908447266,73.0,75.02999877929688,73.98019409179688
2020-10-12,1737900,75.33999633789062,75.33999633789062,73.26000213623047,73.29000091552734,72.26454162597656
2020-10-09,1607600,72.68000030517578,73.94999694824219,72.29000091552734,73.80999755859375,72.77725982666016
2020-10-08,1895900,72.23999786376953,72.3550033569336,71.22000122070312,71.75,70.74609375
2020-10-07,1408500,68.19999694824219,70.6500015258789,68.0199966430664,70.18000030517578,69.19805908203125
2020-10-06,1349400,67.4800033569336,68.81999969482422,66.78600311279297,67.27999877929688,66.33863067626953
2020-10-05,1376900,64.7699966430664,67.31999969482422,64.36000061035156,67.25,66.3090591430664
2020-10-02,615600,63.18000030517578,64.58000183105469,63.119998931884766,63.38999938964844,62.5030632019043
2020-10-01,690700,64.55000305175781,64.89900207519531,63.92300033569336,64.76000213623047,63.85389709472656
2020-09-30,756200,64.62000274658203,64.93000030517578,63.20000076293945,63.709999084472656,62.81858444213867
2020-09-29,1013100,63.2400016784668,64.6500015258789,62.90999984741211,64.23999786376953,63.34116744995117
2020-09-28,754600,63.720001220703125,63.81999969482422,62.290000915527344,63.150001525878906,62.26642227172852
2020-09-25,651100,60.47999954223633,62.45000076293945,59.93399810791016,62.34999847412109,61.47761535644531
2020-09-24,589700,58.95000076293945,60.88999938964844,58.132999420166016,60.119998931884766,59.27881240844727
2020-09-23,665100,62.65999984741211,62.86000061035156,59.77999877929688,60.06999969482422,59.2295150756836
2020-09-22,620100,62.18000030517578,62.63999938964844,60.41999816894531,62.56999969482422,61.69453430175781
2020-09-21,788000,61.9900016784668,62.06999969482422,59.93999862670898,61.52000045776367,60.65922927856445
2020-09-18,545400,62.13999938964844,63.16999816894531,61.374000549316406,63.08000183105469,62.19740295410156
2020-09-17,631100,60.70000076293945,61.959999084472656,60.28799819946289,61.65999984741211,60.79726791381836
2020-09-16,1139800,62.09999847412109,63.16999816894531,61.81999969482422,62.25,61.37901306152344
2020-09-15,862100,61.560001373291016,62.10499954223633,60.869998931884766,61.52000045776367,60.65922927856445
2020-09-14,894000,58.27999877929688,60.5,58.03499984741211,60.369998931884766,59.52531814575195
2020-09-11,558000,57.209999084472656,58.35499954223633,56.5,57.15999984741211,56.3602294921875
2020-09-10,673100,57.90999984741211,59.06999969482422,56.63100051879883,57.04999923706055,56.25177001953125
2020-09-09,690000,56.36000061035156,57.709999084472656,56.040000915527344,57.36000061035156,56.55743408203125
2020-09-08,694000,54.75,56.54899978637695,54.26100158691406,55.220001220703125,54.4473762512207
2020-09-04,1752000,57.68999862670898,58.27799987792969,52.79999923706055,56.29999923706055,55.51226425170898
2020-09-03,1506200,61.650001525878906,61.720001220703125,57.54999923706055,58.0,57.18848037719727
2020-09-02,729500,62.47999954223633,62.47999954223633,60.34000015258789,62.22999954223633,61.35929107666016
2020-09-01,772000,62.31999969482422,62.31999969482422,61.39500045776367,61.900001525878906,61.033912658691406
2020-08-31,1033500,61.09999847412109,62.40999984741211,60.9900016784668,61.915000915527344,61.04870223999024
2020-08-28,582700,60.88999938964844,61.400001525878906,60.38999938964844,60.880001068115234,60.02818298339844
2020-08-27,796000,61.7400016784668,61.7400016784668,59.5099983215332,60.27999877929688,59.43657684326172
2020-08-26,1189100,61.119998931884766,62.02000045776367,60.82899856567383,61.310001373291016,60.45216751098633
2020-08-25,633600,60.98500061035156,61.16999816894531,60.0099983215332,61.060001373291016,60.20566177368164
2020-08-24,1395300,64.33999633789062,64.33999633789062,60.34999847412109,60.68999862670898,59.84083938598633
2020-08-21,700800,62.869998931884766,63.41999816894531,62.459999084472656,62.970001220703125,62.08893966674805
2020-08-20,741500,62.86000061035156,62.93000030517578,62.08000183105469,62.459999084472656,61.5860710144043
2020-08-19,1155400,62.119998931884766,63.959999084472656,62.0,62.84999847412109,61.97061920166016
2020-08-18,691400,61.77999877929688,61.900001525878906,60.54100036621094,61.7400016784668,60.87615203857422
2020-08-17,644500,59.209999084472656,61.119998931884766,58.78499984741211,60.959999084472656,60.107059478759766
2020-08-14,447300,59.65999984741211,59.65999984741211,58.2859992980957,58.560001373291016,57.74064254760742
2020-08-13,652600,58.2400016784668,59.70000076293945,58.13999938964844,59.40999984741211,58.57875061035156
2020-08-12,563500,56.68999862670898,58.130001068115234,56.470001220703125,57.90999984741211,57.09973907470703
2020-08-11,673300,58.7599983215332,58.7599983215332,56.15999984741211,56.25,55.46296310424805
2020-08-10,627200,58.22999954223633,59.70000076293945,57.84000015258789,58.34999847412109,57.53357696533203
2020-08-07,737400,57.41999816894531,57.82500076293945,55.43999862670898,56.18000030517578,55.39394378662109
2020-08-06,517500,58.4900016784668,58.70500183105469,57.31999969482422,57.7400016784668,56.9321174621582
2020-08-05,901200,57.400001525878906,58.209999084472656,56.77999877929688,58.08000183105469,57.26736068725586
2020-08-04,741100,56.97999954223633,57.459999084472656,56.0,57.43000030517578,56.6264533996582
2020-08-03,1649800,54.27999877929688,57.09999847412109,54.04999923706055,56.81999969482422,56.02498626708984
2020-07-31,590300,55.18999862670898,55.20000076293945,53.0099983215332,53.70000076293945,52.94864654541016
2020-07-30,617700,53.36000061035156,54.90999984741211,53.152000427246094,54.66999816894531,53.90507125854492
2020-07-29,562300,54.470001220703125,54.560001373291016,53.54999923706055,53.720001220703125,52.96836471557617
2020-07-28,752200,56.290000915527344,56.290000915527344,54.04999923706055,54.04999923706055,53.29374313354492
2020-07-27,1326200,54.119998931884766,56.43000030517578,54.119998931884766,56.310001373291016,55.52212524414063
2020-07-24,829700,54.79999923706055,54.8489990234375,53.11000061035156,53.77999877929688,53.02752304077149
2020-07-23,869200,57.220001220703125,57.4900016784668,54.810001373291016,55.27000045776367,54.49667739868164
2020-07-22,510100,57.34000015258789,57.5,56.25,57.02000045776367,56.2221908569336
2020-07-21,825400,59.5,59.5,57.0,57.08000183105469,56.281349182128906
2020-07-20,921100,57.88999938964844,58.7400016784668,57.43000030517578,58.61000061035156,57.78994369506836
2020-07-17,754800,56.560001373291016,57.470001220703125,56.2130012512207,57.13999938964844,56.34051132202149
2020-07-16,798600,57.0099983215332,57.15499877929688,55.720001220703125,56.04999923706055,55.2657585144043
2020-07-15,1857100,57.0,57.95000076293945,56.2599983215332,57.57500076293945,56.76942825317383
2020-07-14,870600,54.18000030517578,55.77999877929688,52.91999816894531,55.77999877929688,54.99953842163086
2020-07-13,1038100,56.77000045776367,58.470001220703125,54.310001373291016,54.52999877929688,53.76702880859375
2020-07-10,715500,57.540000915527344,57.630001068115234,55.61000061035156,55.720001220703125,54.94038009643555
2020-07-09,778900,58.33000183105469,58.41999816894531,56.209999084472656,57.459999084472656,56.65603256225586
2020-07-08,925300,57.040000915527344,57.97999954223633,56.52000045776367,57.630001068115234,56.82365798950195
2020-07-07,917300,54.869998931884766,57.150001525878906,54.36199951171875,56.150001525878906,55.36436462402344
2020-07-06,895600,55.43999862670898,55.7599983215332,54.22999954223633,55.09999847412109,54.32905578613281
2020-07-02,570537,54.31999969482422,54.75,53.38000106811523,54.06000137329102,54.06000137329102
2020-07-01,638142,52.18000030517578,53.52999877929688,51.86009979248047,53.18999862670898,53.18999862670898
2020-06-30,411869,50.95000076293945,52.25,50.35459899902344,52.15999984741211,52.15999984741211
2020-06-29,613665,50.54999923706055,51.53900146484375,49.63000106811523,51.0,51.0
2020-06-26,595269,52.61999893188477,52.7400016784668,50.43999862670898,50.52000045776367,50.52000045776367
2020-06-25,636876,51.40999984741211,52.70330047607422,50.70000076293945,52.45000076293945,52.45000076293945
2020-06-24,842678,52.63999938964844,53.37939834594727,50.56000137329102,51.31000137329102,51.31000137329102
2020-06-23,1221270,52.11999893188477,54.16999816894531,51.59999847412109,53.08000183105469,53.08000183105469
2020-06-22,1035424,48.88000106811523,51.22999954223633,48.72999954223633,51.22000122070313,51.22000122070313
2020-06-19,519801,47.90999984741211,48.68999862670898,47.38999938964844,47.959999084472656,47.959999084472656
2020-06-18,380964,46.59999847412109,47.75,46.30989837646485,47.18999862670898,47.18999862670898
2020-06-17,376200,46.97999954223633,47.18399810791016,46.34000015258789,46.59000015258789,46.59000015258789
2020-06-16,522400,47.25,47.25,45.04999923706055,46.45000076293945,46.45000076293945
2020-06-15,483200,42.61999893188477,45.81999969482422,42.61999893188477,45.81000137329102,45.81000137329102
2020-06-12,590500,44.22999954223633,44.34000015258789,42.19499969482422,43.54999923706055,43.54999923706055
2020-06-11,697400,44.52999877929688,44.7599983215332,42.36000061035156,42.59999847412109,42.59999847412109
2020-06-10,473300,45.43999862670898,46.27000045776367,45.11999893188477,45.86000061035156,45.86000061035156
2020-06-09,588500,44.5,46.13999938964844,44.29999923706055,45.30899810791016,45.30899810791016
2020-06-08,474000,44.9900016784668,45.27999877929688,44.5,44.86999893188477,44.86999893188477
2020-06-05,888100,45.77000045776367,46.40999984741211,44.70000076293945,44.875,44.875
2020-06-04,485600,46.52000045776367,47.459999084472656,45.02000045776367,45.15999984741211,45.15999984741211
2020-06-03,713700,48.61000061035156,48.68000030517578,46.9000015258789,46.9000015258789,46.9000015258789
2020-06-02,385900,47.5,48.20000076293945,46.66799926757813,48.11000061035156,48.11000061035156
2020-06-01,552700,46.77000045776367,47.7400016784668,46.11999893188477,47.40999984741211,47.40999984741211
2020-05-29,478500,45.2599983215332,46.38000106811523,44.70000076293945,46.34000015258789,46.34000015258789
2020-05-28,515600,46.06000137329102,46.7599983215332,45.06900024414063,45.290000915527344,45.290000915527344
2020-05-27,910500,48.27000045776367,48.27000045776367,44.09999847412109,46.1500015258789,46.1500015258789
2020-05-26,940700,51.15999984741211,51.15999984741211,47.9000015258789,48.0099983215332,48.0099983215332
2020-05-22,597600,48.38999938964844,49.59999847412109,47.84999847412109,49.56000137329102,49.56000137329102
2020-05-21,710300,48.16999816894531,48.56000137329102,47.0099983215332,48.18000030517578,48.18000030517578
2020-05-20,881400,47.72000122070313,48.27000045776367,47.25,48.13000106811523,48.13000106811523
2020-05-19,697000,47.290000915527344,48.11999893188477,46.5099983215332,46.61000061035156,46.61000061035156
2020-05-18,889500,47.4900016784668,47.4900016784668,46.11999893188477,47.04999923706055,47.04999923706055
2020-05-15,450000,42.47000122070313,45.02999877929688,42.22000122070313,44.88999938964844,44.88999938964844
2020-05-14,376800,42.88000106811523,43.34000015258789,41.650001525878906,42.540000915527344,42.540000915527344
2020-05-13,1195900,45.47999954223633,45.88999938964844,41.5009994506836,43.13999938964844,43.13999938964844
2020-05-12,809600,46.86999893188477,47.16999816894531,44.79999923706055,45.13999938964844,45.13999938964844
2020-05-11,799400,43.02000045776367,46.47900009155274,42.79999923706055,46.06999969482422,46.06999969482422
2020-05-08,390500,42.88999938964844,43.5,42.290000915527344,43.22999954223633,43.22999954223633
2020-05-07,280500,42.61999893188477,42.61999893188477,41.5099983215332,42.0099983215332,42.0099983215332
2020-05-06,431600,41.88000106811523,42.52999877929688,41.31100082397461,41.79999923706055,41.79999923706055
2020-05-05,386700,42.02000045776367,42.29800033569336,41.2400016784668,41.56999969482422,41.56999969482422
2020-05-04,228000,39.75,41.22000122070313,39.59000015258789,41.18000030517578,41.18000030517578
2020-05-01,421600,39.5099983215332,40.0,38.84999847412109,39.84999847412109,39.84999847412109
2020-04-30,265700,41.83000183105469,42.0,40.650001525878906,40.68999862670898,40.68999862670898
2020-04-29,305600,41.290000915527344,42.0369987487793,40.36000061035156,41.810001373291016,41.810001373291016
2020-04-28,810800,42.9900016784668,43.02999877929688,40.06999969482422,40.59000015258789,40.59000015258789
2020-04-27,828600,41.0099983215332,42.61000061035156,40.77999877929688,41.915000915527344,41.915000915527344
2020-04-24,451200,39.61999893188477,40.27000045776367,39.0099983215332,40.060001373291016,40.060001373291016
2020-04-23,358200,39.56999969482422,40.0,38.75,38.775001525878906,38.775001525878906
2020-04-22,421200,38.93999862670898,39.400001525878906,38.42499923706055,38.91999816894531,38.91999816894531
2020-04-21,338600,38.41999816894531,38.48899841308594,36.90999984741211,37.75,37.75
2020-04-20,560700,37.2599983215332,39.31999969482422,37.08000183105469,38.560001373291016,38.560001373291016
2020-04-17,276800,37.61999893188477,37.61999893188477,36.61999893188477,37.40999984741211,37.40999984741211
2020-04-16,295600,35.86999893188477,36.28900146484375,35.35499954223633,36.209999084472656,36.209999084472656
2020-04-15,325200,34.93000030517578,35.54999923706055,34.0,35.049999237060554,35.049999237060554
2020-04-14,300500,34.7599983215332,35.61000061035156,34.22999954223633,35.52000045776367,35.52000045776367
2020-04-13,205600,33.610000610351555,33.610000610351555,32.382999420166016,33.529998779296875,33.529998779296875
2020-04-09,294500,33.290000915527344,33.529998779296875,32.669998168945305,33.299999237060554,33.299999237060554
2020-04-08,148500,32.299999237060554,32.584999084472656,31.49900054931641,32.560001373291016,32.560001373291016
2020-04-07,186500,32.990001678466804,33.09000015258789,31.39999961853028,31.479999542236328,31.479999542236328
2020-04-06,130900,31.489999771118164,31.8700008392334,30.95000076293945,31.790000915527344,31.790000915527344
2020-04-03,81100,30.239999771118164,30.5,29.540000915527344,29.790000915527344,29.790000915527344
2020-04-02,227400,28.86000061035156,30.270000457763672,28.708999633789062,30.084999084472656,30.084999084472656
2020-04-01,201900,30.0,30.8799991607666,28.81999969482422,29.1299991607666,29.1299991607666
2020-03-31,244500,32.290000915527344,32.290000915527344,30.6299991607666,31.28000068664551,31.28000068664551
2020-03-30,252600,31.709999084472656,31.96999931335449,30.53000068664551,31.96999931335449,31.96999931335449
2020-03-27,316500,31.5,32.27000045776367,31.209999084472656,31.36000061035156,31.36000061035156
2020-03-26,481100,31.32999992370605,33.0,31.18600082397461,32.625,32.625
2020-03-25,353700,30.60000038146973,31.60000038146973,29.691999435424805,30.790000915527344,30.790000915527344
2020-03-24,464500,28.940000534057614,30.04999923706055,28.20800018310547,29.989999771118164,29.989999771118164
2020-03-23,237300,27.06999969482422,27.65999984741211,26.0,26.979999542236328,26.979999542236328
2020-03-20,323800,27.90999984741211,28.75,26.96199989318848,27.15999984741211,27.15999984741211
2020-03-19,233000,24.90999984741211,27.29999923706055,24.63999938964844,27.01000022888184,27.01000022888184
2020-03-18,376200,24.82999992370605,26.59000015258789,24.0,25.020000457763672,25.020000457763672
2020-03-17,272600,25.1200008392334,27.45199966430664,24.0,26.545000076293945,26.545000076293945
2020-03-16,322300,25.0,26.32500076293945,24.489999771118164,24.5,24.5
2020-03-13,356700,29.170000076293945,29.979999542236328,26.0,28.40999984741211,28.40999984741211
2020-03-12,611900,30.0,30.0,27.559999465942383,27.71999931335449,27.71999931335449
2020-03-11,248700,33.470001220703125,33.84299850463867,31.85000038146973,32.139999389648445,32.139999389648445
2020-03-10,418200,34.81999969482422,34.957000732421875,32.5,34.080001831054695,34.080001831054695
2020-03-09,285000,35.9900016784668,36.38000106811523,33.69900131225586,33.7599983215332,33.7599983215332
2020-03-06,336700,36.400001525878906,37.84500122070313,36.31100082397461,37.685001373291016,37.685001373291016
2020-03-05,230400,36.18000030517578,37.5,36.09999847412109,37.36000061035156,37.36000061035156
2020-03-04,356500,36.2599983215332,37.060001373291016,35.90999984741211,37.02000045776367,37.02000045776367
2020-03-03,226200,35.139999389648445,35.89799880981445,33.96200180053711,35.09000015258789,35.09000015258789
2020-03-02,202900,34.779998779296875,34.96200180053711,33.939998626708984,34.942001342773445,34.942001342773445
2020-02-28,345500,32.84999847412109,34.5,32.827999114990234,34.389999389648445,34.389999389648445
2020-02-27,349800,34.0,35.209999084472656,33.0,34.02000045776367,34.02000045776367
2020-02-26,241800,34.360000610351555,35.029998779296875,33.799999237060554,34.25,34.25
2020-02-25,312000,35.279998779296875,35.279998779296875,33.694000244140625,34.09999847412109,34.09999847412109
2020-02-24,330200,35.22999954223633,35.46699905395508,34.4010009765625,34.86999893188477,34.86999893188477
2020-02-21,240900,36.84000015258789,36.992000579833984,36.150001525878906,36.40999984741211,36.40999984741211
2020-02-20,333700,37.41999816894531,37.41999816894531,36.45000076293945,37.13999938964844,37.13999938964844
2020-02-19,325600,37.22000122070313,37.91999816894531,36.83000183105469,37.63000106811523,37.63000106811523
2020-02-18,209100,37.02999877929688,37.02999877929688,36.3650016784668,36.959999084472656,36.959999084472656
2020-02-14,171600,36.83000183105469,37.11999893188477,36.43999862670898,36.86000061035156,36.86000061035156
2020-02-13,156600,36.400001525878906,36.93999862670898,36.09999847412109,36.540000915527344,36.540000915527344
2020-02-12,223500,36.27999877929688,36.43999862670898,35.79999923706055,36.38999938964844,36.38999938964844
2020-02-11,344100,36.16999816894531,36.27999877929688,35.56399917602539,35.959999084472656,35.959999084472656
2020-02-10,263200,34.93000030517578,35.72999954223633,34.81999969482422,35.72999954223633,35.72999954223633
2020-02-07,268000,35.400001525878906,35.439998626708984,34.720001220703125,34.720001220703125,34.720001220703125
2020-02-06,203700,35.130001068115234,35.36999893188477,34.580001831054695,35.27000045776367,35.27000045776367
2020-02-05,228600,34.77000045776367,34.880001068115234,34.347000122070305,34.709999084472656,34.709999084472656
2020-02-04,187000,33.81999969482422,34.139999389648445,33.5620002746582,34.089000701904304,34.089000701904304
2020-02-03,144500,32.990001678466804,33.189998626708984,32.78900146484375,33.18000030517578,33.18000030517578
2020-01-31,183500,33.360000610351555,33.360000610351555,32.4370002746582,32.709999084472656,32.709999084472656
2020-01-30,91800,33.810001373291016,33.99900054931641,33.185001373291016,33.450000762939446,33.450000762939446
2020-01-29,78600,34.150001525878906,34.27899932861328,33.90700149536133,34.040000915527344,34.040000915527344
2020-01-28,200000,34.080001831054695,34.2599983215332,33.799999237060554,33.90800094604492,33.90800094604492
2020-01-27,227700,33.34000015258789,34.0,33.18000030517578,33.75,33.75
2020-01-24,230300,34.595001220703125,34.740001678466804,33.52000045776367,33.700000762939446,33.700000762939446
2020-01-23,127700,34.889999389648445,34.90999984741211,34.1870002746582,34.360000610351555,34.360000610351555
2020-01-22,124600,34.720001220703125,35.02000045776367,34.59199905395508,34.75,34.75
2020-01-21,193700,35.169998168945305,35.25,34.53400039672852,34.59000015258789,34.59000015258789
2020-01-17,183900,35.95000076293945,35.95000076293945,34.950000762939446,35.049999237060554,35.049999237060554
2020-01-16,173700,35.709999084472656,35.720001220703125,35.179000854492195,35.720001220703125,35.720001220703125
2020-01-15,321500,34.77000045776367,35.52000045776367,34.77000045776367,35.15999984741211,35.15999984741211
2020-01-14,157800,34.40999984741211,35.076000213623054,34.049999237060554,34.779998779296875,34.779998779296875
2020-01-13,252800,34.5,34.68399810791016,33.900001525878906,34.40999984741211,34.40999984741211
2020-01-10,120900,34.34999847412109,34.610000610351555,34.090999603271484,34.125,34.125
2020-01-09,112700,34.220001220703125,34.419998168945305,34.0,34.15999984741211,34.15999984741211
2020-01-08,149500,33.314998626708984,34.02000045776367,33.279998779296875,33.830001831054695,33.830001831054695
2020-01-07,105300,33.169998168945305,33.61899948120117,32.919998168945305,33.34999847412109,33.34999847412109
2020-01-06,116400,32.470001220703125,33.11999893188477,32.220001220703125,33.076000213623054,33.076000213623054
2020-01-03,188800,32.72999954223633,33.09199905395508,32.580001831054695,32.68000030517578,32.68000030517578
2020-01-02,264900,34.0,34.0,32.90999984741211,33.34999847412109,33.34999847412109
2019-12-31,408400,33.290000915527344,33.650001525878906,33.25,33.52000045776367,33.52000045776367
2019-12-30,152000,34.400001525878906,34.47999954223633,33.298999786376946,33.43000030517578,33.43000030517578
2019-12-27,237000,35.20000076293945,35.220001220703125,34.34999847412109,34.43000030517578,34.43000030517578
2019-12-26,76200,36.63000106811523,36.63000106811523,35.970001220703125,36.02999877929688,34.975997924804695
2019-12-24,40300,36.34000015258789,36.45000076293945,36.10300064086914,36.43000030517578,35.36429977416992
2019-12-23,593500,35.95000076293945,36.459999084472656,35.47900009155273,36.33000183105469,35.2672233581543
2019-12-20,220100,35.7400016784668,35.88999938964844,35.45199966430664,35.70000076293945,34.655654907226555
2019-12-19,144100,35.65999984741211,35.70000076293945,35.37900161743164,35.540000915527344,34.50033569335937
2019-12-18,135600,35.66999816894531,35.70000076293945,35.20000076293945,35.459999084472656,34.42267227172852
2019-12-17,249700,35.22999954223633,35.52899932861328,34.72800064086914,35.4900016784668,34.451797485351555
2019-12-16,158200,34.84000015258789,35.2400016784668,34.55599975585937,35.150001525878906,34.12174224853516
2019-12-13,125400,34.700000762939446,34.84000015258789,34.25,34.540000915527344,33.529586791992195
2019-12-12,202800,34.34999847412109,34.84299850463867,34.09000015258789,34.5099983215332,33.50046157836914
2019-12-11,370000,34.720001220703125,34.830001831054695,34.200000762939446,34.27000045776367,33.267486572265625
2019-12-10,96000,34.240001678466804,34.639999389648445,34.001998901367195,34.580001831054695,33.568416595458984
2019-12-09,102800,34.830001831054695,34.910999298095696,34.220001220703125,34.220001220703125,33.218948364257805
2019-12-06,67200,34.299999237060554,34.61999893188477,34.080001831054695,34.59000015258789,33.578125
2019-12-05,127200,34.59999847412109,34.59999847412109,33.900001525878906,34.09999847412109,33.10245513916016
2019-12-04,75300,34.540000915527344,34.650001525878906,34.150001525878906,34.450000762939446,33.44221878051758
2019-12-03,273600,33.65999984741211,34.389999389648445,33.45199966430664,34.279998779296875,33.27719116210937
2019-12-02,157700,35.0,35.060001373291016,33.700000762939446,33.97999954223633,32.98596954345703
2019-11-29,85300,34.650001525878906,35.0,34.5,34.919998168945305,33.898468017578125
2019-11-27,184000,34.610000610351555,34.86999893188477,34.43000030517578,34.689998626708984,33.67519760131836
2019-11-26,173800,34.43000030517578,34.560001373291016,34.000999450683594,34.40999984741211,33.40338897705078
2019-11-25,207700,33.130001068115234,34.040000915527344,33.101001739501946,34.02000045776367,33.02479934692383
2019-11-22,74400,32.47999954223633,32.78799819946289,32.389999389648445,32.72999954223633,31.77253532409668
2019-11-21,72600,32.84999847412109,32.84999847412109,32.21900177001953,32.380001068115234,31.432775497436523
2019-11-20,161600,32.709999084472656,33.34999847412109,32.380001068115234,32.889999389648445,31.92785453796387
2019-11-19,137400,32.0,33.28400039672852,32.0,32.830001831054695,31.869611740112305
2019-11-18,48400,31.739999771118164,31.739999771118164,31.14999961853028,31.57399940490723,30.650352478027344
2019-11-15,129000,31.45000076293945,31.85000038146973,31.316999435424805,31.709999084472656,30.78237342834473
2019-11-14,72400,31.3799991607666,31.3799991607666,30.934999465942383,31.09900093078613,30.18924903869629
2019-11-13,91500,30.959999084472656,31.45499992370605,30.85000038146973,31.3799991607666,30.462026596069336
2019-11-12,79600,30.989999771118164,31.38999938964844,30.77199935913086,31.11000061035156,30.19992637634277
2019-11-11,72200,30.54999923706055,30.857999801635746,30.20000076293945,30.85000038146973,29.9475326538086
2019-11-08,88700,29.90999984741211,30.70000076293945,29.89999961853028,30.70000076293945,29.80191993713379
2019-11-07,94200,30.36000061035156,30.53899955749512,29.84000015258789,29.940000534057614,29.06415367126465
2019-11-06,122700,30.64999961853028,30.64999961853028,30.15999984741211,30.21999931335449,29.3359603881836
2019-11-05,50400,30.64999961853028,30.75,30.49799919128418,30.56999969482422,29.675722122192383
2019-11-04,79200,30.989999771118164,31.0,30.22100067138672,30.40999984741211,29.520402908325195
2019-11-01,110800,30.239999771118164,30.739999771118164,30.07999992370605,30.70000076293945,29.80191993713379
2019-10-31,230500,29.920000076293945,30.3799991607666,29.72100067138672,29.959999084472656,29.08356666564941
2019-10-30,121200,29.790000915527344,29.979999542236328,29.47500038146973,29.979999542236328,29.10298156738281
2019-10-29,165500,29.51000022888184,29.77799987792969,29.34000015258789,29.65999984741211,28.79234313964844
2019-10-28,92600,28.690000534057614,29.520999908447266,28.690000534057614,29.459999084472656,28.59819412231445
2019-10-25,105200,28.29999923706055,28.6200008392334,28.01000022888184,28.54999923706055,27.714813232421875
2019-10-24,66800,28.56999969482422,28.56999969482422,28.19499969482422,28.459999084472656,27.6274471282959
2019-10-23,121100,28.60000038146973,28.792999267578125,28.36000061035156,28.45000076293945,27.61774063110352
2019-10-22,63300,29.190000534057614,29.489999771118164,28.55900001525879,28.61000061035156,27.773059844970703
2019-10-21,95900,28.559999465942383,29.084999084472656,28.51000022888184,29.01000022888184,28.161357879638672
2019-10-18,73800,28.95000076293945,29.059999465942383,28.1200008392334,28.420000076293945,27.5886173248291
2019-10-17,74100,29.209999084472656,29.209999084472656,28.93000030517578,29.06999969482422,28.21960258483887
2019-10-16,82700,29.14999961853028,29.26300048828125,28.979999542236328,29.10000038146973,28.24872589111328
2019-10-15,91400,28.690000534057614,29.36400032043457,28.690000534057614,29.239999771118164,28.38463020324707
2019-10-14,51600,28.53000068664551,28.979999542236328,28.30500030517578,28.61000061035156,27.773059844970703
2019-10-11,72400,28.71999931335449,29.1299991607666,28.559999465942383,28.559999465942383,27.72452163696289
2019-10-10,60900,28.09000015258789,28.3799991607666,27.97100067138672,28.31999969482422,27.49154281616211
2019-10-09,74700,28.28000068664551,28.309999465942383,27.96999931335449,28.020000457763672,27.20031929016113
2019-10-08,91400,28.809999465942383,28.979999542236328,27.93000030517578,27.95000076293945,27.132368087768555
2019-10-07,88500,28.979999542236328,29.43000030517578,28.940000534057614,29.13999938964844,28.287553787231445
2019-10-04,52200,28.71999931335449,29.09000015258789,28.46999931335449,29.09000015258789,28.239017486572266
2019-10-03,91600,28.15999984741211,28.770000457763672,27.6200008392334,28.71999931335449,27.87984085083008
2019-10-02,145400,28.229999542236328,28.23200035095215,27.709999084472656,28.21999931335449,27.39446830749512
2019-10-01,124800,29.71999931335449,30.04999923706055,28.420000076293945,28.520000457763672,27.68569374084473
2019-09-30,81300,29.440000534057614,29.75,29.15500068664551,29.520000457763672,28.65643882751465
2019-09-27,87200,29.78000068664551,30.020000457763672,29.190000534057614,29.35000038146973,28.49141311645508
2019-09-26,148500,30.40999984741211,30.45000076293945,29.479999542236328,29.64999961853028,28.782634735107425
2019-09-25,133600,30.79999923706055,30.89999961853028,30.18000030517578,30.42099952697754,29.53108024597168
2019-09-24,91400,31.959999084472656,32.040000915527344,30.59000015258789,30.90999984741211,30.00577735900879
2019-09-23,67600,32.279998779296875,32.419998168945305,31.83300018310547,31.89999961853028,30.966815948486328
2019-09-20,47200,31.95000076293945,32.40999984741211,31.95000076293945,32.34999847412109,31.40365028381348
2019-09-19,56300,32.060001373291016,32.3120002746582,31.7549991607666,31.81999969482422,30.88915634155273
2019-09-18,51200,31.979999542236328,32.110000610351555,31.60099983215332,32.0,31.06389045715332
2019-09-17,47600,32.110000610351555,32.139999389648445,31.77400016784668,31.97699928283692,31.041563034057614
2019-09-16,140800,31.81999969482422,32.200000762939446,31.729999542236328,32.11999893188477,31.18037986755371
2019-09-13,95700,31.88999938964844,32.154998779296875,31.72900009155273,31.82999992370605,30.89886283874512
2019-09-12,99500,31.84000015258789,31.9689998626709,31.46999931335449,31.85000038146973,30.91827964782715
2019-09-11,81100,30.75,31.68000030517578,30.68000030517578,31.670000076293945,30.74354362487793
2019-09-10,79300,29.8799991607666,30.82999992370605,29.6200008392334,30.670000076293945,29.77279663085937
2019-09-09,111100,30.81999969482422,30.81999969482422,29.95000076293945,29.979999542236328,29.10298156738281
2019-09-06,57700,30.70000076293945,30.920000076293945,30.55900001525879,30.55900001525879,29.6650447845459
2019-09-05,172600,30.60000038146973,30.920000076293945,30.23600006103516,30.61000061035156,29.71455383300781
2019-09-04,148500,30.84000015258789,30.89999961853028,30.059999465942383,30.38999938964844,29.5009880065918
2019-09-03,99500,31.14999961853028,31.3799991607666,30.28000068664551,30.420000076293945,29.53011131286621
2019-08-30,47200,31.78000068664551,31.78000068664551,31.15999984741211,31.43000030517578,30.51056480407715
2019-08-29,75900,31.61000061035156,31.63999938964844,31.26000022888184,31.54999923706055,30.62705421447754
2019-08-28,57100,30.85000038146973,31.42300033569336,30.684999465942383,31.190000534057614,30.27758598327637
2019-08-27,126400,31.68000030517578,31.722999572753903,30.559999465942383,30.8799991607666,29.97665405273437
2019-08-26,122600,31.6200008392334,31.6200008392334,31.07999992370605,31.43000030517578,30.51056480407715
2019-08-23,72700,32.11999893188477,32.459999084472656,31.07900047302246,31.170000076293945,30.25817108154297
2019-08-22,59600,33.02000045776367,33.09999847412109,32.09999847412109,32.25,31.30657768249512
2019-08-21,68300,32.939998626708984,33.110000610351555,32.70199966430664,32.950000762939446,31.98610115051269
2019-08-20,64000,32.75,32.86899948120117,32.36999893188477,32.540000915527344,31.58809471130371
2019-08-19,231100,32.880001068115234,32.93000030517578,32.470001220703125,32.81999969482422,31.859901428222656
2019-08-16,88400,31.459999084472656,32.40999984741211,31.43000030517578,32.380001068115234,31.432775497436523
2019-08-15,121000,31.56999969482422,31.63400077819824,31.11000061035156,31.170000076293945,30.25817108154297
2019-08-14,127100,32.0,32.139999389648445,31.32200050354004,31.43000030517578,30.51056480407715
2019-08-13,87700,32.02000045776367,32.93000030517578,31.92499923706055,32.610000610351555,31.65604591369629
2019-08-12,73300,32.5099983215332,32.52000045776367,32.0099983215332,32.15999984741211,31.21920967102051
2019-08-09,77900,33.0099983215332,33.1510009765625,32.310001373291016,32.75,31.79195022583008
2019-08-08,115200,32.549999237060554,33.169998168945305,32.450000762939446,33.130001068115234,32.16083526611328
2019-08-07,233900,32.139999389648445,32.37900161743164,31.70499992370605,32.290000915527344,31.34540748596192
2019-08-06,211700,32.060001373291016,32.22999954223633,31.479999542236328,32.150001525878906,31.209503173828125
2019-08-05,221000,32.40999984741211,32.81999969482422,31.285999298095703,31.63999938964844,30.71442031860352
2019-08-02,151400,34.2599983215332,34.2599983215332,33.0,33.240001678466804,32.267616271972656
2019-08-01,129200,34.59999847412109,35.110000610351555,33.8489990234375,34.380001068115234,33.374267578125
2019-07-31,132500,35.290000915527344,35.540000915527344,34.22999954223633,34.580001831054695,33.568416595458984
2019-07-30,158200,34.34999847412109,35.25,34.24300003051758,35.25,34.21881866455078
2019-07-29,85500,34.810001373291016,34.860000610351555,34.06999969482422,34.68000030517578,33.66549301147461
2019-07-26,154000,33.84999847412109,34.700000762939446,33.84999847412109,34.700000762939446,33.68490600585937
2019-07-25,97500,34.360000610351555,34.360000610351555,33.639999389648445,33.68000030517578,32.69474411010742
2019-07-24,271200,34.09000015258789,34.400001525878906,33.66299819946289,34.400001525878906,33.39368438720703
2019-07-23,71600,34.490001678466804,34.490001678466804,33.84999847412109,34.06999969482422,33.07333374023437
2019-07-22,89700,33.919998168945305,34.439998626708984,33.919998168945305,34.34000015258789,33.3354377746582
2019-07-19,123100,34.22999954223633,34.240001678466804,33.790000915527344,33.81999969482422,32.830650329589844
2019-07-18,75300,33.5,34.130001068115234,33.49900054931641,34.110000610351555,33.112167358398445
2019-07-17,147200,33.5099983215332,33.709999084472656,32.93000030517578,33.549999237060554,32.568546295166016
2019-07-16,91100,33.580001831054695,33.60900115966797,33.15999984741211,33.5099983215332,32.52971649169922
2019-07-15,101900,33.610000610351555,33.740001678466804,33.330001831054695,33.56999969482422,32.587963104248054
2019-07-12,190800,33.72999954223633,33.928001403808594,33.450000762939446,33.639999389648445,32.655914306640625
2019-07-11,138600,34.639999389648445,34.639999389648445,33.95399856567383,34.31999969482422,33.31602096557617
2019-07-10,380900,34.669998168945305,34.939998626708984,34.25,34.52000045776367,33.51017379760742
2019-07-09,127900,33.700000762939446,34.419998168945305,33.639999389648445,34.419998168945305,33.41309356689453
2019-07-08,261000,34.310001373291016,34.310001373291016,33.639999389648445,33.919998168945305,32.9277229309082
2019-07-05,74200,34.419998168945305,34.59999847412109,34.20600128173828,34.389999389648445,33.383975982666016
2019-07-03,112400,34.25,34.65999984741211,34.09999847412109,34.623001098632805,33.61016082763672
2019-07-02,100300,34.610000610351555,34.610000610351555,33.889999389648445,34.049999237060554,33.05392074584961
2019-07-01,161700,35.06999969482422,35.18000030517578,34.389999389648445,34.48699951171875,33.478137969970696
2019-06-28,146900,33.130001068115234,34.61899948120117,33.11999893188477,34.470001220703125,33.46163558959961
2019-06-27,132100,32.290000915527344,33.049999237060554,32.200000762939446,33.0099983215332,32.044342041015625
2019-06-26,232400,32.56999969482422,32.720001220703125,32.02000045776367,32.139999389648445,31.19979476928711
2019-06-25,243200,32.029998779296875,32.669998168945305,31.95599937438965,32.31999969482422,31.37452888488769
2019-06-24,190800,32.790000915527344,32.790000915527344,31.85000038146973,31.85000038146973,30.91827964782715
2019-06-21,164200,32.400001525878906,32.75,31.739999771118164,32.650001525878906,31.69487762451172
2019-06-20,136400,32.86999893188477,32.97999954223633,32.169998168945305,32.490001678466804,31.53955841064453
2019-06-19,136300,32.240001678466804,32.400001525878906,32.0099983215332,32.380001068115234,31.432775497436523
2019-06-18,104600,32.0099983215332,32.279998779296875,31.86000061035156,32.09999847412109,31.16096305847168
2019-06-17,87600,30.5,31.729999542236328,30.5,31.670000076293945,30.74354362487793
2019-06-14,66900,30.82999992370605,30.82999992370605,30.39999961853028,30.45000076293945,29.559234619140625
2019-06-13,425300,30.739999771118164,30.959999084472656,30.39999961853028,30.959999084472656,30.05431365966797
2019-06-12,121000,30.34000015258789,30.65999984741211,30.13999938964844,30.65999984741211,29.76309013366699
2019-06-11,110600,31.35000038146973,31.35000038146973,30.040000915527344,30.489999771118164,29.59806251525879
2019-06-10,270600,30.93000030517578,31.29999923706055,30.93000030517578,30.979999542236328,30.07372856140137
2019-06-07,106800,29.79999923706055,30.78000068664551,29.79999923706055,30.68000030517578,29.78250503540039
2019-06-06,117300,30.0,30.0,29.420000076293945,29.559999465942383,28.695268630981445
2019-06-05,86100,30.20000076293945,30.229999542236328,29.809999465942383,29.93000030517578,29.05444526672364
2019-06-04,196000,29.670000076293945,29.989999771118164,29.209999084472656,29.989999771118164,29.112689971923828
2019-06-03,231900,29.20000076293945,29.520000457763672,28.93000030517578,29.170000076293945,28.31667709350586
2019-05-31,113300,29.75,29.75,29.06999969482422,29.1200008392334,28.26814079284668
2019-05-30,84300,30.040000915527344,30.43000030517578,29.82999992370605,30.040000915527344,29.16122817993164
2019-05-29,132500,30.06999969482422,30.07200050354004,29.6200008392334,29.8700008392334,28.99620056152344
2019-05-28,90900,30.770000457763672,30.88999938964844,30.25,30.29999923706055,29.41361999511719
2019-05-24,73200,30.51000022888184,30.76000022888184,30.31999969482422,30.53000068664551,29.63689422607422
2019-05-23,134700,30.75,30.95400047302246,30.06999969482422,30.35000038146973,29.462158203125
2019-05-22,76500,31.38999938964844,31.559999465942383,31.059999465942383,31.14999961853028,30.23875617980957
2019-05-21,80300,30.93000030517578,31.51000022888184,30.93000030517578,31.5,30.57851791381836
2019-05-20,176600,30.770000457763672,31.040000915527344,30.43000030517578,30.6200008392334,29.724260330200195
2019-05-17,89700,31.43000030517578,31.56999969482422,30.93000030517578,31.040000915527344,30.131975173950195
2019-05-16,121200,31.559999465942383,31.89999961853028,31.395999908447266,31.60000038146973,30.67559242248535
2019-05-15,111300,30.540000915527344,31.1299991607666,30.40099906921387,31.1200008392334,30.20963478088379
2019-05-14,219600,30.479999542236328,30.989999771118164,30.29100036621093,30.76000022888184,29.860164642333984
2019-05-13,210800,31.1299991607666,31.35000038146973,30.1200008392334,30.1200008392334,29.238887786865234
2019-05-10,88500,31.63999938964844,32.13199996948242,31.04999923706055,32.02000045776367,31.08330535888672
2019-05-09,197600,31.71999931335449,32.00299835205078,31.06999969482422,31.82999992370605,30.89886283874512
2019-05-08,156500,32.15999984741211,32.472000122070305,31.559999465942383,32.06999969482422,31.1318416595459
2019-05-07,180200,33.68000030517578,33.71699905395508,32.35699844360352,32.610000610351555,31.65604591369629
2019-05-06,187800,32.549999237060554,34.049999237060554,32.424999237060554,33.990001678466804,32.995677947998054
2019-05-03,104500,32.75,33.40999984741211,32.71900177001953,33.40999984741211,32.43264389038086
2019-05-02,187300,32.380001068115234,32.689998626708984,31.96999931335449,32.549999237060554,31.59780120849609
2019-05-01,159200,32.880001068115234,33.09000015258789,32.360000610351555,32.380001068115234,31.432775497436523
2019-04-30,167200,33.330001831054695,33.540000915527344,32.5099983215332,32.709999084472656,31.75312042236328
2019-04-29,126000,33.580001831054695,33.830001831054695,33.310001373291016,33.31999969482422,32.34527587890625
2019-04-26,118600,33.029998779296875,33.439998626708984,32.68000030517578,33.43000030517578,32.452056884765625
2019-04-25,105500,32.669998168945305,33.080001831054695,32.5,32.970001220703125,32.00551605224609
2019-04-24,119500,33.150001525878906,33.2599983215332,32.705001831054695,32.779998779296875,31.82107162475586
2019-04-23,134600,32.68000030517578,33.2760009765625,32.40599822998047,33.18000030517578,32.20937347412109
2019-04-22,158100,32.080001831054695,32.560001373291016,32.080001831054695,32.540000915527344,31.58809471130371
2019-04-18,252200,32.09999847412109,32.360000610351555,31.29999923706055,32.11999893188477,31.18037986755371
2019-04-17,382100,33.919998168945305,33.919998168945305,31.766000747680664,31.979999542236328,31.04447555541992
2019-04-16,187800,34.0099983215332,34.09000015258789,33.54700088500977,33.72999954223633,32.743282318115234
2019-04-15,279400,34.110000610351555,34.299999237060554,33.23600006103516,33.68000030517578,32.69474411010742
2019-04-12,141000,34.419998168945305,34.439998626708984,33.900001525878906,34.080001831054695,33.083045959472656
2019-04-11,184600,34.630001068115234,34.777999877929695,33.830001831054695,33.959999084472656,32.966552734375
2019-04-10,184500,33.97999954223633,34.56999969482422,33.860000610351555,34.560001373291016,33.54900360107422
2019-04-09,182000,34.240001678466804,34.38100051879883,33.7599983215332,33.830001831054695,32.84035873413086
2019-04-08,224700,34.59000015258789,34.630001068115234,33.939998626708984,34.389999389648445,33.383975982666016
2019-04-05,178600,33.990001678466804,34.549999237060554,33.84000015258789,34.540000915527344,33.529586791992195
2019-04-04,171800,34.169998168945305,34.194000244140625,33.439998626708984,33.90999984741211,32.918014526367195
2019-04-03,359500,33.779998779296875,34.209999084472656,33.580001831054695,34.209999084472656,33.209239959716804
2019-04-02,157900,33.169998168945305,33.5,32.90999984741211,33.470001220703125,32.490890502929695
2019-04-01,131500,33.25,33.459999084472656,32.84000015258789,33.0,32.034637451171875
2019-03-29,137100,32.669998168945305,32.880001068115234,32.428001403808594,32.880001068115234,31.918148040771484
2019-03-28,72400,31.790000915527344,32.330001831054695,31.790000915527344,32.290000915527344,31.34540748596192
2019-03-27,105500,32.200000762939446,32.22999954223633,31.239999771118164,31.78000068664551,30.85032653808593
2019-03-26,158800,32.439998626708984,32.490001678466804,31.90999984741211,32.25,31.30657768249512
2019-03-25,235500,31.85000038146973,32.310001373291016,31.479999542236328,32.06999969482422,31.1318416595459
2019-03-22,204700,33.380001068115234,33.580001831054695,31.979999542236328,31.989999771118164,31.054182052612305
2019-03-21,126100,33.0099983215332,33.709999084472656,32.740001678466804,33.689998626708984,32.704452514648445
2019-03-20,156700,32.799999237060554,33.36999893188477,32.660999298095696,33.040000915527344,32.07346725463867
2019-03-19,159700,33.02000045776367,33.09000015258789,32.625,32.860000610351555,31.89873313903809
2019-03-18,178100,32.86999893188477,33.209999084472656,32.47999954223633,32.84000015258789,31.87931823730469
2019-03-15,234900,32.360000610351555,32.939998626708984,32.24399948120117,32.790000915527344,31.83078193664551
2019-03-14,123700,32.5,32.580001831054695,31.97200012207031,32.169998168945305,31.22891616821289
2019-03-13,193700,32.22999954223633,32.61899948120117,31.92900085449219,32.490001678466804,31.53955841064453
2019-03-12,176700,31.85000038146973,32.25,31.520000457763672,32.130001068115234,31.19008827209473
2019-03-11,177100,30.739999771118164,31.78000068664551,30.72599983215332,31.78000068664551,30.85032653808593
2019-03-08,131400,29.89999961853028,30.63999938964844,29.670000076293945,30.57999992370605,29.6854305267334
2019-03-07,175000,30.34000015258789,30.8439998626709,29.82999992370605,30.51000022888184,29.61747741699219
2019-03-06,138500,31.709999084472656,31.7450008392334,30.39999961853028,30.45000076293945,29.559234619140625
2019-03-05,156700,31.71999931335449,32.042999267578125,31.268999099731445,31.68000030517578,30.753252029418945
2019-03-04,204200,32.720001220703125,32.720001220703125,31.12899971008301,31.790000915527344,30.86003494262696
2019-03-01,143800,31.0,32.130001068115234,30.941999435424805,32.080001831054695,31.14155197143555
2019-02-28,160800,31.28000068664551,31.38999938964844,30.63599967956543,30.78000068664551,29.879579544067383
2019-02-27,132900,30.25,31.25,30.25,31.18000030517578,30.267879486083984
2019-02-26,97200,30.25,30.59000015258789,30.25,30.34000015258789,29.452451705932614
2019-02-25,189300,30.0,30.64999961853028,30.0,30.5,29.607770919799805
2019-02-22,81100,29.04999923706055,29.520000457763672,29.04999923706055,29.46999931335449,28.60790061950684
2019-02-21,91500,29.57999992370605,29.6200008392334,28.78000068664551,28.989999771118164,28.14194297790528
2019-02-20,66100,29.1299991607666,29.60099983215332,29.06999969482422,29.45000076293945,28.58848762512207
2019-02-19,119400,28.96999931335449,29.21199989318848,28.96699905395508,29.04999923706055,28.20018768310547
2019-02-15,69700,28.90999984741211,29.11000061035156,28.6200008392334,29.013999938964844,28.16524124145508
2019-02-14,60300,28.670000076293945,28.70000076293945,28.43000030517578,28.64999961853028,27.8118896484375
2019-02-13,87300,28.709999084472656,28.89999961853028,28.559999465942383,28.739999771118164,27.89925575256348
2019-02-12,160100,28.459999084472656,28.54599952697754,28.2189998626709,28.540000915527344,27.705108642578125
2019-02-11,74500,27.82999992370605,28.309999465942383,27.82999992370605,28.1299991607666,27.30710029602051
2019-02-08,40300,27.290000915527344,27.88999938964844,27.290000915527344,27.78000068664551,26.96734046936035
2019-02-07,77600,28.06999969482422,28.23600006103516,27.34000015258789,27.59000015258789,26.78289794921875
2019-02-06,46200,28.39999961853028,28.59000015258789,28.15999984741211,28.36000061035156,27.530372619628903
2019-02-05,69900,28.70000076293945,29.0,28.209999084472656,28.309999465942383,27.48183441162109
2019-02-04,357000,28.29999923706055,28.56999969482422,28.04999923706055,28.559999465942383,27.72452163696289
2019-02-01,54500,28.21999931335449,28.6200008392334,28.04999923706055,28.256999969482425,27.43038558959961
2019-01-31,150500,27.59000015258789,28.239999771118164,27.57999992370605,28.21999931335449,27.39446830749512
2019-01-30,84500,27.35000038146973,27.690000534057614,27.04100036621093,27.63999938964844,26.83143424987793
2019-01-29,119800,27.32999992370605,27.38999938964844,26.8700008392334,27.07999992370605,26.28781700134277
2019-01-28,46000,27.75,27.979999542236328,27.229999542236328,27.38999938964844,26.58874893188477
2019-01-25,87600,27.95000076293945,28.21999931335449,27.5049991607666,28.1879997253418,27.3634033203125
2019-01-24,37900,27.26000022888184,27.68000030517578,27.1299991607666,27.68000030517578,26.87026596069336
2019-01-23,79400,27.88999938964844,28.39999961853028,26.95000076293945,27.209999084472656,26.41401290893555
2019-01-22,188800,28.21999931335449,28.565000534057614,27.57999992370605,27.809999465942383,26.99646186828613
2019-01-18,157100,28.88999938964844,28.89999961853028,28.31999969482422,28.82999992370605,27.98662376403809
2019-01-17,118100,28.26000022888184,28.770000457763672,28.15999984741211,28.54999923706055,27.714813232421875
2019-01-16,190500,28.28000068664551,28.88999938964844,28.28000068664551,28.32999992370605,27.501251220703125
2019-01-15,137100,27.6200008392334,28.13999938964844,27.36000061035156,28.1200008392334,27.297393798828125
2019-01-14,78800,27.71999931335449,27.80699920654297,27.36000061035156,27.36000061035156,26.559627532958984
2019-01-11,94300,27.979999542236328,28.190000534057614,27.68000030517578,28.07999992370605,27.258563995361328
2019-01-10,98300,27.6200008392334,28.1299991607666,27.34000015258789,28.11000061035156,27.287687301635746
2019-01-09,144100,27.21999931335449,28.07999992370605,27.15299987792969,27.93000030517578,27.112951278686523
2019-01-08,190700,27.70000076293945,27.790000915527344,26.56999969482422,27.10000038146973,26.30723190307617
2019-01-07,212600,26.559999465942383,27.520000457763672,26.34900093078613,27.31999969482422,26.520795822143555
2019-01-04,146600,24.60000038146973,25.84000015258789,24.60000038146973,25.729999542236328,24.97730827331543
2019-01-03,62100,24.5,24.670000076293945,24.08799934387207,24.209999084472656,23.50177383422852
2019-01-02,107800,23.690000534057614,24.520000457763672,23.45199966430664,24.520000457763672,23.80270576477051
2018-12-31,405500,23.520000457763672,24.06999969482422,23.520000457763672,23.979999542236328,23.27850341796875
2018-12-28,177600,23.26000022888184,23.79999923706055,22.981000900268555,23.35000038146973,22.666933059692383
2018-12-27,178700,23.059999465942383,23.167999267578125,22.100000381469727,23.10000038146973,22.424245834350582
2018-12-26,193100,22.60000038146973,23.71999931335449,22.420000076293945,23.68000030517578,22.534912109375
2018-12-24,142200,22.31999969482422,22.76000022888184,21.97599983215332,22.39999961853028,21.31680679321289
2018-12-21,659800,24.28000068664551,24.28000068664551,22.32999992370605,22.36000061035156,21.278743743896484
2018-12-20,345100,25.1299991607666,25.46500015258789,23.8799991607666,24.10000038146973,22.934600830078125
2018-12-19,97900,25.85000038146973,26.48500061035156,25.020000457763672,25.28000068664551,24.05754089355469
2018-12-18,99600,26.56999969482422,26.66399955749512,25.51000022888184,25.84499931335449,24.59521675109864
2018-12-17,104100,27.059999465942383,27.540000915527344,26.14999961853028,26.21999931335449,24.952083587646484
2018-12-14,214300,27.479999542236328,27.959999084472656,27.10000038146973,27.25,25.93227577209473
2018-12-13,89000,28.82999992370605,28.82999992370605,27.80200004577637,27.93000030517578,26.57939338684082
2018-12-12,47700,28.690000534057614,29.07999992370605,28.57999992370605,28.59000015258789,27.20747947692871
2018-12-11,157300,28.46999931335449,28.53000068664551,27.86000061035156,28.20000076293945,26.83633804321289
2018-12-10,34700,27.84000015258789,28.229999542236328,27.45400047302246,28.04800033569336,26.691688537597656
2018-12-07,115000,28.8700008392334,29.07999992370605,27.73900032043457,27.89999961853028,26.550844192504886
2018-12-06,155400,28.3799991607666,29.11000061035156,28.07999992370605,28.979999542236328,27.5786190032959
2018-12-04,130900,30.63999938964844,30.84000015258789,29.020000457763672,29.03000068664551,27.626201629638672
2018-12-03,127000,30.5,30.70000076293945,30.25,30.65999984741211,29.177379608154297
2018-11-30,65900,29.78000068664551,29.790000915527344,29.28000068664551,29.790000915527344,28.34945297241211
2018-11-29,99700,29.459999084472656,30.02199935913086,29.29800033569336,29.70000076293945,28.263803482055664
2018-11-28,62200,28.78000068664551,29.57900047302246,28.459999084472656,29.57900047302246,28.14865493774414
2018-11-27,141200,28.57999992370605,28.768999099731445,28.38400077819824,28.459999084472656,27.08376502990723
2018-11-26,226300,28.78000068664551,29.06999969482422,28.540000915527344,28.959999084472656,27.559585571289062
2018-11-23,23100,27.90999984741211,28.84000015258789,27.559999465942383,28.31999969482422,26.95053482055664
2018-11-21,178200,28.0,28.209999084472656,27.540000915527344,28.14999961853028,26.78875541687012
2018-11-20,125700,27.3700008392334,27.79999923706055,26.93000030517578,27.3799991607666,26.05599021911621
2018-11-19,72200,29.1200008392334,29.13500022888184,27.7450008392334,27.940000534057614,26.588911056518555
2018-11-16,58000,28.86000061035156,29.25,28.47900009155273,29.13999938964844,27.73088264465332
2018-11-15,47700,27.979999542236328,29.11000061035156,27.83799934387207,28.979999542236328,27.5786190032959
2018-11-14,61100,29.14999961853028,29.229999542236328,27.90999984741211,28.0,26.64600944519043
2018-11-13,54300,28.65999984741211,29.25,28.65999984741211,28.85000038146973,27.45490646362305
2018-11-12,79300,29.76000022888184,29.76000022888184,28.51000022888184,28.65999984741211,27.27409362792969
2018-11-09,149100,30.04999923706055,30.34000015258789,29.70000076293945,29.8700008392334,28.42558288574219
2018-11-08,361100,31.0,31.14999961853028,30.36000061035156,30.520000457763672,29.044151306152344
2018-11-07,259000,30.270000457763672,30.85000038146973,30.040000915527344,30.739999771118164,29.25351142883301
2018-11-06,100800,29.81999969482422,30.170000076293945,29.53499984741211,29.75,28.311384201049805
2018-11-05,119800,30.25,30.28499984741211,29.35000038146973,29.96999931335449,28.5207462310791
2018-11-02,340100,29.790000915527344,30.20000076293945,29.34000015258789,30.0,28.54929542541504
2018-11-01,275400,27.940000534057614,28.73500061035156,27.920000076293945,28.68000030517578,27.293127059936523
2018-10-31,70200,27.440000534057614,27.9950008392334,27.440000534057614,27.63999938964844,26.30341720581055
2018-10-30,166700,25.86000061035156,27.066999435424805,25.86000061035156,26.8799991607666,25.58016967773437
2018-10-29,123500,27.0,27.39999961853028,25.68000030517578,26.10000038146973,24.83788681030273
2018-10-26,122400,26.18000030517578,27.0,25.979999542236328,26.60000038146973,25.31370735168457
2018-10-25,229100,26.440000534057614,27.242000579833984,26.239999771118164,26.90999984741211,25.60871696472168
2018-10-24,217800,28.25,28.434999465942383,26.209999084472656,26.25,24.98063468933105
2018-10-23,188500,27.68000030517578,28.489999771118164,27.3129997253418,28.07900047302246,26.72118949890137
2018-10-22,72600,28.85000038146973,28.88599967956543,28.040000915527344,28.28000068664551,26.9124698638916
2018-10-19,111100,29.489999771118164,29.89999961853028,28.60000038146973,28.63999938964844,27.25506019592285
2018-10-18,95400,30.13999938964844,30.18000030517578,29.14999961853028,29.3700008392334,27.94976043701172
2018-10-17,68600,30.170000076293945,30.36000061035156,29.506000518798828,30.13999938964844,28.682525634765625
2018-10-16,104600,29.07500076293945,30.239999771118164,28.90099906921387,30.14999961853028,28.69204139709473
2018-10-15,85500,29.239999771118164,29.239999771118164,28.30500030517578,28.78000068664551,27.38829040527344
2018-10-12,121500,29.14999961853028,29.41900062561035,28.63999938964844,29.10000038146973,27.69281768798828
2018-10-11,140000,28.989999771118164,29.145000457763672,28.1299991607666,28.420000076293945,27.04570007324219
2018-10-10,234100,29.89999961853028,29.89999961853028,28.46999931335449,28.479999542236328,27.102798461914062
2018-10-09,159400,29.76000022888184,30.29999923706055,29.729999542236328,29.940000534057614,28.492197036743164
2018-10-08,193500,30.18000030517578,30.29999923706055,29.43000030517578,29.739999771118164,28.301868438720703
2018-10-05,233100,30.59000015258789,31.1200008392334,29.64999961853028,30.29999923706055,28.83478736877441
2018-10-04,258400,31.959999084472656,31.959999084472656,30.55599975585937,30.76000022888184,29.272544860839844
2018-10-03,161400,31.739999771118164,32.169998168945305,31.6200008392334,31.959999084472656,30.41451644897461
2018-10-02,269700,32.810001373291016,32.810001373291016,31.68000030517578,31.76000022888184,30.22418785095215
2018-10-01,158200,33.720001220703125,33.720001220703125,32.540000915527344,32.610000610351555,31.03308486938477
2018-09-28,151300,33.459999084472656,33.698001861572266,33.347999572753906,33.43000030517578,31.813432693481445
2018-09-27,192200,33.43000030517578,33.755001068115234,33.21099853515625,33.59000015258789,31.96569633483887
2018-09-26,164000,33.5099983215332,33.59000015258789,33.080001831054695,33.115001678466804,31.5136661529541
2018-09-25,240100,33.25,33.488998413085945,33.040000915527344,33.279998779296875,31.670684814453125
2018-09-24,108500,32.709999084472656,32.987998962402344,32.351001739501946,32.919998168945305,31.32809257507324
2018-09-21,315800,33.7599983215332,33.830001831054695,32.639999389648445,32.709999084472656,31.12824630737305
2018-09-20,205400,33.81999969482422,33.959999084472656,33.470001220703125,33.65999984741211,32.03230667114258
2018-09-19,215400,34.139999389648445,34.25,33.415000915527344,33.490001678466804,31.87053108215332
2018-09-18,211300,33.11999893188477,34.06999969482422,33.08599853515625,34.040000915527344,32.393936157226555
2018-09-17,218300,33.86999893188477,33.86999893188477,33.054000854492195,33.150001525878906,31.54697227478028
2018-09-14,244200,33.580001831054695,33.81399917602539,33.299999237060554,33.669998168945305,32.041824340820305
2018-09-13,421100,33.189998626708984,33.439998626708984,32.916000366210945,33.31999969482422,31.708749771118164
2018-09-12,112100,33.11999893188477,33.11999893188477,32.459999084472656,32.90999984741211,31.31857872009277
2018-09-11,124400,32.110000610351555,32.880001068115234,32.110000610351555,32.84000015258789,31.2519645690918
2018-09-10,111700,32.779998779296875,32.779998779296875,32.049999237060554,32.299999237060554,30.738075256347656
2018-09-07,130900,32.18000030517578,32.98300170898437,32.15999984741211,32.47900009155273,30.90841865539551
2018-09-06,229800,33.700000762939446,33.700000762939446,32.56999969482422,32.56999969482422,30.99501800537109
2018-09-05,265600,34.290000915527344,34.380001068115234,33.15999984741211,33.7599983215332,32.12747573852539
2018-09-04,231800,34.450000762939446,34.689998626708984,33.630001068115234,34.15399932861328,32.50242233276367
2018-08-31,283700,34.22999954223633,34.669998168945305,34.147998809814446,34.450000762939446,32.784107208251946
2018-08-30,293600,33.75,34.23199844360352,33.61999893188477,34.11999893188477,32.47006225585937
2018-08-29,176700,33.200000762939446,33.798999786376946,32.970001220703125,33.702999114990234,32.0732307434082
2018-08-28,92300,32.93000030517578,33.029998779296875,32.65599822998047,32.99499893188477,31.39946556091309
2018-08-27,141400,32.580001831054695,33.060001373291016,32.389999389648445,32.950000762939446,31.35664367675781
2018-08-24,238900,32.18000030517578,32.450000762939446,32.060001373291016,32.360000610351555,30.795175552368164
2018-08-23,216800,31.79999923706055,32.139999389648445,31.684999465942383,32.0,30.45258140563965
2018-08-22,116600,31.770000457763672,31.959999084472656,31.64999961853028,31.8799991607666,30.3383846282959
2018-08-21,117600,31.26000022888184,31.809999465942383,31.163000106811523,31.690000534057614,30.15757179260254
2018-08-20,63900,30.989999771118164,31.1200008392334,30.71199989318848,31.07999992370605,29.57707023620605
2018-08-17,86100,31.09000015258789,31.09000015258789,30.51099967956543,30.8799991607666,29.3867416381836
2018-08-16,84200,30.6299991607666,31.25,30.6299991607666,31.0,29.500940322875977
2018-08-15,170000,30.709999084472656,30.95000076293945,30.36199951171875,30.60000038146973,29.120281219482425
2018-08-14,118300,30.75,31.21999931335449,30.75,30.96999931335449,29.47238922119141
2018-08-13,59800,30.81999969482422,30.94799995422364,30.479999542236328,30.709999084472656,29.22496223449707
2018-08-10,54500,30.5,30.86000061035156,30.26000022888184,30.76000022888184,29.272544860839844
2018-08-09,204800,30.25,31.04999923706055,30.1200008392334,30.57999992370605,29.10124969482422
2018-08-08,152100,30.01000022888184,30.26499938964844,29.90800094604492,30.14999961853028,28.69204139709473
2018-08-07,113900,29.739999771118164,29.913000106811523,29.46500015258789,29.88999938964844,28.44461441040039
2018-08-06,53800,29.309999465942383,29.614999771118164,29.20000076293945,29.5,28.073474884033203
2018-08-03,52800,29.32999992370605,29.709999084472656,29.290000915527344,29.31999969482422,27.902177810668945
2018-08-02,442300,29.32999992370605,29.70000076293945,29.1560001373291,29.64999961853028,28.21622085571289
2018-08-01,54400,29.53000068664551,29.739999771118164,29.19599914550781,29.35000038146973,27.930727005004886
2018-07-31,55000,28.90999984741211,29.61899948120117,28.85000038146973,29.39999961853028,27.978309631347656
2018-07-30,114300,28.96999931335449,29.040000915527344,28.5310001373291,28.64999961853028,27.264577865600582
2018-07-27,162000,30.489999771118164,30.489999771118164,28.75,29.01000022888184,27.60716819763184
2018-07-26,67700,30.489999771118164,30.51000022888184,29.8700008392334,30.1200008392334,28.663494110107425
2018-07-25,88600,30.40999984741211,30.59000015258789,30.1200008392334,30.54999923706055,29.07269859313965
2018-07-24,120800,31.21999931335449,31.28000068664551,29.959999084472656,30.190000534057614,28.7301082611084
2018-07-23,81700,31.35000038146973,31.39999961853028,30.920000076293945,30.95800018310547,29.46096992492676
2018-07-20,85000,31.39999961853028,31.46999931335449,31.10000038146973,31.239999771118164,29.729331970214844
2018-07-19,232300,30.979999542236328,31.39999961853028,30.75,31.38999938964844,29.872079849243164
2018-07-18,107300,31.20000076293945,31.20000076293945,30.69499969482422,30.989999771118164,29.49142265319824
2018-07-17,136400,30.75,31.32999992370605,30.73600006103516,31.190000534057614,29.681751251220703
2018-07-16,116800,31.8700008392334,31.8700008392334,30.75,30.84499931335449,29.35343360900879
2018-07-13,126200,31.8700008392334,31.88999938964844,31.440000534057614,31.690000534057614,30.15757179260254
2018-07-12,101200,31.5,31.60000038146973,31.20100021362305,31.60000038146973,30.07192420959473
2018-07-11,57600,30.64999961853028,31.239999771118164,30.56999969482422,31.13999938964844,29.63416862487793
2018-07-10,85600,31.31999969482422,31.44499969482422,30.959999084472656,31.040000915527344,29.539005279541016
2018-07-09,113800,31.38999938964844,31.47800064086914,30.78000068664551,31.15999984741211,29.65320205688477
2018-07-06,113300,30.45000076293945,31.07999992370605,30.45000076293945,31.07999992370605,29.57707023620605
2018-07-05,92000,30.31999969482422,30.31999969482422,29.63999938964844,30.14999961853028,28.69204139709473
2018-07-03,307600,29.95000076293945,30.0,29.61000061035156,29.95000076293945,28.5017147064209
2018-07-02,56300,29.209999084472656,29.70000076293945,28.979999542236328,29.70000076293945,28.263803482055664
2018-06-29,54000,29.21999931335449,29.38999938964844,29.059999465942383,29.059999465942383,27.654748916625977
2018-06-28,65600,29.06999969482422,29.06999969482422,28.25,28.979999542236328,27.5786190032959
2018-06-27,149200,30.07999992370605,30.086000442504886,28.89999961853028,28.89999961853028,27.50248718261719
2018-06-26,132000,29.809999465942383,30.0,29.34000015258789,29.85000038146973,28.40654945373535
2018-06-25,151700,30.690000534057614,30.690000534057614,29.56999969482422,29.71999931335449,28.28283500671387
2018-06-22,96400,31.190000534057614,31.21999931335449,30.46999931335449,30.690000534057614,29.20593070983887
2018-06-21,167600,31.75,31.79999923706055,30.809999465942383,30.920000076293945,29.424808502197266
2018-06-20,135800,30.95000076293945,31.60000038146973,30.95000076293945,31.57999992370605,30.05289077758789
2018-06-19,53800,30.440000534057614,30.78000068664551,30.07500076293945,30.75,29.263029098510746
2018-06-18,113300,30.21999931335449,30.53000068664551,29.920000076293945,30.5,29.025115966796875
2018-06-15,64700,29.8700008392334,30.28000068664551,29.8700008392334,30.239999771118164,28.77769088745117
2018-06-14,163200,29.88999938964844,30.170000076293945,29.684999465942383,30.170000076293945,28.71107482910156
2018-06-13,83700,29.76000022888184,30.093000411987305,29.52799987792969,29.770000457763672,28.33041763305664
2018-06-12,89500,29.57999992370605,29.79999923706055,29.459999084472656,29.63999938964844,28.20670318603516
2018-06-11,110700,29.79999923706055,30.04999923706055,29.082000732421875,29.32999992370605,27.91169548034668
2018-06-08,68600,29.739999771118164,29.8700008392334,29.489999771118164,29.71999931335449,28.28283500671387
2018-06-07,72400,29.8799991607666,29.96999931335449,29.37800025939941,29.65999984741211,28.22573661804199
2018-06-06,126300,29.790000915527344,29.91399955749512,29.61000061035156,29.90999984741211,28.46364784240723
2018-06-05,138000,29.20000076293945,29.6200008392334,29.20000076293945,29.59000015258789,28.159122467041016
2018-06-04,120700,29.0,29.1200008392334,28.479999542236328,29.1200008392334,27.711849212646484
2018-06-01,102400,29.51000022888184,29.518999099731445,28.81999969482422,28.95100021362305,27.55102157592773
2018-05-31,78200,29.06999969482422,29.46999931335449,29.0,29.229999542236328,27.8165283203125
2018-05-30,68800,28.90999984741211,29.3700008392334,28.90999984741211,29.295000076293945,27.878387451171875
2018-05-29,110000,28.78000068664551,28.85000038146973,28.3799991607666,28.61000061035156,27.22651100158692
2018-05-25,49800,29.10000038146973,29.10000038146973,28.70800018310547,28.88999938964844,27.49296951293945
2018-05-24,71500,29.09000015258789,29.229999542236328,28.76000022888184,28.989999771118164,27.58813667297364
2018-05-23,148600,28.420000076293945,29.09000015258789,28.3799991607666,28.959999084472656,27.559585571289062
2018-05-22,336800,27.989999771118164,28.57999992370605,27.95400047302246,28.45000076293945,27.074249267578125
2018-05-21,46100,28.26000022888184,28.39999961853028,27.70000076293945,27.86000061035156,26.512779235839844
2018-05-18,67400,28.5,28.6200008392334,27.9950008392334,28.1299991607666,26.76972198486328
2018-05-17,72400,28.1200008392334,28.5,28.0,28.46999931335449,27.093280792236328
2018-05-16,126400,28.1299991607666,28.46999931335449,27.76000022888184,28.229999542236328,26.864887237548828
2018-05-15,91700,28.229999542236328,28.229999542236328,27.7509994506836,28.06999969482422,26.71262359619141
2018-05-14,68500,27.76000022888184,28.45000076293945,27.75,28.11000061035156,26.75069046020508
2018-05-11,112600,26.989999771118164,27.790000915527344,26.989999771118164,27.75,26.408098220825195
2018-05-10,107400,27.020000457763672,27.38999938964844,26.88999938964844,26.89999961853028,25.59920120239257
2018-05-09,132300,26.290000915527344,27.040000915527344,26.290000915527344,26.989999771118164,25.684850692749023
2018-05-08,25100,26.51000022888184,26.51000022888184,26.07999992370605,26.25,24.98063468933105
2018-05-07,70300,25.89999961853028,26.6299991607666,25.89999961853028,26.420000076293945,25.14241409301757
2018-05-04,31900,25.11000061035156,26.06999969482422,25.11000061035156,25.770000457763672,24.523845672607425
2018-05-03,192400,25.79999923706055,25.79999923706055,25.15999984741211,25.540000915527344,24.304967880249023
2018-05-02,16700,25.729999542236328,26.059999465942383,25.3799991607666,25.78000068664551,24.533361434936523
2018-05-01,27600,25.3799991607666,25.6299991607666,25.28499984741211,25.61000061035156,24.37158203125
2018-04-30,39500,25.989999771118164,26.229999542236328,25.3799991607666,25.40999984741211,24.18125343322754
2018-04-27,167300,26.15999984741211,26.15999984741211,25.61000061035156,25.93000030517578,24.67610740661621
2018-04-26,64600,25.45000076293945,26.0,25.45000076293945,26.0,24.74272346496582
2018-04-25,57400,25.670000076293945,25.82999992370605,25.26099967956543,25.459999084472656,24.22883415222168
2018-04-24,218600,26.32999992370605,26.43000030517578,25.545000076293945,25.739999771118164,24.495296478271484
2018-04-23,286600,26.729999542236328,26.729999542236328,25.78499984741211,26.059999465942383,24.79982185363769
2018-04-20,45200,26.90999984741211,26.90999984741211,26.40999984741211,26.46500015258789,25.18523597717285
2018-04-19,220000,27.239999771118164,27.26000022888184,26.65999984741211,26.729999542236328,25.43742179870605
2018-04-18,244500,27.229999542236328,27.3799991607666,26.96999931335449,27.13999938964844,25.82759475708008
2018-04-17,70000,26.63999938964844,27.14999961853028,26.51000022888184,27.04999923706055,25.7419490814209
2018-04-16,29500,26.75,26.76700019836425,26.28000068664551,26.3700008392334,25.09483337402344
2018-04-13,44800,27.0,27.0,26.270000457763672,26.4689998626709,25.189043045043945
2018-04-12,61800,26.59000015258789,26.96999931335449,26.5,26.79999923706055,25.50403594970703
2018-04-11,49900,25.89999961853028,26.82999992370605,25.89999961853028,26.3700008392334,25.09483337402344
2018-04-10,62300,25.79999923706055,26.13999938964844,25.57999992370605,26.04999923706055,24.79030418395996
2018-04-09,44600,25.0,25.81599998474121,25.0,25.25,24.02898979187012
2018-04-06,62400,25.270000457763672,25.75,24.62899971008301,24.809999465942383,23.61026763916016
2018-04-05,47600,26.31999969482422,26.520000457763672,25.47100067138672,25.64999961853028,24.40964698791504
2018-04-04,52400,24.81999969482422,26.058000564575195,24.81999969482422,25.95000076293945,24.69514083862305
2018-04-03,33800,24.88999938964844,25.40999984741211,24.742000579833984,25.3799991607666,24.1527042388916
2018-04-02,133700,25.96999931335449,25.96999931335449,24.6299991607666,24.86000061035156,23.65785026550293
2018-03-29,88500,25.93000030517578,26.14299964904785,25.52899932861328,25.75,24.504812240600582
2018-03-28,112700,25.76000022888184,25.8700008392334,25.04999923706055,25.63999938964844,24.400129318237305
2018-03-27,133500,27.59000015258789,27.59000015258789,25.84000015258789,25.8700008392334,24.619009017944336
2018-03-26,78100,27.489999771118164,27.690000534057614,26.5310001373291,27.36000061035156,26.03695869445801
2018-03-23,82500,27.459999084472656,27.8700008392334,26.979999542236328,26.979999542236328,25.67533302307129
2018-03-22,74300,27.8700008392334,28.184999465942383,27.5,27.540000915527344,26.20825386047364
2018-03-21,92100,27.8700008392334,28.29899978637696,27.76000022888184,28.09000015258789,26.73165702819824
2018-03-20,71700,28.09000015258789,28.43000030517578,27.85000038146973,28.03000068664551,26.67455863952637
2018-03-19,121700,28.46999931335449,28.46999931335449,27.70000076293945,28.07500076293945,26.71738243103028
2018-03-16,85800,28.520000457763672,28.89999961853028,28.46999931335449,28.54999923706055,27.16941070556641
2018-03-15,101600,29.3700008392334,29.39299964904785,28.53000068664551,28.729999542236328,27.340707778930664
2018-03-14,104900,29.89999961853028,29.940000534057614,29.15999984741211,29.420000076293945,27.99734306335449
2018-03-13,167000,30.309999465942383,30.45000076293945,29.641000747680664,29.87800025939941,28.433195114135746
2018-03-12,258500,30.43000030517578,30.51000022888184,29.78000068664551,30.09000015258789,28.63494300842285
2018-03-09,223000,29.690000534057614,30.25,29.309999465942383,30.10000038146973,28.644460678100582
2018-03-08,177600,29.0,29.35000038146973,28.7810001373291,29.27799987792969,27.86220932006836
2018-03-07,135700,27.979999542236328,28.770000457763672,27.93000030517578,28.709999084472656,27.32167625427246
2018-03-06,82400,28.1299991607666,28.18000030517578,27.67099952697754,28.06999969482422,26.71262359619141
2018-03-05,60400,27.56999969482422,27.989999771118164,27.340999603271484,27.86000061035156,26.512779235839844
2018-03-02,119500,26.32999992370605,27.56999969482422,26.059999465942383,27.513999938964844,26.18350982666016
2018-03-01,111400,27.18000030517578,27.233999252319336,26.410999298095703,26.770000457763672,25.47548866271973
2018-02-28,68800,27.60000038146973,27.86000061035156,27.18000030517578,27.18000030517578,25.86566162109375
2018-02-27,130900,28.01000022888184,28.04999923706055,27.40500068664551,27.479999542236328,26.151153564453125
2018-02-26,135700,27.489999771118164,27.979999542236328,27.20000076293945,27.93000030517578,26.57939338684082
2018-02-23,85600,27.0,27.14999961853028,26.459999084472656,27.07999992370605,25.770496368408203
2018-02-22,84100,26.979999542236328,27.09000015258789,26.60000038146973,26.6200008392334,25.33274269104004
2018-02-21,107500,26.5,27.479999542236328,26.39999961853028,26.709999084472656,25.41839027404785
2018-02-20,44000,26.75,26.979999542236328,26.36000061035156,26.39999961853028,25.123380661010746
2018-02-16,87800,26.8799991607666,27.10000038146973,26.64299964904785,26.75,25.45645523071289
2018-02-15,83100,26.70000076293945,26.8700008392334,26.229999542236328,26.70000076293945,25.40887451171875
2018-02-14,109400,25.420000076293945,26.56999969482422,25.309999465942383,26.40999984741211,25.132896423339844
2018-02-13,53200,25.68000030517578,25.84600067138672,25.090999603271484,25.790000915527344,24.54287910461425
2018-02-12,89500,25.6200008392334,26.01000022888184,25.239999771118164,25.75,24.504812240600582
2018-02-09,98800,25.31999969482422,25.97900009155273,24.0,25.34000015258789,24.11463928222656
2018-02-08,85400,27.10000038146973,27.1299991607666,25.39999961853028,25.43000030517578,24.20028686523437
2018-02-07,123800,26.25,27.06999969482422,26.25,26.82999992370605,25.53258514404297
2018-02-06,131900,25.10000038146973,26.37899971008301,24.70000076293945,26.270000457763672,24.99966621398925
2018-02-05,105000,26.13999938964844,26.79999923706055,25.440000534057614,25.68000030517578,24.43819808959961
2018-02-02,118700,27.10000038146973,27.35000038146973,26.53000068664551,26.53000068664551,25.24709510803223
2018-02-01,57200,27.63999938964844,27.80900001525879,27.18000030517578,27.39999961853028,26.07502365112305
2018-01-31,255600,28.76000022888184,28.76000022888184,27.5,27.690000534057614,26.35099983215332
2018-01-30,148700,28.78000068664551,28.90999984741211,28.160999298095703,28.54999923706055,27.16941070556641
2018-01-29,242600,28.770000457763672,29.440000534057614,28.60000038146973,29.270000457763672,27.854597091674805
2018-01-26,132300,28.559999465942383,28.770000457763672,28.257999420166016,28.6200008392334,27.23602867126465
2018-01-25,167400,28.309999465942383,28.39999961853028,27.86899948120117,28.29999923706055,26.931501388549805
2018-01-24,170300,28.5,28.5,27.59000015258789,27.94099998474121,26.589862823486328
2018-01-23,246000,27.79999923706055,28.28000068664551,27.59000015258789,28.21999931335449,26.85536956787109
2018-01-22,235000,26.6299991607666,27.59000015258789,26.6299991607666,27.559999465942383,26.22728538513184
2018-01-19,77900,26.25,26.25,25.81100082397461,26.077999114990234,24.81694984436035
2018-01-18,49300,25.88999938964844,26.13999938964844,25.51099967956543,26.020000457763672,24.761756896972656
2018-01-17,78700,25.76000022888184,25.979999542236328,25.62100028991699,25.84499931335449,24.59521675109864
2018-01-16,94200,25.76000022888184,25.99900054931641,24.70000076293945,24.95000076293945,23.743497848510746
2018-01-12,95100,25.93000030517578,26.21999931335449,25.70000076293945,25.70000076293945,24.45722961425781
2018-01-11,51100,25.95000076293945,26.040000915527344,25.75,25.81999969482422,24.57142639160156
2018-01-10,31500,25.60000038146973,25.75,25.18000030517578,25.75,24.504812240600582
2018-01-09,52800,25.39999961853028,25.66900062561035,25.34000015258789,25.59000015258789,24.352548599243164
2018-01-08,75100,25.64999961853028,25.64999961853028,24.75,25.190000534057614,23.97189140319824
2018-01-05,123100,25.989999771118164,26.0,25.770000457763672,25.85000038146973,24.59997749328613
2018-01-04,30100,25.76000022888184,25.84700012207031,25.40999984741211,25.76000022888184,24.51432800292969
2018-01-03,65500,25.5,25.73900032043457,25.35000038146973,25.54999923706055,24.314483642578125
2018-01-02,82200,24.64999961853028,25.45000076293945,24.54999923706055,25.3700008392334,24.1431884765625
2017-12-29,70700,25.040000915527344,25.13500022888184,24.46999931335449,24.489999771118164,23.30574035644531
2017-12-28,25000,24.86000061035156,24.86000061035156,24.49900054931641,24.85099983215332,23.64928436279297
2017-12-27,25200,24.75,24.87899971008301,24.57999992370605,24.729999542236328,23.534135818481445
2017-12-26,17800,24.75,25.07999992370605,24.75,24.93000030517578,23.41232681274414
2017-12-22,21100,24.809999465942383,24.93000030517578,24.440000534057614,24.84000015258789,23.32780456542969
2017-12-21,28100,24.690000534057614,24.85000038146973,24.65500068664551,24.78000068664551,23.27145767211914
2017-12-20,39000,24.56999969482422,24.67900085449219,24.34199905395508,24.61000061035156,23.11180686950684
2017-12-19,41200,24.68000030517578,24.68000030517578,24.270000457763672,24.36000061035156,22.87702751159668
2017-12-18,52100,24.8700008392334,24.8700008392334,24.39999961853028,24.57699966430664,23.0808162689209
2017-12-15,58600,24.14999961853028,24.479999542236328,23.809999465942383,24.40999984741211,22.92398262023925
2017-12-14,29100,24.420000076293945,24.45800018310547,23.920000076293945,23.959999084472656,22.50137710571289
2017-12-13,38500,24.25,24.52899932861328,24.0,24.36000061035156,22.87702751159668
2017-12-12,48300,24.8799991607666,24.8799991607666,24.17700004577637,24.26000022888184,22.783111572265625
2017-12-11,58000,25.53000068664551,25.6200008392334,24.6299991607666,24.71999931335449,23.21510887145996
2017-12-08,49000,25.3700008392334,25.3700008392334,25.0,25.15999984741211,23.62832450866699
2017-12-07,27900,24.36000061035156,25.0,24.36000061035156,24.89999961853028,23.384151458740234
2017-12-06,26800,24.57999992370605,24.6200008392334,24.020000457763672,24.420000076293945,22.93337440490723
2017-12-05,18900,25.15999984741211,25.3700008392334,24.670000076293945,24.690000534057614,23.18693733215332
2017-12-04,44300,26.15999984741211,26.5,24.989999771118164,24.989999771118164,23.46867370605469
2017-12-01,37200,25.81999969482422,26.10000038146973,25.06999969482422,25.979999542236328,24.39840316772461
2017-11-30,29900,25.21999931335449,25.7189998626709,25.21999931335449,25.683000564575195,24.11948585510254
2017-11-29,34400,25.479999542236328,25.51000022888184,24.82399940490723,25.0,23.478063583374023
2017-11-28,26300,25.3700008392334,25.3700008392334,24.85000038146973,25.27499961853028,23.7363224029541
2017-11-27,38300,25.25,25.3799991607666,25.04999923706055,25.26000022888184,23.72223663330078
2017-11-24,39900,25.440000534057614,25.61899948120117,25.21999931335449,25.21999931335449,23.68467140197754
2017-11-22,74200,25.13999938964844,25.489999771118164,25.06999969482422,25.440000534057614,23.89127922058105
2017-11-21,70600,24.93000030517578,25.170000076293945,24.77899932861328,24.99399948120117,23.47242927551269
2017-11-20,37500,24.739999771118164,24.84000015258789,24.56399917602539,24.69700050354004,23.19351005554199
2017-11-17,33500,24.6299991607666,24.708999633789062,24.347999572753903,24.64999961853028,23.14937210083008
2017-11-16,26300,24.26099967956543,24.77899932861328,24.26099967956543,24.49300003051757,23.00192832946777
2017-11-15,42100,23.690000534057614,24.211000442504886,23.540000915527344,24.1299991607666,22.661027908325195
2017-11-14,73500,24.32999992370605,24.35000038146973,23.410999298095703,23.8700008392334,22.41685676574707
2017-11-13,28200,24.54999923706055,24.56999969482422,24.270000457763672,24.36000061035156,22.87702751159668
2017-11-10,12800,24.10000038146973,24.57999992370605,24.10000038146973,24.57999992370605,23.08363342285156
2017-11-09,115800,24.65999984741211,24.65999984741211,23.979999542236328,24.295000076293945,22.81598281860352
2017-11-08,91400,24.65999984741211,24.729999542236328,24.5,24.670000076293945,23.168153762817383
2017-11-07,42700,25.28000068664551,25.28000068664551,24.60099983215332,24.6299991607666,23.13058662414551
2017-11-06,38800,25.690000534057614,25.690000534057614,25.29999923706055,25.34000015258789,23.797367095947266
2017-11-03,26000,25.479999542236328,25.65999984741211,25.34900093078613,25.57999992370605,24.02275466918945
2017-11-02,35600,24.85000038146973,25.3799991607666,24.71999931335449,25.23900032043457,23.7025146484375
2017-11-01,42700,26.03000068664551,26.093000411987305,25.17499923706055,25.209999084472656,23.67527961730957
2017-10-31,62500,25.920000076293945,26.16900062561035,25.68000030517578,25.959999084472656,24.379621505737305
2017-10-30,109600,25.70000076293945,25.989999771118164,25.489999771118164,25.81999969482422,24.24814414978028
2017-10-27,126400,25.13999938964844,25.63999938964844,25.05299949645996,25.6299991607666,24.06970977783203
2017-10-26,74500,25.229999542236328,25.229999542236328,24.87400054931641,25.00399971008301,23.48181915283203
2017-10-25,52100,25.690000534057614,25.770000457763672,25.239999771118164,25.334999084472656,23.79266929626465
2017-10-24,48100,26.39999961853028,26.39999961853028,25.78499984741211,25.81999969482422,24.24814414978028
2017-10-23,26100,26.520000457763672,26.70000076293945,26.37400054931641,26.37400054931641,24.76841926574707
2017-10-20,25300,26.29999923706055,26.68000030517578,26.29999923706055,26.51000022888184,24.89613914489746
2017-10-19,45800,26.26000022888184,26.34499931335449,26.0,26.29999923706055,24.69892501831055
2017-10-18,35800,26.690000534057614,26.729999542236328,26.295000076293945,26.3799991607666,24.7740535736084
2017-10-17,56900,26.60000038146973,26.709999084472656,26.420000076293945,26.46999931335449,24.85857391357422
2017-10-16,27100,26.38999938964844,26.87899971008301,26.25,26.440000534057614,24.830400466918945
2017-10-13,30900,26.78000068664551,26.78000068664551,26.29999923706055,26.395999908447266,24.789077758789062
2017-10-12,36000,26.78000068664551,26.78000068664551,26.39999961853028,26.52199935913086,24.90740776062012
2017-10-11,34300,26.790000915527344,26.790000915527344,26.60000038146973,26.64999961853028,25.027618408203125
2017-10-10,47700,26.809999465942383,26.88999938964844,26.39999961853028,26.739999771118164,25.11213684082031
2017-10-09,43200,26.95000076293945,27.170000076293945,26.739999771118164,26.75,25.12153053283692
2017-10-06,29100,26.79999923706055,27.01000022888184,26.670000076293945,26.88999938964844,25.25300598144531
2017-10-05,19900,26.65999984741211,26.86000061035156,26.47200012207031,26.81800079345703,25.18539047241211
2017-10-04,37500,26.70000076293945,26.85000038146973,26.45800018310547,26.489999771118164,24.87735748291016
2017-10-03,37500,26.56999969482422,26.690000534057614,26.170000076293945,26.690000534057614,25.06518173217773
2017-10-02,35600,26.35000038146973,26.479999542236328,26.0,26.4060001373291,24.798471450805664
2017-09-29,42100,26.190000534057614,26.25,25.952999114990234,26.239999771118164,24.64257621765137
2017-09-28,30300,25.6200008392334,26.20000076293945,25.50900077819824,26.04599952697754,24.460384368896484
2017-09-27,29800,25.35000038146973,25.60000038146973,25.190000534057614,25.540000915527344,23.985191345214844
2017-09-26,13500,25.540000915527344,25.709999084472656,25.270999908447266,25.35000038146973,23.8067569732666
2017-09-25,21500,25.79999923706055,25.79999923706055,25.40999984741211,25.57999992370605,24.02275466918945
2017-09-22,13700,25.79999923706055,25.8799991607666,25.63999938964844,25.766000747680664,24.19743347167969
2017-09-21,17100,25.56999969482422,26.10000038146973,25.56999969482422,25.75200080871582,24.18428611755371
2017-09-20,27800,25.5,25.809999465942383,25.441999435424805,25.691999435424805,24.12793731689453
2017-09-19,30800,25.709999084472656,25.709999084472656,25.290000915527344,25.40999984741211,23.86310386657715
2017-09-18,39100,25.61000061035156,25.729999542236328,25.520000457763672,25.56999969482422,24.01336479187012
2017-09-15,17800,25.489999771118164,25.59000015258789,25.34000015258789,25.44599914550781,23.89691162109375
2017-09-14,18100,25.51000022888184,25.709999084472656,25.24099922180176,25.489999771118164,23.93823432922364
2017-09-13,35400,25.420000076293945,25.520000457763672,25.209999084472656,25.5,23.9476261138916
2017-09-12,29100,25.520000457763672,25.520000457763672,25.170000076293945,25.28400039672852,23.74477577209473
2017-09-11,17400,25.5,25.5,25.15999984741211,25.32999992370605,23.787975311279297
2017-09-08,11100,25.29999923706055,25.29999923706055,25.10000038146973,25.117000579833984,23.58794212341309
2017-09-07,23400,25.14999961853028,25.29999923706055,24.84000015258789,25.29999923706055,23.75979995727539
2017-09-06,24400,25.39999961853028,25.39999961853028,24.8700008392334,25.059999465942383,23.53441047668457
2017-09-05,53600,25.09000015258789,25.30500030517578,24.7549991607666,25.15999984741211,23.62832450866699
2017-09-01,87500,25.39999961853028,25.42900085449219,25.04999923706055,25.36000061035156,23.81614875793457
2017-08-31,70500,24.39999961853028,25.28000068664551,24.39999961853028,25.14999961853028,23.618932723999023
2017-08-30,38300,24.20000076293945,24.540000915527344,24.20000076293945,24.39999961853028,22.91459083557129
2017-08-29,24100,23.89999961853028,24.319000244140625,23.79999923706055,24.20000076293945,22.72676658630371
2017-08-28,41200,23.25,23.98699951171875,23.25,23.964000701904297,22.5051326751709
2017-08-25,12700,22.979999542236328,23.170000076293945,22.63999938964844,22.75,21.36503791809082
2017-08-24,4600,22.540000915527344,22.729999542236328,22.448999404907227,22.729999542236328,21.34625625610352
2017-08-23,10500,22.40999984741211,22.65999984741211,22.3799991607666,22.489999771118164,21.12086677551269
2017-08-22,9800,22.049999237060547,22.52899932861328,22.040000915527344,22.489999771118164,21.12086677551269
2017-08-21,3200,21.780000686645508,22.0,21.71999931335449,21.959999084472656,20.62313270568848
2017-08-18,6800,22.0,22.030000686645508,21.76000022888184,21.86000061035156,20.529220581054688
2017-08-17,37400,22.459999084472656,22.57200050354004,21.950000762939453,21.950000762939453,20.613740921020508
2017-08-16,17800,22.770000457763672,22.8700008392334,22.5,22.5,21.13025665283203
2017-08-15,7700,22.756000518798828,22.891000747680664,22.60000038146973,22.60000038146973,21.224170684814453
2017-08-14,11800,22.739999771118164,22.815000534057614,22.6299991607666,22.815000534057614,21.426082611083984
2017-08-11,8900,21.88999938964844,22.402000427246094,21.88999938964844,22.38500022888184,21.022260665893555
2017-08-10,7600,22.424999237060547,22.424999237060547,21.93000030517578,21.979999542236328,20.64191246032715
2017-08-09,9500,22.440000534057614,22.68899917602539,22.440000534057614,22.51000022888184,21.1396484375
2017-08-08,11600,23.1200008392334,23.1200008392334,22.71999931335449,22.71999931335449,21.33686256408692
2017-08-07,22900,22.78000068664551,23.07099914550781,22.64999961853028,22.979999542236328,21.581035614013672
2017-08-04,42600,22.55299949645996,22.790000915527344,22.54999923706055,22.763999938964844,21.3781852722168
2017-08-03,17200,22.1259994506836,22.55100059509277,22.1259994506836,22.41699981689453,21.05231094360352
2017-08-02,11700,22.23900032043457,22.3700008392334,21.732999801635746,22.222999572753903,20.870121002197266
2017-08-01,11200,22.520000457763672,22.520000457763672,21.950000762939453,22.15399932861328,20.805320739746094
2017-07-31,14600,22.739999771118164,22.739999771118164,22.239999771118164,22.290000915527344,20.93304252624512
2017-07-28,10200,22.489999771118164,22.57999992370605,22.36000061035156,22.56999969482422,21.19599723815918
2017-07-27,11600,22.756999969482425,22.940000534057614,22.19099998474121,22.36000061035156,20.998783111572266
2017-07-26,15900,22.93000030517578,23.020000457763672,22.64200019836425,22.88999938964844,21.49651527404785
2017-07-25,12600,23.1200008392334,23.1200008392334,22.59000015258789,22.84000015258789,21.44956016540528
2017-07-24,11900,22.540000915527344,22.86000061035156,22.46699905395508,22.856000900268555,21.46458625793457
2017-07-21,9100,22.54899978637696,22.597999572753903,22.5,22.5,21.13025665283203
2017-07-20,13100,22.190000534057614,22.50900077819824,22.190000534057614,22.375,21.01286697387696
2017-07-19,7000,22.07999992370605,22.36800003051757,22.07999992370605,22.19700050354004,20.845703125
2017-07-18,20000,22.3700008392334,22.3700008392334,22.04100036621093,22.11000061035156,20.763999938964844
2017-07-17,10200,22.3700008392334,22.559999465942383,22.30599975585937,22.30599975585937,20.94806861877441
2017-07-14,18900,22.56999969482422,22.57500076293945,22.31999969482422,22.43000030517578,21.06451797485352
2017-07-13,20100,22.520000457763672,22.520000457763672,22.06999969482422,22.44499969482422,21.0786075592041
2017-07-12,15500,22.21999931335449,22.33699989318848,22.209999084472656,22.325000762939453,20.96591186523437
2017-07-11,17400,21.989999771118164,22.209999084472656,21.974000930786133,22.200000762939453,20.848522186279297
2017-07-10,16800,22.280000686645508,22.31999969482422,21.81999969482422,21.888999938964844,20.556453704833984
2017-07-07,70300,22.09000015258789,22.36000061035156,22.09000015258789,22.200000762939453,20.848522186279297
2017-07-06,12800,22.5,22.5,22.090999603271484,22.090999603271484,20.746156692504886
2017-07-05,16300,22.520000457763672,22.718000411987305,22.350000381469727,22.70000076293945,21.318084716796875
2017-07-03,13300,22.3700008392334,22.540000915527344,22.209999084472656,22.440000534057614,21.07391166687012
2017-06-30,43900,22.70000076293945,22.70000076293945,22.309999465942383,22.382999420166016,21.0203800201416
2017-06-29,41600,23.0,23.01000022888184,22.459999084472656,22.54999923706055,21.17721366882324
2017-06-28,13000,22.60700035095215,23.07999992370605,22.5629997253418,23.059999465942383,21.656164169311523
2017-06-27,42200,23.20000076293945,23.229999542236328,22.433000564575195,22.459999084472656,21.09269142150879
2017-06-26,49800,23.89999961853028,23.89999961853028,22.88400077819824,23.20000076293945,21.787643432617188
2017-06-23,37700,22.940000534057614,23.13999938964844,22.61000061035156,23.10000038146973,21.69373321533203
2017-06-22,66300,22.709999084472656,23.045000076293945,22.65099906921387,22.88999938964844,21.49651527404785
2017-06-21,31400,22.350000381469727,22.53499984741211,22.290000915527344,22.53499984741211,21.16312599182129
2017-06-20,39300,21.8700008392334,22.33300018310547,21.79700088500977,21.86000061035156,20.529220581054688
2017-06-19,12400,21.36000061035156,21.809999465942383,21.31800079345703,21.792999267578125,20.46629905700684
2017-06-16,13700,21.01000022888184,21.14999961853028,20.93000030517578,21.1200008392334,19.83426856994629
2017-06-15,16400,21.11000061035156,21.170000076293945,20.940000534057614,21.09000015258789,19.806095123291016
2017-06-14,5100,21.479999542236328,21.479999542236328,21.25,21.299999237060547,20.00331115722656
2017-06-13,7400,21.059999465942383,21.3700008392334,21.049999237060547,21.3700008392334,20.06904983520508
2017-06-12,5000,21.100000381469727,21.20800018310547,20.88999938964844,21.1299991607666,19.843658447265625
2017-06-09,8500,21.6299991607666,21.68099975585937,21.138999938964844,21.138999938964844,19.852109909057614
2017-06-08,6800,21.239999771118164,21.5,21.1200008392334,21.42099952697754,20.116943359375
2017-06-07,9800,20.950000762939453,21.21999931335449,20.920000076293945,21.1259994506836,19.839902877807614
2017-06-06,5500,20.86000061035156,21.02899932861328,20.84000015258789,20.920000076293945,19.64644432067871
2017-06-05,8600,21.350000381469727,21.350000381469727,20.718000411987305,20.79100036621093,19.525299072265625
2017-06-02,20300,20.93000030517578,21.155000686645508,20.76000022888184,21.13999938964844,19.853052139282227
2017-06-01,14600,20.354999542236328,20.76000022888184,20.34000015258789,20.739999771118164,19.47740173339844
2017-05-31,16400,20.209999084472656,20.209999084472656,19.972999572753903,20.15999984741211,18.932710647583008
2017-05-30,13800,20.540000915527344,20.559999465942383,20.049999237060547,20.20499992370605,18.974971771240234
2017-05-26,7800,20.799999237060547,20.809999465942383,20.56999969482422,20.56999969482422,19.317750930786133
2017-05-25,7200,21.14999961853028,21.14999961853028,20.731000900268555,20.757999420166016,19.49430656433105
2017-05-24,36000,20.95800018310547,21.030000686645508,20.867000579833984,20.989999771118164,19.712182998657227
2017-05-23,3000,20.86000061035156,20.86000061035156,20.700000762939453,20.809999465942383,19.54314041137696
2017-05-22,17300,20.64900016784668,20.799999237060547,20.520999908447266,20.65900039672852,19.40133285522461
2017-05-19,3000,20.81800079345703,20.81800079345703,20.643999099731445,20.65999984741211,19.40227127075196
2017-05-18,4200,20.229999542236328,20.72800064086914,20.229999542236328,20.72800064086914,19.46613502502441
2017-05-17,3900,20.65999984741211,20.65999984741211,20.06399917602539,20.06399917602539,18.84255599975586
2017-05-16,7700,20.698999404907227,20.75,20.56999969482422,20.739999771118164,19.47740173339844
2017-05-15,5600,20.51000022888184,20.71999931335449,20.420000076293945,20.64999961853028,19.392881393432614
2017-05-12,5400,20.049999237060547,20.39999961853028,20.049999237060547,20.3799991607666,19.13931655883789
2017-05-11,1000,19.959999084472656,20.011999130249023,19.959999084472656,20.011999130249023,18.79371833801269
2017-05-10,6400,19.93000030517578,20.100000381469727,19.82999992370605,20.020000457763672,18.80123519897461
2017-05-09,2800,20.030000686645508,20.07999992370605,19.90999984741211,20.07900047302246,18.85664176940918
2017-05-08,8500,20.5,20.5,19.809999465942383,19.82999992370605,18.622800827026367
2017-05-05,8300,20.64999961853028,20.64999961853028,20.07999992370605,20.190000534057614,18.96088600158692
2017-05-04,5000,20.3700008392334,20.489999771118164,20.26000022888184,20.489999771118164,19.24262046813965
2017-05-03,5900,20.540000915527344,20.549999237060547,19.950000762939453,20.34000015258789,19.10175323486328
2017-05-02,5100,20.71999931335449,20.71999931335449,20.448999404907227,20.530000686645508,19.280187606811523
2017-05-01,6300,20.709999084472656,20.76000022888184,20.5,20.74399948120117,19.481157302856445
2017-04-28,120500,20.799999237060547,20.799999237060547,20.434999465942383,20.489999771118164,19.24262046813965
2017-04-27,5400,20.940000534057614,20.940000534057614,20.81999969482422,20.84000015258789,19.571313858032227
2017-04-26,7900,20.65999984741211,20.89999961853028,20.63400077819824,20.8700008392334,19.599489212036133
2017-04-25,2400,20.57999992370605,20.61000061035156,20.56999969482422,20.56999969482422,19.317750930786133
2017-04-24,1600,20.100000381469727,20.22599983215332,20.07999992370605,20.22599983215332,18.994691848754886
2017-04-21,2300,19.940000534057614,19.940000534057614,19.815000534057614,19.850000381469727,18.641584396362305
2017-04-20,300,20.0,20.030000686645508,20.0,20.030000686645508,18.810625076293945
2017-04-19,4100,20.13999938964844,20.13999938964844,19.965999603271484,19.965999603271484,18.75052070617676
2017-04-18,600,20.31999969482422,20.31999969482422,19.96299934387207,19.96299934387207,18.747703552246094
2017-04-17,400,20.29400062561035,20.29400062561035,20.29400062561035,20.29400062561035,19.05855369567871
2017-04-13,800,20.1299991607666,20.1299991607666,20.1299991607666,20.1299991607666,18.90453720092773
2017-04-12,200,20.059999465942383,20.059999465942383,20.059999465942383,20.059999465942383,18.83879852294922
2017-04-11,1300,20.34000015258789,20.34000015258789,19.974000930786133,20.03199958801269,18.812503814697266
2017-04-10,1700,20.479999542236328,20.479999542236328,20.363000869750977,20.363000869750977,19.123353958129886
2017-04-07,5000,19.90999984741211,20.200000762939453,19.90999984741211,20.200000762939453,18.97027587890625
2017-04-06,4300,20.01000022888184,20.01000022888184,19.89200019836425,20.0,18.782451629638672
2017-04-05,4200,20.261999130249023,20.309999465942383,20.0,20.0,18.782451629638672
2017-04-04,600,20.489999771118164,20.489999771118164,20.40900039672852,20.40900039672852,19.166553497314453
2017-04-03,6400,20.530000686645508,20.77499961853028,20.489999771118164,20.489999771118164,19.24262046813965
2017-03-31,1300,20.56999969482422,20.700000762939453,20.520999908447266,20.68000030517578,19.42105484008789
2017-03-30,6400,20.6299991607666,20.6299991607666,20.530000686645508,20.597999572753903,19.34404754638672
2017-03-29,600,20.40999984741211,20.64999961853028,20.40999984741211,20.64999961853028,19.392881393432614
2017-03-28,2000,20.420000076293945,20.440000534057614,20.299999237060547,20.440000534057614,19.19566535949707
2017-03-27,2000,20.100000381469727,20.496999740600582,19.89999961853028,20.496999740600582,19.24919509887696
2017-03-24,1400,20.020000457763672,20.09000015258789,20.0,20.06999969482422,18.848190307617188
2017-03-23,2600,19.89999961853028,20.09000015258789,19.8700008392334,19.8700008392334,18.66036605834961
2017-03-22,2100,19.8799991607666,19.8799991607666,19.75,19.82999992370605,18.622800827026367
2017-03-21,15600,20.8799991607666,20.8799991607666,19.88999938964844,19.88999938964844,18.67914772033692
2017-03-20,3000,20.51000022888184,20.709999084472656,20.51000022888184,20.65999984741211,19.40227127075196
2017-03-17,4700,20.75,20.75,20.55900001525879,20.6200008392334,19.364707946777344
2017-03-16,1500,20.700000762939453,20.739999771118164,20.58699989318848,20.63999938964844,19.38348960876465
2017-03-15,1200,20.459999084472656,20.785999298095703,20.459999084472656,20.785999298095703,19.52059936523437
2017-03-14,2100,20.350000381469727,20.5,20.350000381469727,20.479999542236328,19.233230590820312
2017-03-13,5200,20.459999084472656,20.586000442504886,20.3799991607666,20.542999267578125,19.29239654541016
2017-03-10,7700,20.39999961853028,20.479999542236328,20.32999992370605,20.32999992370605,19.092361450195312
2017-03-09,9200,20.36000061035156,20.440000534057614,20.30500030517578,20.39299964904785,19.151525497436523
2017-03-08,7800,20.270000457763672,20.450000762939453,20.21999931335449,20.302000045776367,19.066064834594727
2017-03-07,15000,19.98699951171875,20.270000457763672,19.98699951171875,20.209999084472656,18.979665756225582
2017-03-06,3900,19.823999404907227,20.09000015258789,19.823999404907227,20.09000015258789,18.86697196960449
2017-03-03,1500,20.14999961853028,20.14999961853028,20.030000686645508,20.030000686645508,18.810625076293945
2017-03-02,7100,20.13800048828125,20.459999084472656,20.08699989318848,20.08699989318848,18.864154815673828
2017-03-01,3700,20.059999465942383,20.30599975585937,20.05900001525879,20.30599975585937,19.069822311401367
2017-02-28,700,19.84000015258789,19.84000015258789,19.84000015258789,19.84000015258789,18.632190704345703
2017-02-27,1700,19.198999404907227,19.68899917602539,19.198999404907227,19.68899917602539,18.490385055541992
2017-02-24,400,18.729999542236328,18.799999237060547,18.729999542236328,18.799999237060547,17.65550422668457
2017-02-23,600,19.059999465942383,19.059999465942383,18.89999961853028,18.89999961853028,17.74941635131836
2017-02-22,2000,19.229999542236328,19.229999542236328,19.062000274658203,19.062000274658203,17.901554107666016
2017-02-21,4400,19.46999931335449,19.46999931335449,19.138999938964844,19.229999542236328,18.059324264526367
2017-02-17,200,19.200000762939453,19.200000762939453,19.200000762939453,19.200000762939453,18.031152725219727
2017-02-16,3500,19.21999931335449,19.21999931335449,19.0,19.06999969482422,17.90906524658203
2017-02-15,11600,19.01000022888184,20.5,18.93000030517578,19.100000381469727,17.93724250793457
2017-02-14,12800,18.950000762939453,19.11000061035156,18.88999938964844,19.07999992370605,17.918458938598633
2017-02-13,1900,18.979999542236328,18.979999542236328,18.82999992370605,18.82999992370605,17.68367576599121
2017-02-10,3100,18.850000381469727,18.98900032043457,18.850000381469727,18.98900032043457,17.832998275756836
2017-02-09,8700,18.38999938964844,18.88999938964844,18.38999938964844,18.85700035095215,17.709035873413086
2017-02-08,1600,18.38999938964844,18.459999084472656,18.25,18.44700050354004,17.323993682861328
2017-02-07,2400,18.530000686645508,18.82999992370605,18.208999633789062,18.270000457763672,17.157768249511722
2017-02-06,6000,18.39999961853028,18.39999961853028,18.28199958801269,18.34000015258789,17.223508834838867
2017-02-03,2000,18.229999542236328,18.239999771118164,18.14999961853028,18.14999961853028,17.045074462890625
2017-02-02,1300,18.280000686645508,18.31999969482422,18.280000686645508,18.29400062561035,17.180309295654293
2017-02-01,900,18.200000762939453,18.25,18.200000762939453,18.25,17.138986587524414
2017-01-31,32600,17.399999618530273,18.190000534057614,17.399999618530273,18.190000534057614,17.082639694213867
2017-01-30,1000,17.549999237060547,17.549999237060547,17.513999938964847,17.530000686645508,16.462818145751953
2017-01-27,100,17.90999984741211,17.90999984741211,17.90999984741211,17.90999984741211,16.819686889648438
2017-01-26,700,17.719999313354492,17.746000289916992,17.719999313354492,17.739999771118164,16.6600341796875
2017-01-25,1700,17.700000762939453,17.74799919128418,17.639999389648438,17.74799919128418,16.667547225952152
2017-01-24,3100,17.389999389648438,17.559999465942386,17.356000900268555,17.559999465942386,16.490991592407227
2017-01-23,2400,17.5,17.610000610351562,17.479999542236328,17.59000015258789,16.5191650390625
2017-01-20,300,17.770000457763672,17.770000457763672,17.719999313354492,17.719999313354492,16.641250610351562
2017-01-19,900,17.711999893188477,17.711999893188477,17.658000946044922,17.709999084472656,16.631860733032227
2017-01-18,600,17.780000686645508,17.805999755859375,17.749000549316406,17.805999755859375,16.722017288208008
2017-01-17,9600,18.200000762939453,18.209999084472656,17.719999313354492,17.81999969482422,16.735162734985348
2017-01-13,100,18.327999114990234,18.327999114990234,18.327999114990234,18.327999114990234,17.212238311767578
2017-01-12,100,18.31999969482422,18.31999969482422,18.31999969482422,18.31999969482422,17.20472526550293
2017-01-11,2500,18.21199989318848,18.21199989318848,17.555000305175778,18.14999961853028,17.045074462890625
2017-01-10,2800,18.450000762939453,18.65999984741211,18.450000762939453,18.6200008392334,17.486461639404293
2017-01-09,2700,18.229999542236328,18.3799991607666,18.15999984741211,18.3799991607666,17.261070251464847
2017-01-06,800,18.104999542236328,18.229999542236328,18.104999542236328,18.229999542236328,17.12020492553711
2017-01-05,1700,18.13999938964844,18.13999938964844,17.770000457763672,17.927000045776367,16.835651397705078
2017-01-04,1000,17.544000625610348,18.200000762939453,17.544000625610348,18.14999961853028,17.045074462890625
2017-01-03,1800,17.200000762939453,17.329999923706055,17.180000305175778,17.190000534057614,16.143516540527347
2016-12-30,23600,17.091999053955078,17.091999053955078,16.90999984741211,16.927000045776367,15.896529197692873
2016-12-29,300,17.138999938964847,17.138999938964847,17.138999938964847,17.138999938964847,16.09562110900879
2016-12-28,100,17.33799934387207,17.33799934387207,17.33799934387207,17.33799934387207,16.282506942749027
2016-12-27,1400,17.579999923706055,17.687000274658203,17.575000762939453,17.600000381469727,16.528558731079098
2016-12-23,700,17.209999084472653,17.530000686645508,17.209999084472653,17.530000686645508,16.462818145751953
2016-12-22,1100,17.399999618530273,17.399999618530273,17.079999923706055,17.086000442504886,16.045848846435547
2016-12-21,1000,17.860000610351562,17.920000076293945,17.459999084472653,17.459999084472653,16.397079467773438
2016-12-20,2200,17.83300018310547,17.83300018310547,17.698999404907227,17.783000946044922,16.700416564941403
2016-12-19,4200,18.170000076293945,18.200000762939453,17.780000686645508,17.780000686645508,16.697601318359375
2016-12-16,900,18.145999908447266,18.145999908447266,18.05500030517578,18.05500030517578,16.955860137939453
2016-12-15,1500,18.018999099731445,18.020000457763672,18.0049991607666,18.0049991607666,16.908899307250973
2016-12-14,800,17.625,17.625,17.374000549316403,17.374000549316403,16.316316604614258
2016-12-13,1900,17.690000534057614,17.690000534057614,17.670000076293945,17.670000076293945,16.594297409057614
2016-12-12,1400,17.5,17.551000595092773,17.415000915527347,17.420000076293945,16.359514236450195
2016-12-09,34500,17.579999923706055,17.799999237060547,17.440000534057614,17.485000610351562,16.420560836791992
2016-12-08,200,17.169000625610348,17.169000625610348,17.169000625610348,17.169000625610348,16.123796463012695
2016-12-07,1100,17.15999984741211,17.15999984741211,17.079999923706055,17.09000015258789,16.049606323242188
2016-12-06,300,17.659000396728516,17.722999572753906,17.659000396728516,17.722999572753906,16.64406967163086
2016-12-05,400,17.75,17.847000122070312,17.709999084472656,17.84000015258789,16.753948211669922
2016-12-02,800,17.5939998626709,17.5939998626709,17.5939998626709,17.5939998626709,16.52292251586914
2016-12-01,1200,17.799999237060547,17.799999237060547,17.319999694824222,17.319999694824222,16.265602111816403
2016-11-30,2900,18.309999465942383,18.309999465942383,17.850000381469727,17.860000610351562,16.772729873657227
2016-11-29,1800,18.31999969482422,18.36000061035156,18.1299991607666,18.295000076293945,17.18124771118164
2016-11-28,900,18.479999542236328,18.6299991607666,18.2549991607666,18.2549991607666,17.143682479858402
2016-11-25,900,18.709999084472656,18.770000457763672,18.530000686645508,18.76000022888184,17.61794090270996
2016-11-23,90500,18.309999465942383,18.538000106811523,18.309999465942383,18.51799964904785,17.39067268371582
2016-11-22,600,18.60199928283692,18.729999542236328,18.60199928283692,18.65999984741211,17.52402687072754
2016-11-21,1000,18.790000915527344,18.96999931335449,18.7810001373291,18.96999931335449,17.815155029296875
2016-11-18,7400,18.850000381469727,18.88999938964844,18.559999465942383,18.68000030517578,17.542810440063473
2016-11-17,2500,18.81999969482422,19.479999542236328,18.600000381469727,18.78199958801269,17.638601303100586
2016-11-16,2700,19.21999931335449,19.290000915527344,18.940000534057614,18.940000534057614,17.7869815826416
2016-11-15,7100,19.18000030517578,19.450000762939453,19.18000030517578,19.420000076293945,18.23776054382324
2016-11-14,4200,19.11199951171875,19.40999984741211,19.01000022888184,19.40999984741211,18.22836875915528
2016-11-11,13900,18.82999992370605,18.89999961853028,18.73500061035156,18.790000915527344,17.646114349365234
2016-11-10,106700,18.71999931335449,18.940000534057614,18.489999771118164,18.850000381469727,17.70246124267578
2016-11-09,8700,17.569999694824222,18.21199989318848,17.569999694824222,18.20400047302246,17.095787048339847
2016-11-08,0,16.860000610351562,16.860000610351562,16.860000610351562,16.860000610351562,15.612067222595217
2016-11-07,4500,16.09000015258789,16.860000610351562,16.09000015258789,16.860000610351562,15.83360767364502
2016-11-04,1100,15.859999656677244,15.859999656677244,15.859999656677244,15.859999656677244,14.89448356628418
2016-11-03,27600,16.100000381469727,16.100000381469727,15.850000381469728,15.850000381469728,14.885093688964846
2016-11-02,100,16.339000701904293,16.339000701904293,16.339000701904293,16.339000701904293,15.344324111938477
2016-11-01,65800,16.620000839233402,16.780000686645508,16.540000915527347,16.540000915527347,15.533089637756348
2016-10-31,800,16.899999618530273,16.899999618530273,16.71500015258789,16.71500015258789,15.697433471679688
2016-10-28,1000,16.829999923706055,16.959999084472653,16.829999923706055,16.954999923706055,15.92282485961914
2016-10-27,1500,17.225000381469727,17.225000381469727,17.0,17.0,15.965082168579102
2016-10-26,300,17.399999618530273,17.399999618530273,17.25,17.25,16.199865341186527
2016-10-25,1100,17.5,17.5,17.420000076293945,17.420000076293945,16.359514236450195
2016-10-24,1000,17.850000381469727,17.850000381469727,17.850000381469727,17.850000381469727,16.763338088989258
2016-10-21,1400,17.739999771118164,17.739999771118164,17.670000076293945,17.670000076293945,16.594297409057614
2016-10-20,7700,17.739999771118164,17.799999237060547,17.739999771118164,17.798999786376953,16.715442657470707
2016-10-19,100,17.790000915527344,17.790000915527344,17.790000915527344,17.790000915527344,16.70699119567871
2016-10-18,200,17.743000030517578,17.743000030517578,17.743000030517578,17.743000030517578,16.662853240966793
2016-10-17,500,17.489999771118164,17.580999374389652,17.489999771118164,17.580999374389652,16.510713577270508
2016-10-14,300,18.06999969482422,18.06999969482422,17.65999984741211,17.65999984741211,16.584903717041016
2016-10-13,900,17.860000610351562,18.009000778198242,17.860000610351562,18.009000778198242,16.91265869140625
2016-10-12,3700,18.56999969482422,18.56999969482422,17.981000900268555,18.0,16.904207229614258
2016-10-11,7100,19.07999992370605,19.07999992370605,18.378999710083008,18.378999710083008,17.260133743286133
2016-10-10,500,19.400999069213867,19.540000915527344,19.400999069213867,19.52400016784668,18.33542823791504
2016-10-07,400,19.190000534057614,19.190000534057614,19.190000534057614,19.190000534057614,18.02176284790039
2016-10-06,1300,19.76000022888184,19.76000022888184,19.2509994506836,19.2509994506836,18.07904815673828
2016-10-05,1600,19.920000076293945,20.170000076293945,19.90999984741211,20.09199905395508,18.86884880065918
2016-10-04,600,20.01000022888184,20.01000022888184,19.770000457763672,19.770000457763672,18.56645393371582
2016-10-03,3700,19.670000076293945,19.8799991607666,19.670000076293945,19.742000579833984,18.540159225463867
2016-09-30,400,19.79199981689453,19.915000915527344,19.79199981689453,19.915000915527344,18.70262718200684
2016-09-29,1300,19.700000762939453,19.700000762939453,19.6299991607666,19.6299991607666,18.43497467041016
2016-09-28,2200,20.46999931335449,20.46999931335449,20.21500015258789,20.21500015258789,18.984363555908203
2016-09-27,2800,20.209999084472656,20.36000061035156,20.209999084472656,20.36000061035156,19.12053680419922
2016-09-26,1100,20.07999992370605,20.07999992370605,20.049999237060547,20.049999237060547,18.82940673828125
2016-09-23,200,20.13999938964844,20.13999938964844,20.13999938964844,20.13999938964844,18.913928985595703
2016-09-22,1100,19.950000762939453,19.950000762939453,19.950000762939453,19.950000762939453,18.735496520996094
2016-09-21,5300,19.75,20.016000747680664,19.57900047302246,20.016000747680664,18.79747772216797
2016-09-20,500,19.75,19.809999465942383,19.739999771118164,19.77899932861328,18.57490539550781
2016-09-19,500,19.700000762939453,19.71699905395508,19.700000762939453,19.71699905395508,18.516677856445312
2016-09-16,2700,19.049999237060547,19.51000022888184,19.049999237060547,19.489999771118164,18.30349922180176
2016-09-15,300,19.3700008392334,19.3700008392334,19.25,19.25,18.07810974121093
2016-09-14,0,18.700000762939453,18.700000762939453,18.700000762939453,18.700000762939453,17.315876007080078
2016-09-13,300,18.700000762939453,18.700000762939453,18.700000762939453,18.700000762939453,17.561592102050778
2016-09-12,200,18.770000457763672,18.770000457763672,18.770000457763672,18.770000457763672,17.62733268737793
2016-09-09,1900,18.89999961853028,18.90999984741211,18.68000030517578,18.68000030517578,17.542810440063473
2016-09-08,700,18.90999984741211,18.929000854492188,18.90999984741211,18.929000854492188,17.77665138244629
2016-09-07,500,18.98500061035156,18.98500061035156,18.96999931335449,18.96999931335449,17.815155029296875
2016-09-06,900,18.59000015258789,18.71500015258789,18.59000015258789,18.700000762939453,17.561592102050778
2016-09-02,2700,18.170000076293945,18.214000701904297,18.059999465942383,18.214000701904297,17.105178833007812
2016-09-01,20200,18.0,18.01499938964844,18.0,18.0,16.904207229614258
2016-08-31,400,18.0049991607666,18.0049991607666,18.0049991607666,18.0049991607666,16.908899307250973
2016-08-30,100,18.2549991607666,18.2549991607666,18.2549991607666,18.2549991607666,17.143682479858402
2016-08-29,200,18.434999465942383,18.434999465942383,18.434999465942383,18.434999465942383,17.31272315979004
2016-08-26,2200,18.23200035095215,18.23200035095215,18.1299991607666,18.1299991607666,17.02629280090332
2016-08-25,2100,18.420000076293945,18.420000076293945,17.93000030517578,17.93000030517578,16.83846664428711
2016-08-24,2100,19.229999542236328,19.229999542236328,18.25,18.280000686645508,17.16716194152832
2016-08-23,900,19.21999931335449,19.21999931335449,19.1299991607666,19.1299991607666,17.96541404724121
2016-08-22,100,18.959999084472656,18.959999084472656,18.959999084472656,18.959999084472656,17.805763244628906
2016-08-19,100,18.729999542236328,18.729999542236328,18.729999542236328,18.729999542236328,17.589765548706055
2016-08-18,500,18.920000076293945,18.96999931335449,18.920000076293945,18.96999931335449,17.815155029296875
2016-08-17,300,18.989999771118164,18.989999771118164,18.989999771118164,18.989999771118164,17.83393669128418
2016-08-16,200,19.09000015258789,19.09000015258789,19.09000015258789,19.09000015258789,17.9278507232666
2016-08-15,800,19.0,19.290000915527344,19.0,19.280000686645508,18.10628318786621
2016-08-12,2400,18.91200065612793,19.06999969482422,18.91200065612793,19.030000686645508,17.871503829956055
2016-08-11,200,18.920000076293945,18.920000076293945,18.90999984741211,18.90999984741211,17.758806228637695
2016-08-10,1000,18.920000076293945,18.920000076293945,18.65999984741211,18.71500015258789,17.575679779052734
2016-08-09,4300,19.06999969482422,19.1200008392334,19.06999969482422,19.08300018310547,17.921276092529297
2016-08-08,700,19.200000762939453,19.200000762939453,19.059999465942383,19.059999465942383,17.899675369262695
2016-08-05,1400,19.030000686645508,19.26000022888184,19.030000686645508,19.21999931335449,18.049936294555664
2016-08-04,3500,19.0,19.14800071716309,19.0,19.07999992370605,17.918458938598633
2016-08-03,400,18.979999542236328,18.979999542236328,18.96999931335449,18.96999931335449,17.815155029296875
2016-08-02,500,18.625,18.625,18.625,18.625,17.491159439086914
2016-08-01,1200,19.0,19.06999969482422,18.979999542236328,19.0310001373291,17.8724422454834
2016-07-29,1700,18.68000030517578,18.729999542236328,18.3799991607666,18.729999542236328,17.589765548706055
2016-07-28,600,18.89999961853028,18.94499969482422,18.89999961853028,18.94499969482422,17.791677474975586
2016-07-27,200,18.739999771118164,18.739999771118164,18.71999931335449,18.71999931335449,17.580373764038086
2016-07-26,100,18.39999961853028,18.39999961853028,18.39999961853028,18.39999961853028,17.279855728149414
2016-07-25,600,18.0,18.0,18.0,18.0,16.904207229614258
2016-07-22,200,18.20499992370605,18.20499992370605,18.20499992370605,18.20499992370605,17.09672737121582
2016-07-21,400,18.25,18.25,18.18099975585937,18.18400001525879,17.07700538635254
2016-07-20,1900,18.170000076293945,18.190000534057614,18.170000076293945,18.190000534057614,17.082639694213867
2016-07-19,100,17.81999969482422,17.81999969482422,17.81999969482422,17.81999969482422,16.735162734985348
2016-07-18,200,18.049999237060547,18.049999237060547,18.049999237060547,18.049999237060547,16.951162338256836
2016-07-15,400,17.934999465942386,17.934999465942386,17.934999465942386,17.934999465942386,16.843164443969727
2016-07-14,500,17.709999084472656,17.739999771118164,17.709999084472656,17.739999771118164,16.6600341796875
2016-07-13,1300,18.18000030517578,18.18000030517578,17.75,17.75200080871582,16.67130470275879
2016-07-12,200,18.13500022888184,18.13500022888184,18.13500022888184,18.13500022888184,17.030988693237305
2016-07-11,800,17.84000015258789,17.92799949645996,17.84000015258789,17.92799949645996,16.836589813232422
2016-07-08,400,17.80500030517578,17.80500030517578,17.760000228881836,17.760000228881836,16.678817749023438
2016-07-07,200,17.482000350952152,17.482000350952152,17.469999313354492,17.469999313354492,16.406471252441403
2016-07-06,200,17.040000915527347,17.040000915527347,17.040000915527347,17.040000915527347,16.00265121459961
2016-07-05,2500,17.299999237060547,17.299999237060547,17.049999237060547,17.079999923706055,16.040212631225586
2016-07-01,300,16.799999237060547,17.073999404907227,16.799999237060547,17.073999404907227,16.034578323364258
2016-06-30,1600,16.709999084472653,16.850000381469727,16.709999084472653,16.850000381469727,15.824216842651367
2016-06-29,100,16.790000915527347,16.790000915527347,16.790000915527347,16.790000915527347,15.767868041992188
2016-06-28,400,16.399999618530273,16.399999618530273,16.386999130249027,16.386999130249027,15.389400482177734
2016-06-27,800,16.180000305175778,16.180000305175778,16.14699935913086,16.156000137329098,15.17246437072754
2016-06-24,1000,16.799999237060547,16.799999237060547,16.740999221801758,16.740999221801758,15.721851348876951
2016-06-23,1800,17.59000015258789,17.59000015258789,17.200000762939453,17.267000198364258,16.215831756591793
2016-06-22,1000,17.31399917602539,17.31399917602539,17.31399917602539,17.31399917602539,16.259967803955078
2016-06-21,300,16.829999923706055,16.940000534057614,16.829999923706055,16.940000534057614,15.908738136291506
2016-06-20,600,16.99799919128418,17.299999237060547,16.99799919128418,17.299999237060547,16.246820449829098
2016-06-17,100,16.870000839233402,16.870000839233402,16.870000839233402,16.870000839233402,15.842998504638672
2016-06-16,700,16.902999877929688,16.902999877929688,16.899999618530273,16.899999618530273,15.871170043945312
2016-06-15,100,17.094999313354492,17.094999313354492,17.094999313354492,17.094999313354492,16.05430030822754
2016-06-14,1800,17.120000839233402,17.120000839233402,16.75,16.825000762939453,15.800738334655762
2016-06-13,1400,17.384000778198242,17.384000778198242,17.093999862670902,17.129999160766598,16.087167739868164
2016-06-10,100,17.34000015258789,17.34000015258789,17.34000015258789,17.34000015258789,16.284385681152347
2016-06-09,500,18.200000762939453,18.200000762939453,17.73699951171875,17.73699951171875,16.657217025756836
2016-06-08,200,18.18000030517578,18.18000030517578,18.18000030517578,18.18000030517578,17.073249816894528
2016-06-07,4000,18.31999969482422,18.31999969482422,18.145999908447266,18.26000022888184,17.148378372192386
2016-06-06,900,18.45499992370605,18.45499992370605,18.3799991607666,18.3799991607666,17.261070251464847
2016-06-03,100,18.03499984741211,18.03499984741211,18.03499984741211,18.03499984741211,16.937074661254886
2016-06-02,100,18.3700008392334,18.3700008392334,18.3700008392334,18.3700008392334,17.251684188842773
2016-06-01,100,17.93000030517578,17.93000030517578,17.93000030517578,17.93000030517578,16.83846664428711
2016-05-31,300,17.93000030517578,17.93000030517578,17.93000030517578,17.93000030517578,16.83846664428711
2016-05-27,100,17.520000457763672,17.520000457763672,17.520000457763672,17.520000457763672,16.453428268432614
2016-05-26,100,17.610000610351562,17.610000610351562,17.610000610351562,17.610000610351562,16.537948608398438
2016-05-25,200,17.780000686645508,17.780000686645508,17.780000686645508,17.780000686645508,16.697601318359375
2016-05-24,300,17.20400047302246,17.5,17.20400047302246,17.5,16.43464469909668
2016-05-23,3900,17.091999053955078,17.11400032043457,17.065000534057614,17.065000534057614,16.026128768920902
2016-05-20,400,16.70199966430664,16.780000686645508,16.70199966430664,16.780000686645508,15.758477210998535
2016-05-19,400,16.558000564575195,16.559999465942386,16.558000564575195,16.559999465942386,15.55186939239502
2016-05-18,600,16.700000762939453,16.816999435424805,16.700000762939453,16.816999435424805,15.793225288391112
2016-05-17,200,16.680000305175778,16.680000305175778,16.680000305175778,16.680000305175778,15.66456413269043
2016-05-16,100,16.610000610351562,16.610000610351562,16.610000610351562,16.610000610351562,15.598825454711914
2016-05-13,300,16.565000534057614,16.565000534057614,16.565000534057614,16.565000534057614,15.556567192077637
2016-05-12,700,16.540000915527347,16.540000915527347,16.149999618530273,16.25,15.2607421875
2016-05-11,700,16.879999160766598,16.879999160766598,16.819999694824222,16.833999633789062,15.809188842773438
2016-05-10,500,17.011999130249027,17.011999130249027,17.011999130249027,17.011999130249027,15.97635269165039
2016-05-09,100,17.15999984741211,17.15999984741211,17.15999984741211,17.15999984741211,16.11534309387207
2016-05-06,300,16.700000762939453,16.700000762939453,16.700000762939453,16.700000762939453,15.683348655700684
2016-05-05,100,16.760000228881836,16.760000228881836,16.760000228881836,16.760000228881836,15.739694595336914
2016-05-04,1500,16.680000305175778,16.736000061035153,16.680000305175778,16.725000381469727,15.706826210021973
2016-05-03,100,17.420000076293945,17.420000076293945,17.420000076293945,17.420000076293945,16.359514236450195
2016-05-02,300,17.68000030517578,17.68000030517578,17.68000030517578,17.68000030517578,16.603689193725586
2016-04-29,2100,17.459999084472653,17.459999084472653,17.459999084472653,17.459999084472653,16.397079467773438
2016-04-28,500,18.40900039672852,18.40900039672852,18.020000457763672,18.020000457763672,16.922990798950195
2016-04-27,600,18.229999542236328,18.229999542236328,18.200000762939453,18.209999084472656,17.101421356201172
2016-04-26,100,18.59000015258789,18.59000015258789,18.59000015258789,18.59000015258789,17.458288192749027
2016-04-25,100,18.61000061035156,18.61000061035156,18.61000061035156,18.61000061035156,17.47707176208496
2016-04-22,400,18.53499984741211,18.53499984741211,18.53499984741211,18.53499984741211,17.406635284423828
2016-04-21,100,18.5,18.5,18.5,18.5,17.373767852783207
2016-04-20,10100,18.19499969482422,18.32999992370605,18.14999961853028,18.32999992370605,17.214115142822266
2016-04-19,900,18.3799991607666,18.3799991607666,18.15999984741211,18.15999984741211,17.054466247558597
2016-04-18,1200,18.549999237060547,18.86000061035156,18.549999237060547,18.86000061035156,17.711851119995114
2016-04-15,2000,18.621999740600582,18.621999740600582,18.621999740600582,18.621999740600582,17.48834228515625
2016-04-14,200,18.68000030517578,18.68000030517578,18.68000030517578,18.68000030517578,17.542810440063473
2016-04-13,1400,18.499000549316406,18.6299991607666,18.47800064086914,18.6299991607666,17.495853424072266
2016-04-12,1100,18.010000228881836,18.190000534057614,18.010000228881836,18.190000534057614,17.082639694213867
2016-04-11,400,18.34000015258789,18.34000015258789,18.06999969482422,18.06999969482422,16.969945907592773
2016-04-08,3000,18.56999969482422,18.690000534057614,18.26000022888184,18.36599922180176,17.2479248046875
2016-04-07,600,18.52899932861328,18.52899932861328,18.52899932861328,18.52899932861328,17.401002883911133
2016-04-06,300,18.3799991607666,18.3799991607666,18.3799991607666,18.3799991607666,17.261070251464847
2016-04-05,200,18.117000579833984,18.117000579833984,18.117000579833984,18.117000579833984,17.01408576965332
2016-04-04,500,18.3799991607666,18.3799991607666,18.3799991607666,18.3799991607666,17.261070251464847
2016-04-01,1400,17.8799991607666,17.8799991607666,17.84000015258789,17.84000015258789,16.753948211669922
2016-03-31,200,17.545000076293945,17.545000076293945,17.545000076293945,17.545000076293945,16.476905822753903
2016-03-30,100,17.5,17.5,17.5,17.5,16.43464469909668
2016-03-29,500,17.0,17.0,17.0,17.0,15.965082168579102
2016-03-28,3100,16.90999984741211,16.940000534057614,16.770000457763672,16.770000457763672,15.749088287353516
2016-03-24,0,17.049999237060547,17.049999237060547,17.049999237060547,17.049999237060547,15.788002967834473
2016-03-23,300,17.049999237060547,17.049999237060547,17.049999237060547,17.049999237060547,16.012039184570312
2016-03-22,200,17.399999618530273,17.399999618530273,17.399999618530273,17.399999618530273,16.34073257446289
2016-03-21,1400,17.25,17.25,17.174999237060547,17.190000534057614,16.143516540527347
2016-03-18,2500,16.729999542236328,16.950000762939453,16.729999542236328,16.950000762939453,15.918127059936523
2016-03-17,2500,16.139999389648438,16.139999389648438,16.139999389648438,16.139999389648438,15.157437324523926
2016-03-16,100,16.486000061035153,16.486000061035153,16.486000061035153,16.486000061035153,15.482375144958494
2016-03-15,500,17.030000686645508,17.030000686645508,16.620000839233402,16.620000839233402,15.6082181930542
2016-03-14,1100,17.190000534057614,17.190000534057614,17.149999618530273,17.149999618530273,16.105953216552734
2016-03-11,1000,17.100000381469727,17.100000381469727,17.100000381469727,17.100000381469727,16.058996200561527
2016-03-10,200,17.34000015258789,17.34000015258789,17.34000015258789,17.34000015258789,16.284385681152347
2016-03-09,4200,17.299999237060547,17.299999237060547,17.030000686645508,17.059999465942386,16.021429061889652
2016-03-08,200,17.479999542236328,17.479999542236328,17.479999542236328,17.479999542236328,16.415861129760742
2016-03-07,300,17.940000534057614,17.940000534057614,17.892000198364258,17.892000198364258,16.802780151367188
2016-03-04,3700,17.6299991607666,17.6299991607666,17.584999084472653,17.584999084472653,16.514469146728516
2016-03-03,600,17.479999542236328,17.479999542236328,17.375,17.375,16.317253112792972
2016-03-02,100,17.280000686645508,17.280000686645508,17.280000686645508,17.280000686645508,16.22804069519043
2016-03-01,1000,16.850000381469727,16.959999084472653,16.850000381469727,16.959999084472653,15.927517890930176
2016-02-29,700,16.709999084472653,16.709999084472653,16.350000381469727,16.350000381469727,15.354654312133787
2016-02-26,200,16.65999984741211,16.65999984741211,16.65999984741211,16.65999984741211,15.645780563354492
2016-02-25,100,16.260000228881836,16.260000228881836,16.260000228881836,16.260000228881836,15.270133018493652
2016-02-24,600,16.34000015258789,16.350000381469727,16.332000732421875,16.332000732421875,15.337751388549805
2016-02-23,100,16.379999160766598,16.379999160766598,16.379999160766598,16.379999160766598,15.382826805114744
2016-02-22,200,16.459999084472653,16.739999771118164,16.459999084472653,16.739999771118164,15.720911026000977
2016-02-19,1200,15.869999885559082,16.450000762939453,15.869999885559082,16.450000762939453,15.448567390441896
2016-02-18,2000,16.379999160766598,16.379999160766598,16.379999160766598,16.379999160766598,15.382826805114744
2016-02-17,100,16.371999740600586,16.371999740600586,16.371999740600586,16.371999740600586,15.375314712524414
2016-02-16,100,15.920000076293944,15.920000076293944,15.920000076293944,15.920000076293944,14.950831413269045
2016-02-12,400,15.579999923706056,15.579999923706056,15.10200023651123,15.10200023651123,14.182629585266112
2016-02-11,900,15.300000190734863,15.300000190734863,15.00100040435791,15.020000457763672,14.105621337890623
2016-02-10,100,15.765000343322756,15.765000343322756,15.765000343322756,15.765000343322756,14.805267333984377
2016-02-09,200,15.637999534606935,15.640000343322756,15.637999534606935,15.640000343322756,14.687878608703612
2016-02-08,500,16.049999237060547,16.049999237060547,15.420000076293944,15.420000076293944,14.48126983642578
2016-02-05,200,16.020000457763672,16.020000457763672,16.020000457763672,16.020000457763672,15.044743537902832
2016-02-04,400,16.84000015258789,16.84000015258789,16.530000686645508,16.530000686645508,15.52369785308838
2016-02-03,200,16.28499984741211,16.28499984741211,16.28499984741211,16.28499984741211,15.29361057281494
2016-02-02,100,16.530000686645508,16.530000686645508,16.530000686645508,16.530000686645508,15.52369785308838
2016-02-01,100,16.790000915527347,16.790000915527347,16.790000915527347,16.790000915527347,15.767868041992188
2016-01-29,800,16.600000381469727,16.600000381469727,16.600000381469727,16.600000381469727,15.589433670043944
2016-01-28,800,17.079999923706055,17.079999923706055,16.520000457763672,16.520000457763672,15.514305114746096
2016-01-27,200,17.559999465942386,17.559999465942386,17.559999465942386,17.559999465942386,16.490991592407227
2016-01-26,200,17.690000534057614,17.690000534057614,17.600000381469727,17.600000381469727,16.528558731079098
2016-01-25,500,17.920000076293945,17.96299934387207,17.920000076293945,17.950000762939453,16.857250213623047
2016-01-22,15500,17.90999984741211,18.000999450683594,17.899999618530273,17.90999984741211,16.819686889648438
2016-01-21,100,17.559999465942386,17.559999465942386,17.559999465942386,17.559999465942386,16.490991592407227
2016-01-20,200,17.459999084472653,17.459999084472653,17.459999084472653,17.459999084472653,16.397079467773438
2016-01-19,1100,18.0,18.0,17.604000091552734,17.604999542236328,16.53325080871582
2016-01-15,200,17.489999771118164,17.489999771118164,17.489999771118164,17.489999771118164,16.425254821777347
2016-01-14,1800,17.5,17.68000030517578,16.969999313354492,17.68000030517578,16.603689193725586
2016-01-13,2400,18.43000030517578,18.600000381469727,17.530000686645508,17.530000686645508,16.462818145751953
2016-01-12,800,18.040000915527344,18.63999938964844,18.040000915527344,18.63999938964844,17.505245208740234
2016-01-11,1400,18.979999542236328,18.979999542236328,17.930999755859375,17.930999755859375,16.839406967163086
2016-01-08,600,19.28700065612793,19.28700065612793,18.89999961853028,18.89999961853028,17.74941635131836
2016-01-07,100,19.049999237060547,19.049999237060547,19.049999237060547,19.049999237060547,17.89028549194336
2016-01-06,300,20.049999237060547,20.049999237060547,19.604999542236328,19.604999542236328,18.411497116088867
2016-01-05,200,20.35700035095215,20.35700035095215,20.35700035095215,20.35700035095215,19.11771774291992
2016-01-04,600,20.076000213623047,20.131999969482425,20.076000213623047,20.1299991607666,18.90453720092773
2015-12-31,600,20.89999961853028,20.96500015258789,20.89999961853028,20.96500015258789,19.68870544433593
2015-12-30,7900,21.030000686645508,21.14999961853028,21.0,21.0,19.72157287597656
2015-12-29,3000,20.96999931335449,21.03499984741211,20.96999931335449,21.020000457763672,19.7403564453125
2015-12-28,2700,20.780000686645508,20.84000015258789,20.76300048828125,20.81999969482422,19.552534103393555
2015-12-24,100,20.905000686645508,20.905000686645508,20.905000686645508,20.905000686645508,19.63235855102539
2015-12-23,100,20.729999542236328,20.729999542236328,20.729999542236328,20.729999542236328,19.46800994873047
2015-12-22,100,20.5,20.5,20.5,20.5,19.252012252807614
2015-12-21,1300,20.1299991607666,20.420000076293945,20.1299991607666,20.420000076293945,19.17688369750977
2015-12-18,600,20.3700008392334,20.3700008392334,20.290000915527344,20.290000915527344,19.054798126220703
2015-12-17,200,20.479999542236328,20.479999542236328,20.46999931335449,20.46999931335449,19.223838806152344
2015-12-16,300,20.049999237060547,20.05500030517578,20.049999237060547,20.05500030517578,18.834104537963867
2015-12-15,900,19.58799934387207,19.89200019836425,19.58799934387207,19.88999938964844,18.67914772033692
2015-12-14,100,19.25,19.25,19.25,19.25,18.07810974121093
2015-12-11,4600,20.0,20.0,19.479999542236328,19.499000549316406,18.31195068359375
2015-12-10,100,19.989999771118164,19.989999771118164,19.989999771118164,19.989999771118164,18.773059844970703
2015-12-09,200,19.80599975585937,19.80599975585937,19.700000762939453,19.700000762939453,18.500715255737305
2015-12-08,1800,19.520000457763672,20.01000022888184,19.520000457763672,19.979999542236328,18.76366806030273
2015-12-07,900,19.670000076293945,19.687000274658203,19.670000076293945,19.687000274658203,18.488506317138672
2015-12-04,400,19.88999938964844,20.18099975585937,19.88999938964844,20.18099975585937,18.95243453979492
2015-12-03,400,20.26000022888184,20.26000022888184,19.809999465942383,19.809999465942383,18.60401725769043
2015-12-02,500,20.420000076293945,20.420000076293945,20.209999084472656,20.209999084472656,18.979665756225582
2015-12-01,100,20.57999992370605,20.57999992370605,20.57999992370605,20.57999992370605,19.3271427154541
2015-11-30,100,20.674999237060547,20.674999237060547,20.674999237060547,20.674999237060547,19.416358947753903
2015-11-27,700,20.850000381469727,20.8700008392334,20.850000381469727,20.8700008392334,19.599489212036133
2015-11-25,200,20.3700008392334,20.3700008392334,20.3700008392334,20.3700008392334,19.129928588867188
2015-11-24,100,20.299999237060547,20.299999237060547,20.299999237060547,20.299999237060547,19.06418800354004
2015-11-23,700,20.25,20.25,20.25,20.25,19.01723289489746
2015-11-20,500,20.11000061035156,20.13999938964844,20.11000061035156,20.13999938964844,18.913928985595703
2015-11-19,3700,20.190000534057614,20.190000534057614,20.09000015258789,20.170000076293945,18.942102432250977
2015-11-18,700,20.270000457763672,20.354999542236328,20.270000457763672,20.354999542236328,19.1158390045166
2015-11-17,100,19.71999931335449,19.71999931335449,19.71999931335449,19.71999931335449,18.51949691772461
2015-11-16,400,19.56999969482422,19.56999969482422,19.520000457763672,19.520000457763672,18.3316707611084
2015-11-13,700,19.64999961853028,19.86000061035156,19.64999961853028,19.799999237060547,18.594627380371094
2015-11-12,100,19.770000457763672,19.770000457763672,19.770000457763672,19.770000457763672,18.56645393371582
2015-11-11,200,20.059999465942383,20.059999465942383,20.0,20.0,18.782451629638672
2015-11-10,200,20.1299991607666,20.1299991607666,20.1299991607666,20.1299991607666,18.90453720092773
2015-11-09,300,20.100000381469727,20.145000457763672,20.100000381469727,20.145000457763672,18.918624877929688
2015-11-06,1300,20.030000686645508,20.030000686645508,19.989999771118164,19.999000549316406,18.78151130676269
2015-11-05,400,20.299999237060547,20.299999237060547,20.2189998626709,20.2189998626709,18.98811912536621
2015-11-04,1000,20.61000061035156,20.61000061035156,20.40999984741211,20.600000381469727,19.345924377441406
2015-11-03,400,20.489999771118164,20.489999771118164,20.489999771118164,20.489999771118164,19.24262046813965
2015-11-02,300,20.309999465942383,20.32999992370605,20.309999465942383,20.32999992370605,19.092361450195312
2015-10-30,300,19.75,19.82999992370605,19.75,19.82999992370605,18.622800827026367
2015-10-29,200,19.82999992370605,19.82999992370605,19.82999992370605,19.82999992370605,18.622800827026367
2015-10-28,100,19.975000381469727,19.975000381469727,19.975000381469727,19.975000381469727,18.758974075317383
2015-10-27,200,19.5,19.5,19.5,19.5,18.312891006469727
2015-10-26,400,19.63999938964844,19.63999938964844,19.63999938964844,19.63999938964844,18.444366455078125
2015-10-23,900,19.32999992370605,19.47599983215332,19.299999237060547,19.47599983215332,18.29034996032715
2015-10-22,800,19.0,19.0,18.839000701904297,18.839000701904297,17.69213104248047
2015-10-21,300,18.86000061035156,18.989999771118164,18.86000061035156,18.989999771118164,17.83393669128418
2015-10-20,400,19.05299949645996,19.05299949645996,19.05299949645996,19.05299949645996,17.893102645874023
2015-10-19,4600,19.290000915527344,19.690000534057614,19.290000915527344,19.36000061035156,18.181411743164062
2015-10-16,500,19.33300018310547,19.440000534057614,19.33300018310547,19.34000015258789,18.16263198852539
2015-10-15,400,19.239999771118164,19.309999465942383,19.239999771118164,19.309999465942383,18.13445472717285
2015-10-14,200,18.549999237060547,18.549999237060547,18.549999237060547,18.549999237060547,17.420722961425778
2015-10-13,800,18.959999084472656,18.959999084472656,18.799999237060547,18.799999237060547,17.65550422668457
2015-10-12,300,19.209999084472656,19.209999084472656,19.209999084472656,19.209999084472656,18.04054450988769
2015-10-09,400,18.9950008392334,19.15399932861328,18.9950008392334,19.15399932861328,17.987953186035156
2015-10-08,200,18.68000030517578,18.68000030517578,18.68000030517578,18.68000030517578,17.542810440063473
2015-10-07,100,19.0,19.0,19.0,19.0,17.84333038330078
2015-10-06,3800,18.57999992370605,18.81999969482422,18.48699951171875,18.81999969482422,17.674287796020508
2015-10-05,100,19.36000061035156,19.36000061035156,19.36000061035156,19.36000061035156,18.181411743164062
2015-10-02,1100,18.506999969482425,19.040000915527344,18.506999969482425,19.040000915527344,17.88089370727539
2015-10-01,100,18.40999984741211,18.40999984741211,18.40999984741211,18.40999984741211,17.28924560546875
2015-09-30,200,18.75,18.75,18.75,18.75,17.60854721069336
2015-09-29,16800,18.40999984741211,18.850000381469727,18.200000762939453,18.200000762939453,17.092031478881836
2015-09-28,2800,19.700000762939453,19.700000762939453,18.40999984741211,18.57999992370605,17.448898315429688
2015-09-25,800,20.09000015258789,20.09000015258789,20.0,20.0,18.782451629638672
2015-09-24,8000,20.40999984741211,20.530000686645508,20.36000061035156,20.51000022888184,19.261404037475582
2015-09-23,600,20.950000762939453,20.989999771118164,20.809999465942383,20.809999465942383,19.54314041137696
2015-09-22,100,20.73600006103516,20.73600006103516,20.73600006103516,20.73600006103516,19.47364616394043
2015-09-21,1100,21.89999961853028,21.959999084472656,21.799999237060547,21.799999237060547,20.47287368774414
2015-09-18,100,21.89999961853028,21.89999961853028,21.89999961853028,21.89999961853028,20.566783905029297
2015-09-17,200,22.229999542236328,22.229999542236328,22.229999542236328,22.229999542236328,20.87669563293457
2015-09-16,700,21.850000381469727,21.850000381469727,21.670000076293945,21.709999084472656,20.38834953308105
2015-09-15,100,21.87700080871582,21.87700080871582,21.87700080871582,21.87700080871582,20.545185089111328
2015-09-14,800,21.6299991607666,21.64999961853028,21.520000457763672,21.64999961853028,20.332002639770508
2015-09-11,900,21.39999961853028,21.64999961853028,21.39999961853028,21.64999961853028,20.332002639770508
2015-09-10,500,21.450000762939453,21.450000762939453,21.38999938964844,21.38999938964844,20.087831497192383
2015-09-09,400,21.32999992370605,21.32999992370605,21.32999992370605,21.32999992370605,20.03148460388184
2015-09-08,6300,20.979999542236328,21.290000915527344,20.979999542236328,21.290000915527344,19.9939193725586
2015-09-04,700,20.496000289916992,20.61000061035156,20.496000289916992,20.61000061035156,19.35531616210937
2015-09-03,200,20.780000686645508,20.780000686645508,20.780000686645508,20.780000686645508,19.51496696472168
2015-09-02,200,20.530000686645508,20.530000686645508,20.530000686645508,20.530000686645508,19.280187606811523
2015-09-01,200,20.5,20.5,20.5,20.5,19.252012252807614
2015-08-31,100,21.1299991607666,21.1299991607666,21.1299991607666,21.1299991607666,19.843658447265625
2015-08-28,1100,20.8700008392334,21.190000534057614,20.8700008392334,21.10099983215332,19.81642341613769
2015-08-27,2300,20.79599952697754,20.79599952697754,20.770000457763672,20.770000457763672,19.505577087402344
2015-08-26,1700,20.38999938964844,20.38999938964844,19.84499931335449,20.3799991607666,19.13931655883789
2015-08-25,4500,20.0,20.200000762939453,19.93000030517578,19.93000030517578,18.71671295166016
2015-08-24,5600,20.049999237060547,20.200000762939453,18.670000076293945,19.506999969482425,18.3194637298584
2015-08-21,3300,20.489999771118164,20.84000015258789,20.26000022888184,20.51000022888184,19.261404037475582
2015-08-20,1700,21.270000457763672,21.36000061035156,20.88999938964844,20.88999938964844,19.618268966674805
2015-08-19,700,21.489999771118164,21.6200008392334,21.489999771118164,21.489999771118164,20.18174362182617
2015-08-18,2100,21.815000534057614,21.815000534057614,21.71999931335449,21.71999931335449,20.397743225097656
2015-08-17,1900,21.43000030517578,21.73500061035156,21.43000030517578,21.73500061035156,20.411828994750977
2015-08-14,500,21.440000534057614,21.440000534057614,21.440000534057614,21.440000534057614,20.1347885131836
2015-08-13,1800,21.799999237060547,21.801000595092773,21.75,21.75,20.42591667175293
2015-08-12,2200,21.40999984741211,21.667999267578125,21.299999237060547,21.667999267578125,20.34890556335449
2015-08-11,5100,21.700000762939453,21.700000762939453,21.520000457763672,21.690000534057614,20.36956787109375
2015-08-10,1600,22.049999237060547,22.049999237060547,21.8799991607666,21.88999938964844,20.557392120361328
2015-08-07,2400,21.959999084472656,21.959999084472656,21.5,21.76000022888184,20.435306549072266
2015-08-06,3600,22.920000076293945,22.920000076293945,21.940000534057614,21.940000534057614,20.60435104370117
2015-08-05,300,22.856000900268555,22.856000900268555,22.82500076293945,22.82500076293945,21.43547248840332
2015-08-04,200,22.670000076293945,22.670000076293945,22.670000076293945,22.670000076293945,21.289907455444336
2015-08-03,2400,22.790000915527344,22.790000915527344,22.63999938964844,22.63999938964844,21.261734008789062
2015-07-31,300,22.790000915527344,22.790000915527344,22.790000915527344,22.790000915527344,21.40260505676269
2015-07-30,600,22.8799991607666,22.8799991607666,22.65500068664551,22.65500068664551,21.27582359313965
2015-07-29,1400,22.790000915527344,22.940000534057614,22.790000915527344,22.90200042724609,21.507787704467773
2015-07-28,700,22.64999961853028,22.739999771118164,22.64999961853028,22.739999771118164,21.35564613342285
2015-07-27,500,22.88999938964844,22.88999938964844,22.54999923706055,22.54999923706055,21.17721366882324
2015-07-24,1200,23.290000915527344,23.290000915527344,22.88999938964844,22.88999938964844,21.49651527404785
2015-07-23,600,23.70000076293945,23.70000076293945,23.440000534057614,23.440000534057614,22.013032913208008
2015-07-22,800,23.43000030517578,23.52499961853028,23.43000030517578,23.52499961853028,22.09285926818848
2015-07-21,2400,23.95000076293945,23.95000076293945,23.559999465942383,23.61000061035156,22.172685623168945
2015-07-20,4400,23.959999084472656,23.979999542236328,23.82500076293945,23.920000076293945,22.46381187438965
2015-07-17,1400,23.85000038146973,23.920000076293945,23.809999465942383,23.920000076293945,22.46381187438965
2015-07-16,600,23.7450008392334,23.86000061035156,23.7450008392334,23.86000061035156,22.40746307373047
2015-07-15,1300,23.56999969482422,23.790000915527344,23.483999252319336,23.483999252319336,22.05435371398925
2015-07-14,200,23.37299919128418,23.37299919128418,23.229999542236328,23.229999542236328,21.81581687927246
2015-07-13,2700,22.90999984741211,23.25,22.90999984741211,23.21999931335449,21.80642509460449
2015-07-10,700,22.85000038146973,22.8700008392334,22.85000038146973,22.85000038146973,21.45895004272461
2015-07-09,2700,22.54999923706055,22.54999923706055,22.5,22.5,21.13025665283203
2015-07-08,200,22.3700008392334,22.3700008392334,22.3700008392334,22.3700008392334,21.0081729888916
2015-07-07,1000,22.53000068664551,22.81999969482422,22.53000068664551,22.81999969482422,21.430776596069336
2015-07-06,1200,22.8700008392334,22.8700008392334,22.64999961853028,22.81999969482422,21.430776596069336
2015-07-02,200,22.739999771118164,22.739999771118164,22.739999771118164,22.739999771118164,21.35564613342285
2015-07-01,2400,23.25,23.25,22.8700008392334,22.875,21.4824275970459
2015-06-30,3400,22.959999084472656,23.059999465942383,22.93000030517578,23.059999465942383,21.656164169311523
2015-06-29,10500,23.26000022888184,23.26000022888184,22.93000030517578,23.01000022888184,21.609209060668945
2015-06-26,500,23.670000076293945,23.670000076293945,23.270000457763672,23.270000457763672,21.853384017944336
2015-06-25,1200,23.59000015258789,23.59000015258789,23.51000022888184,23.559999465942383,22.12572860717773
2015-06-24,200,23.78000068664551,23.78000068664551,23.70000076293945,23.70000076293945,22.257204055786133
2015-06-23,5600,24.01000022888184,24.01000022888184,23.270000457763672,23.920000076293945,22.46381187438965
2015-06-22,700,23.89999961853028,24.01000022888184,23.88999938964844,24.01000022888184,22.5483341217041
2015-06-19,14900,23.78000068664551,23.78000068664551,23.67700004577637,23.68000030517578,22.23842430114746
2015-06-18,2900,23.770000457763672,23.81800079345703,23.729999542236328,23.75,22.304161071777344
2015-06-17,300,23.270000457763672,23.270000457763672,23.270000457763672,23.270000457763672,21.853384017944336
2015-06-16,300,23.21999931335449,23.239999771118164,23.21999931335449,23.239999771118164,21.82520866394043
2015-06-15,800,22.93000030517578,23.20000076293945,22.8799991607666,23.20000076293945,21.787643432617188
2015-06-12,1000,23.690000534057614,23.690000534057614,23.34000015258789,23.34000015258789,21.91912269592285
2015-06-11,2100,23.61000061035156,23.665000915527344,23.61000061035156,23.665000915527344,22.224336624145508
2015-06-10,400,23.32999992370605,23.59499931335449,23.32999992370605,23.59499931335449,22.15859603881836
2015-06-09,400,23.14999961853028,23.14999961853028,23.1299991607666,23.1299991607666,21.721904754638672
2015-06-08,4100,23.709999084472656,23.709999084472656,23.38999938964844,23.540000915527344,22.1069450378418
2015-06-05,400,23.44599914550781,23.506000518798828,23.44599914550781,23.506000518798828,22.07501602172852
2015-06-04,900,23.5,23.5,23.190000534057614,23.229999542236328,21.81581687927246
2015-06-03,300,23.40999984741211,23.46999931335449,23.40999984741211,23.44599914550781,22.018667221069336
2015-06-02,2000,23.25,23.29999923706055,23.229999542236328,23.239999771118164,21.82520866394043
2015-06-01,1500,23.489999771118164,23.489999771118164,23.215999603271484,23.3129997253418,21.89376449584961
2015-05-29,1300,23.51000022888184,23.520000457763672,23.496999740600582,23.496999740600582,22.06656265258789
2015-05-28,400,23.218000411987305,23.218000411987305,23.218000411987305,23.218000411987305,21.804548263549805
2015-05-27,200,23.26000022888184,23.26000022888184,23.26000022888184,23.26000022888184,21.843992233276367
2015-05-26,5300,23.25,23.25,22.790000915527344,22.88999938964844,21.49651527404785
2015-05-22,2400,23.20000076293945,23.25,23.20000076293945,23.20000076293945,21.787643432617188
2015-05-21,500,23.170000076293945,23.26000022888184,23.170000076293945,23.18000030517578,21.768861770629886
2015-05-20,600,23.20000076293945,23.209999084472656,23.20000076293945,23.209999084472656,21.79703521728516
2015-05-19,1200,23.11000061035156,23.14999961853028,23.11000061035156,23.11000061035156,21.703125
2015-05-18,900,23.170000076293945,23.170000076293945,23.10000038146973,23.14999961853028,21.74068832397461
2015-05-15,1800,22.81999969482422,22.89999961853028,22.81399917602539,22.89999961853028,21.505905151367188
2015-05-14,1900,22.79999923706055,22.84000015258789,22.60000038146973,22.834999084472656,21.44486427307129
2015-05-13,200,22.729999542236328,22.729999542236328,22.729999542236328,22.729999542236328,21.34625625610352
2015-05-12,700,22.85000038146973,22.85000038146973,22.809999465942383,22.809999465942383,21.42138671875
2015-05-11,4600,23.46999931335449,23.46999931335449,23.0,23.07999992370605,21.674949645996094
2015-05-08,800,22.86000061035156,22.95000076293945,22.86000061035156,22.95000076293945,21.55286407470703
2015-05-07,1300,22.6299991607666,22.81999969482422,22.57999992370605,22.739999771118164,21.35564613342285
2015-05-06,3500,22.489999771118164,22.684999465942383,22.489999771118164,22.670000076293945,21.289907455444336
2015-05-05,2300,22.920000076293945,22.920000076293945,22.41900062561035,22.48600006103516,21.117111206054688
2015-05-04,5300,23.0,23.11000061035156,22.8700008392334,22.915000915527344,21.519994735717773
2015-05-01,1400,22.69599914550781,22.80900001525879,22.6879997253418,22.80900001525879,21.420446395874023
2015-04-30,5400,22.65999984741211,22.77899932861328,22.39999961853028,22.479999542236328,21.111474990844727
2015-04-29,2600,23.02400016784668,23.07999992370605,22.81399917602539,22.959999084472656,21.56225204467773
2015-04-28,3000,23.34000015258789,23.34000015258789,22.70000076293945,23.040000915527344,21.63738441467285
2015-04-27,6900,24.940000534057614,24.940000534057614,23.23600006103516,23.25,21.83459854125977
2015-04-24,1000,23.85000038146973,23.959999084472656,23.85000038146973,23.95000076293945,22.491987228393555
2015-04-23,2300,23.73600006103516,23.888999938964844,23.73600006103516,23.888999938964844,22.4346981048584
2015-04-22,1500,23.729999542236328,23.729999542236328,23.46999931335449,23.46999931335449,22.04120635986328
2015-04-21,1400,23.6259994506836,23.6259994506836,23.586000442504886,23.586000442504886,22.150144577026367
2015-04-20,1500,23.739999771118164,23.739999771118164,23.347999572753903,23.47200012207031,22.0430850982666
2015-04-17,21700,23.75,23.75,23.25,23.36599922180176,21.94353675842285
2015-04-16,3900,23.72500038146973,23.809999465942383,23.72500038146973,23.78899955749512,22.34078598022461
2015-04-15,1800,23.459999084472656,23.63800048828125,23.459999084472656,23.63800048828125,22.1989803314209
2015-04-14,4000,23.36000061035156,23.4379997253418,23.36000061035156,23.420000076293945,21.994251251220703
2015-04-13,6900,23.39999961853028,23.60000038146973,23.39999961853028,23.41200065612793,21.986740112304688
2015-04-10,3700,23.20000076293945,23.308000564575195,23.165000915527344,23.308000564575195,21.88907051086425
2015-04-09,1700,23.107999801635746,23.107999801635746,23.01000022888184,23.06399917602539,21.659921646118164
2015-04-08,2200,23.21999931335449,23.21999931335449,22.89999961853028,23.0,21.59982109069824
2015-04-07,3200,22.690000534057614,23.01000022888184,22.690000534057614,22.920000076293945,21.52469062805176
2015-04-06,1600,22.290000915527344,22.690000534057614,22.290000915527344,22.690000534057614,21.30869102478028
2015-04-02,1600,22.440000534057614,22.489999771118164,22.357999801635746,22.36199951171875,21.00065803527832
2015-04-01,3000,22.5,22.5,22.190000534057614,22.420000076293945,21.05512809753418
2015-03-31,4200,22.76000022888184,22.82999992370605,22.742000579833984,22.763999938964844,21.3781852722168
2015-03-30,5000,22.75,22.96999931335449,22.739999771118164,22.96999931335449,21.571645736694336
2015-03-27,1800,22.63599967956543,22.70000076293945,22.6299991607666,22.6299991607666,21.252344131469727
2015-03-26,3500,22.270000457763672,22.50200080871582,22.190000534057614,22.434999465942383,21.069215774536133
2015-03-25,7900,23.29999923706055,23.29999923706055,22.54999923706055,22.54999923706055,21.17721366882324
2015-03-24,6400,23.68000030517578,23.68000030517578,23.309999465942383,23.34000015258789,21.91912269592285
2015-03-23,25900,23.989999771118164,23.989999771118164,23.479999542236328,23.51499938964844,22.083465576171875
2015-03-20,15300,24.239999771118164,24.239999771118164,23.82999992370605,23.8799991607666,22.426246643066406
2015-03-19,22700,23.5,23.989999771118164,23.5,23.97500038146973,22.515464782714844
2015-03-18,1900,23.375,23.5,23.29999923706055,23.5,22.069381713867188
2015-03-17,3200,23.1299991607666,23.34900093078613,23.1299991607666,23.31999969482422,21.90033912658692
2015-03-16,1800,22.613000869750977,23.34000015258789,22.613000869750977,23.290000915527344,21.87216567993164
2015-03-13,4400,23.15999984741211,23.15999984741211,22.76000022888184,22.86400032043457,21.47210121154785
2015-03-12,3300,22.84000015258789,23.03000068664551,22.84000015258789,23.020000457763672,21.618602752685547
2015-03-11,2000,22.85000038146973,22.87700080871582,22.81999969482422,22.8700008392334,21.47773551940918
2015-03-10,1500,23.15999984741211,23.15999984741211,22.72800064086914,22.87700080871582,21.484310150146484
2015-03-09,3500,23.190000534057614,23.190000534057614,22.84000015258789,22.98500061035156,21.585731506347656
2015-03-06,3200,23.190000534057614,23.23500061035156,23.01000022888184,23.035999298095703,21.63362693786621
2015-03-05,3600,23.40999984741211,23.40999984741211,23.257999420166016,23.36000061035156,21.937902450561523
2015-03-04,2000,23.28000068664551,23.28000068664551,22.856000900268555,23.04999923706055,21.64677619934082
2015-03-03,5300,23.29999923706055,23.29999923706055,23.0,23.084999084472656,21.67964553833008
2015-03-02,4200,23.45000076293945,23.489999771118164,23.290000915527344,23.38999938964844,21.96607780456543
2015-02-27,57500,23.39999961853028,23.39999961853028,23.18000030517578,23.25,21.83459854125977
2015-02-26,3900,23.489999771118164,23.489999771118164,23.29999923706055,23.45000076293945,22.02242660522461
2015-02-25,4300,23.270999908447266,23.45000076293945,23.270999908447266,23.36000061035156,21.937902450561523
2015-02-24,5900,23.270000457763672,23.270000457763672,23.10400009155273,23.145999908447266,21.73693084716797
2015-02-23,10100,23.71999931335449,23.71999931335449,23.35000038146973,23.40999984741211,21.9848575592041
2015-02-20,2000,23.38999938964844,23.38999938964844,23.270000457763672,23.38999938964844,21.96607780456543
2015-02-19,3400,23.28000068664551,23.28000068664551,23.20000076293945,23.256000518798828,21.840234756469727
2015-02-18,2600,23.18000030517578,23.18000030517578,23.038000106811523,23.11000061035156,21.703125
2015-02-17,3800,23.1200008392334,23.17900085449219,22.92799949645996,23.17900085449219,21.76792335510254
2015-02-13,1000,22.88999938964844,22.88999938964844,22.690000534057614,22.79999923706055,21.4119930267334
2015-02-12,6600,22.59000015258789,22.72599983215332,22.520000457763672,22.72599983215332,21.342498779296875
2015-02-11,1900,22.63999938964844,22.63999938964844,22.51000022888184,22.586000442504886,21.211021423339844
2015-02-10,1800,22.01000022888184,22.5,22.01000022888184,22.489999771118164,21.12086677551269
2015-02-09,2100,22.63999938964844,22.63999938964844,22.19799995422364,22.19799995422364,20.846641540527344
2015-02-06,5500,22.739999771118164,22.739999771118164,22.475000381469727,22.475000381469727,21.106779098510746
2015-02-05,900,22.3700008392334,22.540000915527344,22.270000457763672,22.540000915527344,21.167823791503903
2015-02-04,600,22.1200008392334,22.13999938964844,22.1200008392334,22.13999938964844,20.79217338562012
2015-02-03,8300,22.75,22.75,22.0009994506836,22.395999908447266,21.032588958740234
2015-02-02,1900,22.0,22.1200008392334,21.959999084472656,22.1200008392334,20.773393630981445
2015-01-30,3400,23.0,23.0,22.450000762939453,22.520000457763672,21.1490421295166
2015-01-29,1800,22.18000030517578,22.559999465942383,22.18000030517578,22.53000068664551,21.15843200683593
2015-01-28,2100,22.71999931335449,22.71999931335449,22.270000457763672,22.270000457763672,20.91425895690918
2015-01-27,4800,23.209999084472656,23.209999084472656,22.489999771118164,22.65699958801269,21.277698516845703
2015-01-26,2300,22.459999084472656,22.71999931335449,22.459999084472656,22.64800071716309,21.269248962402344
2015-01-23,2400,22.3759994506836,22.559999465942383,22.3759994506836,22.5,21.13025665283203
2015-01-22,4100,21.979999542236328,22.440000534057614,21.979999542236328,22.39999961853028,21.03634452819824
2015-01-21,3000,22.790000915527344,22.790000915527344,22.18000030517578,22.21999931335449,20.86730194091797
2015-01-20,3900,22.489999771118164,22.729999542236328,22.299999237060547,22.709999084472656,21.32747459411621
2015-01-16,2500,22.1200008392334,22.280000686645508,22.059999465942383,22.270000457763672,20.91425895690918
2015-01-15,5100,22.56999969482422,22.56999969482422,22.01000022888184,22.030000686645508,20.68886947631836
2015-01-14,2300,22.420000076293945,22.59000015258789,22.420000076293945,22.56599998474121,21.19223976135254
2015-01-13,9000,22.88999938964844,22.88999938964844,22.25,22.36000061035156,20.998783111572266
2015-01-12,8900,23.170000076293945,23.170000076293945,22.57999992370605,22.584999084472656,21.210081100463867
2015-01-09,2700,21.90999984741211,21.90999984741211,21.57999992370605,21.729999542236328,20.407133102416992
2015-01-08,300,21.59000015258789,21.600000381469727,21.59000015258789,21.600000381469727,20.28504753112793
2015-01-07,8100,21.09000015258789,21.309999465942383,21.09000015258789,21.280000686645508,19.98452949523925
2015-01-06,6600,21.299999237060547,21.299999237060547,20.86800003051757,20.98500061035156,19.70748710632324
2015-01-05,3900,21.290000915527344,21.459999084472656,21.190000534057614,21.229999542236328,19.93757057189941
2015-01-02,3700,21.040000915527344,21.45499992370605,21.040000915527344,21.299999237060547,20.00331115722656
2014-12-31,1400,21.479999542236328,21.479999542236328,21.229999542236328,21.229999542236328,19.658611297607425
2014-12-30,2600,21.489999771118164,21.489999771118164,21.26000022888184,21.26000022888184,19.686389923095703
2014-12-29,3900,21.63999938964844,21.63999938964844,21.3700008392334,21.46999931335449,19.88084602355957
2014-12-26,1300,21.18000030517578,21.51000022888184,21.18000030517578,21.459999084472656,19.871585845947266
2014-12-24,1500,20.600000381469727,21.299999237060547,20.600000381469727,21.20599937438965,19.636388778686523
2014-12-23,2800,21.790000915527344,21.790000915527344,21.0,21.07999992370605,19.51971244812012
2014-12-22,3200,21.39999961853028,21.597000122070312,21.347000122070312,21.56999969482422,19.97344398498535
2014-12-19,2200,21.489999771118164,21.489999771118164,21.290000915527344,21.3700008392334,19.78824806213379
2014-12-18,5600,20.8700008392334,21.15999984741211,20.8700008392334,21.13999938964844,19.575271606445312
2014-12-17,1000,19.950000762939453,20.22599983215332,19.950000762939453,20.22599983215332,18.72892189025879
2014-12-16,3300,19.950000762939453,20.26000022888184,19.950000762939453,20.059999465942383,18.575210571289062
2014-12-15,1300,20.549999237060547,20.59000015258789,20.21999931335449,20.280000686645508,18.778928756713867
2014-12-12,1400,20.729999542236328,20.729999542236328,20.600000381469727,20.670000076293945,19.140060424804688
2014-12-11,2400,20.90999984741211,20.90999984741211,20.65999984741211,20.65999984741211,19.130800247192383
2014-12-10,1000,20.86000061035156,20.86000061035156,20.68000030517578,20.68000030517578,19.149320602416992
2014-12-09,1200,20.56999969482422,20.8799991607666,20.56999969482422,20.86000061035156,19.315996170043945
2014-12-08,1200,20.670000076293945,20.690000534057617,20.5,20.5,18.982643127441406
2014-12-05,1100,20.5,20.51000022888184,20.5,20.51000022888184,18.991905212402344
2014-12-04,1200,20.32999992370605,20.350000381469727,20.31999969482422,20.350000381469727,18.84374618530273
2014-12-03,1300,20.229999542236328,20.32999992370605,20.229999542236328,20.32999992370605,18.825225830078125
2014-12-02,2400,20.21999931335449,20.229999542236328,20.13999938964844,20.229999542236328,18.732627868652344
2014-12-01,1000,20.280000686645508,20.31999969482422,20.06999969482422,20.170000076293945,18.67706871032715
2014-11-28,1300,20.489999771118164,20.6299991607666,20.489999771118164,20.506000518798828,18.988201141357425
2014-11-26,500,20.209999084472656,20.209999084472656,20.209999084472656,20.209999084472656,18.71410751342773
2014-11-25,700,20.21999931335449,20.21999931335449,20.21999931335449,20.21999931335449,18.72336769104004
2014-11-24,2600,20.09000015258789,20.190000534057617,20.09000015258789,20.190000534057617,18.69559097290039
2014-11-21,2000,20.14999961853028,20.14999961853028,19.96999931335449,20.030000686645508,18.54743194580078
2014-11-20,1200,19.86000061035156,19.8799991607666,19.85300064086914,19.8799991607666,18.40853500366211
2014-11-19,900,19.920000076293945,19.920000076293945,19.920000076293945,19.920000076293945,18.44557380676269
2014-11-18,2000,20.059999465942383,20.07999992370605,20.01000022888184,20.059999465942383,18.575210571289062
2014-11-17,3500,19.790000915527344,19.790000915527344,19.76000022888184,19.76000022888184,18.29741668701172
2014-11-14,1100,19.8700008392334,19.8700008392334,19.780000686645508,19.780000686645508,18.315937042236328
2014-11-13,2500,20.06999969482422,20.06999969482422,19.950000762939453,19.989999771118164,18.510393142700195
2014-11-12,6900,19.84000015258789,19.979999542236328,19.839000701904297,19.979999542236328,18.50113105773925
2014-11-11,3300,20.5,20.5,19.84000015258789,19.920000076293945,18.44557380676269
2014-11-10,3500,19.709999084472656,19.90999984741211,19.709999084472656,19.89999961853028,18.42705345153809
2014-11-07,1700,20.0,20.0,19.56999969482422,19.64999961853028,18.195556640625
2014-11-06,2000,19.75,19.780000686645508,19.700000762939453,19.746999740600582,18.285375595092773
2014-11-05,4300,20.309999465942383,20.309999465942383,20.0,20.030000686645508,18.54743194580078
2014-11-04,1900,19.940000534057617,20.049999237060547,19.940000534057617,20.049999237060547,18.56595039367676
2014-11-03,4000,20.209999084472656,20.209999084472656,20.059999465942383,20.06999969482422,18.58447265625
2014-10-31,5800,20.32999992370605,20.350000381469727,20.100000381469727,20.100000381469727,18.61225128173828
