date,volume,open,high,low,close,adj close
2023-12-28,1409800,17.280000686645508,17.450000762939453,17.229999542236328,17.440000534057617,17.440000534057617
2023-12-27,1659900,17.360000610351562,17.40999984741211,17.219999313354492,17.399999618530273,17.399999618530273
2023-12-26,1392100,17.1299991607666,17.329999923706055,17.059999465942383,17.270000457763672,17.270000457763672
2023-12-22,1289800,17.049999237060547,17.309999465942383,16.940000534057617,17.06999969482422,17.06999969482422
2023-12-21,2329100,17.260000228881836,17.260000228881836,16.799999237060547,17.0,17.0
2023-12-20,3364700,17.059999465942383,17.520000457763672,17.010000228881836,17.110000610351562,17.110000610351562
2023-12-19,2314500,17.040000915527344,17.15999984741211,16.8799991607666,17.059999465942383,17.059999465942383
2023-12-18,2727000,17.149999618530273,17.360000610351562,16.969999313354492,16.979999542236328,16.979999542236328
2023-12-15,7904600,17.510000228881836,17.56999969482422,16.989999771118164,17.15999984741211,17.15999984741211
2023-12-14,6068600,17.020000457763672,17.489999771118164,17.0,17.440000534057617,17.440000534057617
2023-12-13,3792400,15.59000015258789,16.65999984741211,15.5600004196167,16.600000381469727,16.600000381469727
2023-12-12,2257600,15.770000457763672,15.789999961853027,15.59000015258789,15.600000381469728,15.600000381469728
2023-12-11,3052100,15.81999969482422,15.880000114440918,15.65999984741211,15.789999961853027,15.789999961853027
2023-12-08,2911900,15.68000030517578,15.90999984741211,15.640000343322754,15.880000114440918,15.880000114440918
2023-12-07,2695100,15.539999961853027,15.8100004196167,15.460000038146973,15.710000038146973,15.710000038146973
2023-12-06,3593400,15.75,16.010000228881836,15.550000190734863,15.579999923706056,15.579999923706056
2023-12-05,4497800,15.90999984741211,15.9399995803833,15.460000038146973,15.68000030517578,15.68000030517578
2023-12-04,4834900,15.6899995803833,16.1299991607666,15.6899995803833,16.030000686645508,16.030000686645508
2023-12-01,4270200,15.270000457763672,15.869999885559082,15.170000076293944,15.75,15.75
2023-11-30,20971800,15.09000015258789,15.350000381469728,14.770000457763672,15.270000457763672,15.270000457763672
2023-11-29,5421600,15.130000114440918,15.59000015258789,15.079999923706056,15.130000114440918,15.130000114440918
2023-11-28,4987900,14.460000038146973,15.0600004196167,14.300000190734863,15.020000457763672,15.020000457763672
2023-11-27,2582400,14.399999618530272,14.609999656677246,14.239999771118164,14.510000228881836,14.510000228881836
2023-11-24,1377500,14.31999969482422,14.479999542236328,14.229999542236328,14.479999542236328,14.479999542236328
2023-11-22,3309900,14.470000267028809,14.5,14.149999618530272,14.40999984741211,14.40999984741211
2023-11-21,3072100,14.539999961853027,14.670000076293944,14.149999618530272,14.289999961853027,14.289999961853027
2023-11-20,6121800,14.15999984741211,14.729999542236328,14.010000228881836,14.630000114440918,14.630000114440918
2023-11-17,3455100,14.5600004196167,14.59000015258789,14.170000076293944,14.25,14.25
2023-11-16,4006100,14.770000457763672,14.850000381469728,14.390000343322754,14.399999618530272,14.399999618530272
2023-11-15,4577500,14.619999885559082,14.920000076293944,14.619999885559082,14.75,14.75
2023-11-14,4004200,14.539999961853027,15.06999969482422,14.449999809265137,14.739999771118164,14.739999771118164
2023-11-13,3233800,14.109999656677246,14.18000030517578,13.859999656677246,13.960000038146973,13.960000038146973
2023-11-10,2638600,14.31999969482422,14.579999923706056,14.15999984741211,14.520000457763672,14.210000991821287
2023-11-09,2936600,14.8100004196167,14.859999656677246,14.229999542236328,14.260000228881836,13.955551147460938
2023-11-08,2478200,14.649999618530272,14.829999923706056,14.600000381469728,14.81999969482422,14.503595352172852
2023-11-07,6310300,15.06999969482422,15.220000267028809,14.550000190734863,14.640000343322754,14.327438354492188
2023-11-06,4599100,14.90999984741211,15.229999542236328,14.710000038146973,15.149999618530272,14.826549530029297
2023-11-03,5445800,15.390000343322754,15.59000015258789,14.739999771118164,14.899999618530272,14.581887245178224
2023-11-02,4802000,14.890000343322754,15.09000015258789,14.739999771118164,14.979999542236328,14.660179138183594
2023-11-01,6337400,14.380000114440918,14.56999969482422,14.100000381469728,14.5600004196167,14.249146461486816
2023-10-31,5800800,14.369999885559082,14.510000228881836,14.149999618530272,14.350000381469728,14.04362964630127
2023-10-30,3382300,14.260000228881836,14.510000228881836,13.93000030517578,14.239999771118164,13.935977935791016
2023-10-27,2538200,14.510000228881836,14.510000228881836,14.06999969482422,14.130000114440918,13.828327178955078
2023-10-26,4225900,14.59000015258789,14.81999969482422,14.399999618530272,14.4399995803833,14.131708145141602
2023-10-25,2393600,14.449999809265137,14.630000114440918,14.359999656677246,14.479999542236328,14.170853614807127
2023-10-24,2855100,14.520000457763672,14.68000030517578,14.34000015258789,14.56999969482422,14.25893211364746
2023-10-23,2130600,14.380000114440918,14.600000381469728,14.260000228881836,14.34000015258789,14.033843040466309
2023-10-20,2140300,14.5600004196167,14.6899995803833,14.489999771118164,14.529999732971191,14.219786643981934
2023-10-19,2668100,14.800000190734863,14.970000267028809,14.479999542236328,14.529999732971191,14.219786643981934
2023-10-18,2340700,15.079999923706056,15.130000114440918,14.869999885559082,14.920000076293944,14.601460456848145
2023-10-17,3138900,15.0600004196167,15.449999809265137,15.0600004196167,15.210000038146973,14.885269165039062
2023-10-16,3145500,14.979999542236328,15.289999961853027,14.739999771118164,15.170000076293944,14.84612274169922
2023-10-13,2850000,14.739999771118164,14.9399995803833,14.529999732971191,14.850000381469728,14.532955169677734
2023-10-12,3236500,15.31999969482422,15.380000114440918,14.640000343322754,14.670000076293944,14.35679817199707
2023-10-11,2798300,14.869999885559082,15.18000030517578,14.81999969482422,15.06999969482422,14.748257637023926
2023-10-10,3417800,14.359999656677246,14.800000190734863,14.359999656677246,14.729999542236328,14.415515899658203
2023-10-09,4839800,14.329999923706056,14.520000457763672,14.149999618530272,14.289999961853027,13.98491096496582
2023-10-06,5483500,14.800000190734863,14.869999885559082,14.420000076293944,14.4399995803833,14.131708145141602
2023-10-05,3518900,15.050000190734863,15.479999542236328,14.920000076293944,15.020000457763672,14.699325561523438
2023-10-04,3588900,14.81999969482422,15.06999969482422,14.609999656677246,15.039999961853027,14.718897819519045
2023-10-03,3042900,14.8100004196167,14.9399995803833,14.59000015258789,14.720000267028809,14.40573024749756
2023-10-02,2961100,15.199999809265137,15.260000228881836,14.75,14.859999656677246,14.54274082183838
2023-09-29,2619200,15.300000190734863,15.449999809265137,15.1899995803833,15.270000457763672,14.943987846374512
2023-09-28,2079400,14.800000190734863,15.109999656677246,14.6899995803833,15.0600004196167,14.73847198486328
2023-09-27,4667800,15.010000228881836,15.15999984741211,14.640000343322754,14.729999542236328,14.415515899658203
2023-09-26,2367400,15.289999961853027,15.359999656677246,14.9399995803833,15.010000228881836,14.689538955688477
2023-09-25,2119000,15.43000030517578,15.479999542236328,15.31999969482422,15.420000076293944,15.090785026550291
2023-09-22,2813300,15.529999732971191,15.729999542236328,15.390000343322754,15.5600004196167,15.22779655456543
2023-09-21,3055900,16.030000686645508,16.1200008392334,15.510000228881836,15.520000457763672,15.188651084899902
2023-09-20,2750700,16.3799991607666,16.520000457763672,16.079999923706055,16.110000610351562,15.766054153442385
2023-09-19,2135400,16.329999923706055,16.3799991607666,16.139999389648438,16.15999984741211,15.814986228942873
2023-09-18,1971300,16.700000762939453,16.700000762939453,16.329999923706055,16.329999923706055,15.981356620788574
2023-09-15,5199000,16.709999084472656,16.739999771118164,16.399999618530273,16.670000076293945,16.314098358154297
2023-09-14,3582700,16.450000762939453,16.93000030517578,16.450000762939453,16.84000015258789,16.48046875
2023-09-13,1880600,16.389999389648438,16.459999084472656,16.209999084472656,16.270000457763672,15.92263889312744
2023-09-12,1750700,16.399999618530273,16.520000457763672,16.299999237060547,16.360000610351562,16.010717391967773
2023-09-11,2270700,16.690000534057617,16.719999313354492,16.459999084472656,16.479999542236328,16.128154754638672
2023-09-08,1541700,16.739999771118164,16.770000457763672,16.579999923706055,16.719999313354492,16.36302947998047
2023-09-07,2780100,17.0,17.0,16.68000030517578,16.719999313354492,16.36302947998047
2023-09-06,2404200,17.079999923706055,17.200000762939453,16.850000381469727,17.0,16.637052536010742
2023-09-05,2853100,17.510000228881836,17.639999389648438,17.059999465942383,17.09000015258789,16.72513198852539
2023-09-01,3855600,17.59000015258789,17.84000015258789,17.56999969482422,17.610000610351562,17.23402976989746
2023-08-31,5417700,17.260000228881836,17.600000381469727,17.139999389648438,17.520000457763672,17.145950317382812
2023-08-30,2167200,16.989999771118164,17.31999969482422,16.979999542236328,17.219999313354492,16.852354049682617
2023-08-29,2608100,16.81999969482422,17.0,16.719999313354492,16.989999771118164,16.62726593017578
2023-08-28,1788100,16.790000915527344,17.020000457763672,16.739999771118164,16.739999771118164,16.38260269165039
2023-08-25,2020900,16.860000610351562,16.920000076293945,16.610000610351562,16.65999984741211,16.304311752319336
2023-08-24,2289800,16.860000610351562,17.260000228881836,16.809999465942383,16.809999465942383,16.451108932495117
2023-08-23,2626300,16.600000381469727,16.90999984741211,16.559999465942383,16.8700008392334,16.509828567504883
2023-08-22,2426800,16.75,16.760000228881836,16.5,16.600000381469727,16.24559211730957
2023-08-21,1928500,16.75,16.850000381469727,16.59000015258789,16.780000686645508,16.421751022338867
2023-08-18,3088800,16.799999237060547,16.90999984741211,16.559999465942383,16.850000381469727,16.49025535583496
2023-08-17,2898800,17.1299991607666,17.18000030517578,16.90999984741211,16.90999984741211,16.548973083496094
2023-08-16,3187200,17.030000686645508,17.270000457763672,16.959999084472656,17.049999237060547,16.685983657836914
2023-08-15,4046900,17.09000015258789,17.34000015258789,16.950000762939453,17.15999984741211,16.793636322021484
2023-08-14,2779000,17.65999984741211,17.700000762939453,17.09000015258789,17.260000228881836,16.891502380371094
2023-08-11,2307600,18.0,18.200000762939453,17.989999771118164,18.049999237060547,17.361251831054688
2023-08-10,2422700,18.6200008392334,18.86000061035156,18.049999237060547,18.049999237060547,17.361251831054688
2023-08-09,3585600,18.5,18.71999931335449,18.39999961853028,18.549999237060547,17.842172622680664
2023-08-08,4536600,19.26000022888184,19.46999931335449,18.38999938964844,18.5,17.794082641601562
2023-08-07,2940800,19.600000381469727,19.8799991607666,19.559999465942383,19.729999542236328,18.97714805603028
2023-08-04,1797300,19.700000762939453,19.920000076293945,19.38999938964844,19.530000686645508,18.784780502319336
2023-08-03,2197900,19.40999984741211,19.739999771118164,19.059999465942383,19.690000534057617,18.93867492675781
2023-08-02,1729300,19.420000076293945,19.5,19.200000762939453,19.489999771118164,18.74630546569824
2023-08-01,1527300,19.489999771118164,19.670000076293945,19.3799991607666,19.61000061035156,18.86172676086425
2023-07-31,1774300,19.6200008392334,19.770000457763672,19.450000762939453,19.530000686645508,18.784780502319336
2023-07-28,1678700,19.84000015258789,19.90999984741211,19.46999931335449,19.59000015258789,18.842491149902344
2023-07-27,1359500,20.01000022888184,20.170000076293945,19.61000061035156,19.690000534057617,18.93867492675781
2023-07-26,1985600,20.049999237060547,20.229999542236328,19.96999931335449,20.020000457763672,19.25608253479004
2023-07-25,1840600,20.09000015258789,20.200000762939453,19.959999084472656,20.040000915527344,19.275320053100582
2023-07-24,1927000,19.93000030517578,20.25,19.8700008392334,20.14999961853028,19.381122589111328
2023-07-21,1948400,19.690000534057617,20.030000686645508,19.459999084472656,19.940000534057617,19.179134368896484
2023-07-20,1703000,19.450000762939453,19.61000061035156,19.1200008392334,19.600000381469727,18.852109909057617
2023-07-19,1913800,19.13999938964844,19.6200008392334,19.1200008392334,19.40999984741211,18.66935920715332
2023-07-18,2334700,18.920000076293945,19.1200008392334,18.739999771118164,18.940000534057617,18.217294692993164
2023-07-17,2284700,19.01000022888184,19.01000022888184,18.68000030517578,18.8799991607666,18.15958023071289
2023-07-14,2078600,19.0,19.049999237060547,18.700000762939453,18.979999542236328,18.255765914916992
2023-07-13,2174800,18.950000762939453,19.11000061035156,18.84000015258789,19.06999969482422,18.34233283996582
2023-07-12,2906500,19.229999542236328,19.299999237060547,18.959999084472656,19.01000022888184,18.28462219238281
2023-07-11,2739000,18.86000061035156,19.09000015258789,18.84000015258789,18.959999084472656,18.236528396606445
2023-07-10,1989700,18.600000381469727,18.90999984741211,18.459999084472656,18.81999969482422,18.10187149047852
2023-07-07,1930200,18.780000686645508,18.90999984741211,18.65999984741211,18.700000762939453,17.986452102661133
2023-07-06,1985800,18.979999542236328,18.979999542236328,18.520000457763672,18.86000061035156,18.14034652709961
2023-07-05,2238400,19.040000915527344,19.540000915527344,18.709999084472656,19.290000915527344,18.553937911987305
2023-07-03,1090300,18.809999465942383,19.3799991607666,18.809999465942383,19.020000457763672,18.29424095153809
2023-06-30,2951200,18.959999084472656,19.020000457763672,18.549999237060547,18.86000061035156,18.14034652709961
2023-06-29,1749000,18.34000015258789,18.84000015258789,18.34000015258789,18.809999465942383,18.09225273132324
2023-06-28,3150000,18.489999771118164,18.520000457763672,18.1200008392334,18.479999542236328,17.774845123291016
2023-06-27,2421700,18.59000015258789,18.670000076293945,18.36000061035156,18.520000457763672,17.81332015991211
2023-06-26,1612900,18.14999961853028,18.59000015258789,18.11000061035156,18.549999237060547,17.842172622680664
2023-06-23,3630800,18.549999237060547,18.56999969482422,18.1200008392334,18.1299991607666,17.43819808959961
2023-06-22,2315300,18.690000534057617,18.690000534057617,18.350000381469727,18.65999984741211,17.94797706604004
2023-06-21,2890200,19.040000915527344,19.040000915527344,18.530000686645508,18.63999938964844,17.928739547729492
2023-06-20,1581900,19.36000061035156,19.3799991607666,18.88999938964844,19.1299991607666,18.400041580200195
2023-06-16,3780700,19.3700008392334,19.57999992370605,19.309999465942383,19.459999084472656,18.717449188232425
2023-06-15,1839600,19.5,19.520000457763672,19.209999084472656,19.34000015258789,18.60202980041504
2023-06-14,2312900,19.59000015258789,19.739999771118164,19.32999992370605,19.559999465942383,18.813634872436523
2023-06-13,2361800,19.530000686645508,19.76000022888184,19.36000061035156,19.479999542236328,18.73668670654297
2023-06-12,1372900,19.670000076293945,19.700000762939453,19.450000762939453,19.61000061035156,18.86172676086425
2023-06-09,1691200,19.739999771118164,19.8799991607666,19.61000061035156,19.709999084472656,18.957910537719727
2023-06-08,1547700,19.8700008392334,19.90999984741211,19.479999542236328,19.729999542236328,18.97714805603028
2023-06-07,2376600,19.440000534057617,19.959999084472656,19.3700008392334,19.950000762939453,19.18875312805176
2023-06-06,1794100,19.06999969482422,19.6200008392334,19.01000022888184,19.440000534057617,18.69821548461914
2023-06-05,1859600,19.0,19.200000762939453,18.81999969482422,18.940000534057617,18.217294692993164
2023-06-02,2943100,18.959999084472656,19.290000915527344,18.959999084472656,19.190000534057617,18.45775413513184
2023-06-01,1645800,18.61000061035156,18.670000076293945,18.299999237060547,18.549999237060547,17.842172622680664
2023-05-31,2798300,18.40999984741211,18.68000030517578,18.3700008392334,18.61000061035156,17.899887084960938
2023-05-30,2135000,18.040000915527344,18.3799991607666,17.989999771118164,18.350000381469727,17.64980697631836
2023-05-26,3074000,18.06999969482422,18.13999938964844,17.670000076293945,18.020000457763672,17.332399368286133
2023-05-25,2122200,18.59000015258789,18.6299991607666,17.989999771118164,18.049999237060547,17.361251831054688
2023-05-24,2404400,19.290000915527344,19.350000381469727,18.559999465942383,18.65999984741211,17.94797706604004
2023-05-23,2331700,19.15999984741211,19.479999542236328,19.13999938964844,19.290000915527344,18.553937911987305
2023-05-22,2232200,18.940000534057617,19.31999969482422,18.920000076293945,19.1299991607666,18.400041580200195
2023-05-19,2854800,19.39999961853028,19.39999961853028,18.690000534057617,18.950000762939453,18.226911544799805
2023-05-18,2132400,19.3799991607666,19.709999084472656,19.239999771118164,19.26000022888184,18.52508354187012
2023-05-17,2410100,19.46999931335449,19.530000686645508,19.059999465942383,19.5,18.75592422485352
2023-05-16,2820500,19.96999931335449,20.049999237060547,19.270000457763672,19.40999984741211,18.66935920715332
2023-05-15,3668200,19.93000030517578,20.299999237060547,19.90999984741211,20.020000457763672,19.25608253479004
2023-05-12,2803500,19.959999084472656,20.209999084472656,19.850000381469727,20.13999938964844,19.07333374023437
2023-05-11,2487300,19.71999931335449,20.01000022888184,19.56999969482422,19.979999542236328,18.92180633544922
2023-05-10,1648400,19.780000686645508,20.030000686645508,19.540000915527344,19.700000762939453,18.65663719177246
2023-05-09,4401200,20.030000686645508,20.049999237060547,18.46999931335449,19.57999992370605,18.5429916381836
2023-05-08,2331200,19.950000762939453,20.15999984741211,19.86000061035156,20.01000022888184,18.950220108032227
2023-05-05,2709400,20.11000061035156,20.229999542236328,19.850000381469727,20.1299991607666,19.063859939575195
2023-05-04,2178200,19.93000030517578,20.1200008392334,19.36000061035156,20.020000457763672,18.959688186645508
2023-05-03,4797000,19.43000030517578,20.31999969482422,19.43000030517578,19.90999984741211,18.855514526367188
2023-05-02,2143000,19.549999237060547,19.61000061035156,19.049999237060547,19.3799991607666,18.35358428955078
2023-05-01,1762700,19.64999961853028,19.8799991607666,19.559999465942383,19.64999961853028,18.609283447265625
2023-04-28,1904100,19.46999931335449,19.809999465942383,19.459999084472656,19.780000686645508,18.732398986816406
2023-04-27,1711500,19.049999237060547,19.489999771118164,19.049999237060547,19.440000534057617,18.41040802001953
2023-04-26,1658700,19.14999961853028,19.32999992370605,18.96999931335449,19.020000457763672,18.012651443481445
2023-04-25,1894600,19.14999961853028,19.290000915527344,19.01000022888184,19.239999771118164,18.22099876403809
2023-04-24,2279900,19.549999237060547,19.6299991607666,18.8799991607666,19.21999931335449,18.20205879211425
2023-04-21,3868300,19.76000022888184,19.86000061035156,19.450000762939453,19.479999542236328,18.448287963867188
2023-04-20,2988000,19.56999969482422,19.68000030517578,19.479999542236328,19.670000076293945,18.62822532653809
2023-04-19,1405100,19.39999961853028,19.76000022888184,19.299999237060547,19.76000022888184,18.71345901489257
2023-04-18,2166700,19.600000381469727,19.68000030517578,19.21999931335449,19.57999992370605,18.5429916381836
2023-04-17,2553400,19.520000457763672,19.729999542236328,19.270000457763672,19.709999084472656,18.666105270385746
2023-04-14,1378500,19.729999542236328,19.86000061035156,19.34000015258789,19.46999931335449,18.43881607055664
2023-04-13,2447500,19.76000022888184,19.88999938964844,19.299999237060547,19.670000076293945,18.62822532653809
2023-04-12,1770900,20.299999237060547,20.309999465942383,19.68000030517578,19.76000022888184,18.71345901489257
2023-04-11,2442400,19.56999969482422,20.13999938964844,19.51000022888184,20.13999938964844,19.07333374023437
2023-04-10,1583200,19.270000457763672,19.6200008392334,19.14999961853028,19.549999237060547,18.51457977294922
2023-04-06,1341700,19.229999542236328,19.3799991607666,19.049999237060547,19.3700008392334,18.344114303588867
2023-04-05,2392900,19.3799991607666,19.520000457763672,19.0,19.11000061035156,18.097885131835938
2023-04-04,2685800,19.43000030517578,19.5,19.11000061035156,19.38999938964844,18.36305427551269
2023-04-03,2840700,19.309999465942383,19.600000381469727,19.239999771118164,19.420000076293945,18.39146614074707
2023-03-31,5284200,18.90999984741211,19.32999992370605,18.850000381469727,19.32999992370605,18.30623245239257
2023-03-30,4115700,19.040000915527344,19.1200008392334,18.850000381469727,18.8700008392334,17.870594024658203
2023-03-29,2009900,18.809999465942383,19.1299991607666,18.799999237060547,18.920000076293945,17.91794776916504
2023-03-28,2268500,18.6200008392334,18.809999465942383,18.549999237060547,18.6200008392334,17.633838653564453
2023-03-27,2047700,18.96999931335449,19.11000061035156,18.700000762939453,18.790000915527344,17.794832229614258
2023-03-24,3033900,18.06999969482422,18.96999931335449,18.0,18.96999931335449,17.96529769897461
2023-03-23,2551800,18.170000076293945,18.46999931335449,18.020000457763672,18.1200008392334,17.16031837463379
2023-03-22,3224500,18.68000030517578,18.729999542236328,18.100000381469727,18.11000061035156,17.150848388671875
2023-03-21,2721600,19.280000686645508,19.3700008392334,18.600000381469727,18.76000022888184,17.766422271728516
2023-03-20,3282200,19.299999237060547,19.440000534057617,18.950000762939453,19.25,18.23047065734864
2023-03-17,8550000,19.56999969482422,19.71999931335449,19.1200008392334,19.21999931335449,18.20205879211425
2023-03-16,4881200,19.299999237060547,19.739999771118164,19.11000061035156,19.57999992370605,18.5429916381836
2023-03-15,6091600,19.14999961853028,19.57999992370605,19.040000915527344,19.479999542236328,18.448287963867188
2023-03-14,5123800,19.209999084472656,19.489999771118164,19.040000915527344,19.25,18.23047065734864
2023-03-13,5983400,18.34000015258789,19.1299991607666,18.26000022888184,18.89999961853028,17.899005889892578
2023-03-10,4912300,19.239999771118164,19.3700008392334,18.3700008392334,18.440000534057617,17.463369369506836
2023-03-09,3969100,19.1299991607666,19.209999084472656,18.89999961853028,19.0,17.993709564208984
2023-03-08,3121700,18.81999969482422,19.270000457763672,18.600000381469727,19.18000030517578,18.16417694091797
2023-03-07,2892300,19.21999931335449,19.239999771118164,18.57999992370605,18.57999992370605,17.5959529876709
2023-03-06,2379000,19.229999542236328,19.3799991607666,19.1200008392334,19.21999931335449,18.20205879211425
2023-03-03,2064200,19.770000457763672,19.82999992370605,19.56999969482422,19.76000022888184,18.419878005981445
2023-03-02,2577100,19.36000061035156,19.6299991607666,19.26000022888184,19.6299991607666,18.29869270324707
2023-03-01,5012100,19.38999938964844,19.6200008392334,18.459999084472656,19.350000381469727,18.03768539428711
2023-02-28,4256700,19.5,19.75,19.40999984741211,19.5,18.177509307861328
2023-02-27,3218000,19.93000030517578,20.100000381469727,19.520000457763672,19.600000381469727,18.270729064941406
2023-02-24,1776200,19.93000030517578,20.020000457763672,19.57999992370605,19.68000030517578,18.345304489135746
2023-02-23,2167200,20.229999542236328,20.350000381469727,19.88999938964844,20.15999984741211,18.792749404907227
2023-02-22,2773900,20.729999542236328,20.850000381469727,20.100000381469727,20.170000076293945,18.80207252502441
2023-02-21,2723600,20.90999984741211,21.020000457763672,20.540000915527344,20.63999938964844,19.240196228027344
2023-02-17,3112900,20.940000534057617,21.040000915527344,20.6200008392334,20.959999084472656,19.53849220275879
2023-02-16,2988600,20.64999961853028,21.14999961853028,20.51000022888184,20.920000076293945,19.50120735168457
2023-02-15,1406800,20.3799991607666,20.84000015258789,20.309999465942383,20.84000015258789,19.426631927490234
2023-02-14,1815300,20.809999465942383,20.81999969482422,20.36000061035156,20.549999237060547,19.15629768371582
2023-02-13,1669100,20.670000076293945,20.799999237060547,20.65999984741211,20.790000915527344,19.380023956298828
2023-02-10,1469900,20.350000381469727,20.700000762939453,20.239999771118164,20.690000534057617,19.28680419921875
2023-02-09,1198100,20.96999931335449,21.059999465942383,20.43000030517578,20.440000534057617,19.05375862121582
2023-02-08,1393500,20.93000030517578,21.190000534057617,20.86000061035156,20.920000076293945,19.50120735168457
2023-02-07,2769700,21.299999237060547,21.39999961853028,20.96999931335449,21.059999465942383,19.631710052490234
2023-02-06,1463500,21.34000015258789,21.46999931335449,21.049999237060547,21.43000030517578,19.97661781311035
2023-02-03,1754900,21.75,21.75,21.299999237060547,21.600000381469727,20.135087966918945
2023-02-02,2986400,21.950000762939453,22.36000061035156,21.81999969482422,21.950000762939453,20.46135139465332
2023-02-01,1770600,21.46999931335449,21.84000015258789,21.280000686645508,21.75,20.27491569519043
2023-01-31,2451700,21.13999938964844,21.56999969482422,21.07999992370605,21.530000686645508,20.0698356628418
2023-01-30,1666700,21.38999938964844,21.57999992370605,21.040000915527344,21.100000381469727,19.66899871826172
2023-01-27,1827400,21.13999938964844,21.559999465942383,21.11000061035156,21.530000686645508,20.0698356628418
2023-01-26,2971000,21.18000030517578,21.26000022888184,20.850000381469727,21.170000076293945,19.7342529296875
2023-01-25,2779000,21.36000061035156,21.459999084472656,20.959999084472656,21.11000061035156,19.67831993103028
2023-01-24,2615000,21.51000022888184,21.76000022888184,21.40999984741211,21.440000534057617,19.985939025878903
2023-01-23,2604800,21.15999984741211,21.65999984741211,21.06999969482422,21.600000381469727,20.135087966918945
2023-01-20,2268000,20.850000381469727,21.15999984741211,20.809999465942383,21.1299991607666,19.696962356567383
2023-01-19,2237900,20.82999992370605,20.959999084472656,20.690000534057617,20.89999961853028,19.482563018798828
2023-01-18,2670300,21.020000457763672,21.15999984741211,20.770000457763672,20.920000076293945,19.50120735168457
2023-01-17,2546000,20.6299991607666,21.030000686645508,20.56999969482422,21.020000457763672,19.594423294067383
2023-01-13,2501800,20.88999938964844,21.040000915527344,20.6299991607666,20.64999961853028,19.2495174407959
2023-01-12,2632600,20.989999771118164,21.21999931335449,20.700000762939453,21.07999992370605,19.65035629272461
2023-01-11,2723500,20.670000076293945,21.0,20.600000381469727,20.940000534057617,19.51984977722168
2023-01-10,4305200,20.63999938964844,20.770000457763672,20.309999465942383,20.51000022888184,19.119014739990234
2023-01-09,3111800,20.65999984741211,21.01000022888184,20.6200008392334,20.770000457763672,19.361377716064453
2023-01-06,2392300,20.420000076293945,20.799999237060547,20.350000381469727,20.76000022888184,19.3520565032959
2023-01-05,4266000,20.0,20.34000015258789,19.770000457763672,20.26000022888184,18.885967254638672
2023-01-04,2637500,19.850000381469727,20.36000061035156,19.82999992370605,20.209999084472656,18.83935737609864
2023-01-03,3665100,19.479999542236328,19.82999992370605,19.280000686645508,19.670000076293945,18.335981369018555
2022-12-30,2153600,19.25,19.479999542236328,19.030000686645508,19.270000457763672,17.963111877441406
2022-12-29,1627200,19.15999984741211,19.3700008392334,19.059999465942383,19.280000686645508,17.972431182861328
2022-12-28,2727500,19.36000061035156,19.57999992370605,19.040000915527344,19.06999969482422,17.776674270629883
2022-12-27,1991700,18.84000015258789,19.31999969482422,18.709999084472656,19.280000686645508,17.972431182861328
2022-12-23,1431100,18.57999992370605,18.82999992370605,18.459999084472656,18.809999465942383,17.534305572509766
2022-12-22,3006100,18.520000457763672,18.65999984741211,18.25,18.6200008392334,17.357194900512695
2022-12-21,2874100,18.5,18.950000762939453,18.5,18.670000076293945,17.40380096435547
2022-12-20,2475200,18.34000015258789,18.540000915527344,18.15999984741211,18.38999938964844,17.142789840698242
2022-12-19,2493400,18.950000762939453,18.989999771118164,18.299999237060547,18.479999542236328,17.226686477661133
2022-12-16,8189200,19.209999084472656,19.34000015258789,18.68000030517578,18.940000534057617,17.65549087524414
2022-12-15,2320500,19.239999771118164,19.57999992370605,19.1200008392334,19.520000457763672,18.19615364074707
2022-12-14,2148200,19.559999465942383,19.959999084472656,19.3700008392334,19.440000534057617,18.12158203125
2022-12-13,2768100,20.059999465942383,20.270000457763672,19.5,19.739999771118164,18.401233673095703
2022-12-12,1832100,19.850000381469727,19.8799991607666,19.15999984741211,19.530000686645508,18.205474853515625
2022-12-09,1606800,19.799999237060547,19.89999961853028,19.63999938964844,19.690000534057617,18.354623794555664
2022-12-08,4772400,19.729999542236328,19.950000762939453,19.65999984741211,19.850000381469727,18.50377655029297
2022-12-07,2252700,19.489999771118164,19.88999938964844,19.489999771118164,19.729999542236328,18.39191246032715
2022-12-06,3262600,19.89999961853028,19.90999984741211,19.34000015258789,19.63999938964844,18.30801582336425
2022-12-05,2174000,20.239999771118164,20.239999771118164,19.790000915527344,19.86000061035156,18.51309585571289
2022-12-02,2891200,20.13999938964844,20.5,20.0,20.43000030517578,19.0444393157959
2022-12-01,2946100,20.63999938964844,20.780000686645508,20.11000061035156,20.299999237060547,18.92325592041016
2022-11-30,4603900,19.8799991607666,20.57999992370605,19.790000915527344,20.530000686645508,19.13765525817871
2022-11-29,2190400,19.440000534057617,19.979999542236328,19.38999938964844,19.93000030517578,18.578350067138672
2022-11-28,2332700,19.489999771118164,19.690000534057617,19.31999969482422,19.3700008392334,18.05632781982422
2022-11-25,724500,19.61000061035156,19.76000022888184,19.57999992370605,19.68000030517578,18.345304489135746
2022-11-23,1983100,19.64999961853028,19.790000915527344,19.5,19.600000381469727,18.270729064941406
2022-11-22,2334700,19.63999938964844,19.8700008392334,19.559999465942383,19.709999084472656,18.373266220092773
2022-11-21,1659200,19.43000030517578,19.61000061035156,19.299999237060547,19.559999465942383,18.233442306518555
2022-11-18,3330000,19.459999084472656,19.51000022888184,19.14999961853028,19.43000030517578,18.11225891113281
2022-11-17,3588200,19.07999992370605,19.190000534057617,18.86000061035156,19.170000076293945,17.869892120361328
2022-11-16,2807000,19.739999771118164,19.770000457763672,19.34000015258789,19.420000076293945,18.102935791015625
2022-11-15,2310500,19.799999237060547,20.059999465942383,19.6299991607666,19.850000381469727,18.50377655029297
2022-11-14,2966900,20.06999969482422,20.11000061035156,19.6299991607666,19.63999938964844,18.30801582336425
2022-11-11,3223300,20.61000061035156,20.8700008392334,20.350000381469727,20.459999084472656,18.783428192138672
2022-11-10,3541100,19.700000762939453,20.780000686645508,19.65999984741211,20.709999084472656,19.012939453125
2022-11-09,3733700,19.690000534057617,20.049999237060547,19.13999938964844,19.21999931335449,17.645038604736328
2022-11-08,3468400,19.709999084472656,19.959999084472656,19.489999771118164,19.56999969482422,17.966358184814453
2022-11-07,2963000,20.280000686645508,20.43000030517578,19.700000762939453,19.76000022888184,18.140789031982425
2022-11-04,3336300,20.030000686645508,20.520000457763672,19.850000381469727,20.229999542236328,18.57227325439453
2022-11-03,3429800,19.71999931335449,20.049999237060547,19.38999938964844,19.8700008392334,18.24177360534668
2022-11-02,4489200,20.21999931335449,20.39999961853028,19.780000686645508,19.86000061035156,18.232595443725582
2022-11-01,1677300,20.540000915527344,20.540000915527344,20.059999465942383,20.34000015258789,18.673263549804688
2022-10-31,2245700,20.36000061035156,20.57999992370605,20.229999542236328,20.32999992370605,18.664081573486328
2022-10-28,1627900,20.07999992370605,20.56999969482422,19.989999771118164,20.549999237060547,18.86605262756348
2022-10-27,2122600,19.850000381469727,20.25,19.770000457763672,20.1299991607666,18.480466842651367
2022-10-26,1636500,19.71999931335449,19.89999961853028,19.489999771118164,19.709999084472656,18.094884872436523
2022-10-25,1964700,18.96999931335449,19.700000762939453,18.90999984741211,19.61000061035156,18.00307846069336
2022-10-24,2206800,19.059999465942383,19.170000076293945,18.670000076293945,18.88999938964844,17.342077255249023
2022-10-21,3259900,18.64999961853028,18.93000030517578,18.39999961853028,18.920000076293945,17.36962127685547
2022-10-20,2737000,19.030000686645508,19.21999931335449,18.64999961853028,18.739999771118164,17.204368591308594
2022-10-19,2310700,19.450000762939453,19.540000915527344,18.940000534057617,19.020000457763672,17.461427688598633
2022-10-18,2959600,19.88999938964844,20.14999961853028,19.56999969482422,19.709999084472656,18.094884872436523
2022-10-17,2291400,19.39999961853028,19.89999961853028,19.32999992370605,19.61000061035156,18.00307846069336
2022-10-14,2753500,19.670000076293945,19.799999237060547,18.93000030517578,19.059999465942383,17.49814796447754
2022-10-13,3192400,18.88999938964844,19.56999969482422,18.799999237060547,19.440000534057617,17.84701156616211
2022-10-12,3278600,19.34000015258789,19.489999771118164,19.040000915527344,19.190000534057617,17.61749839782715
2022-10-11,4311400,19.26000022888184,19.530000686645508,18.96999931335449,19.450000762939453,17.856189727783203
2022-10-10,1931400,19.670000076293945,19.950000762939453,19.32999992370605,19.34000015258789,17.755205154418945
2022-10-07,2636400,19.950000762939453,20.07999992370605,19.420000076293945,19.61000061035156,18.00307846069336
2022-10-06,3375000,20.8700008392334,20.96999931335449,20.09000015258789,20.1200008392334,18.47128868103028
2022-10-05,4065700,21.21999931335449,21.290000915527344,20.559999465942383,20.96999931335449,19.25163459777832
2022-10-04,3917700,21.39999961853028,21.71999931335449,21.209999084472656,21.39999961853028,19.64640045166016
2022-10-03,2701500,21.020000457763672,21.43000030517578,20.76000022888184,21.239999771118164,19.49951171875
2022-09-30,4444000,20.790000915527344,21.06999969482422,20.68000030517578,20.850000381469727,19.141469955444336
2022-09-29,2807400,21.13999938964844,21.200000762939453,20.40999984741211,20.57999992370605,18.893592834472656
2022-09-28,3661600,21.030000686645508,21.43000030517578,20.84000015258789,21.39999961853028,19.64640045166016
2022-09-27,2181500,21.46999931335449,21.64999961853028,20.76000022888184,20.81999969482422,19.113927841186523
2022-09-26,3255000,21.8799991607666,21.8799991607666,20.979999542236328,21.290000915527344,19.5454158782959
2022-09-23,2843400,22.1299991607666,22.489999771118164,21.690000534057617,21.90999984741211,20.114606857299805
2022-09-22,2450100,22.51000022888184,22.549999237060547,22.209999084472656,22.31999969482422,20.491012573242188
2022-09-21,1872300,23.270000457763672,23.700000762939453,22.68000030517578,22.690000534057617,20.83069229125977
2022-09-20,3484400,23.15999984741211,23.290000915527344,22.920000076293945,23.06999969482422,21.179553985595703
2022-09-19,2198000,23.030000686645508,23.32999992370605,22.780000686645508,23.309999465942383,21.399885177612305
2022-09-16,6886300,22.950000762939453,23.190000534057617,22.450000762939453,23.11000061035156,21.21627616882324
2022-09-15,2266100,23.450000762939453,23.670000076293945,22.959999084472656,22.979999542236328,21.096927642822266
2022-09-14,3292700,23.8799991607666,24.11000061035156,23.31999969482422,23.51000022888184,21.583499908447266
2022-09-13,2252300,24.81999969482422,24.96999931335449,24.209999084472656,24.209999084472656,22.226137161254883
2022-09-12,2361300,24.739999771118164,25.280000686645508,24.71999931335449,25.14999961853028,23.089111328125
2022-09-09,2468000,24.530000686645508,24.71999931335449,24.31999969482422,24.61000061035156,22.593360900878903
2022-09-08,3194500,24.479999542236328,24.57999992370605,24.100000381469727,24.34000015258789,22.34548568725586
2022-09-07,2123300,23.809999465942383,24.56999969482422,23.790000915527344,24.540000915527344,22.529098510742188
2022-09-06,2387100,24.09000015258789,24.11000061035156,23.549999237060547,23.790000915527344,21.84055519104004
2022-09-02,2789300,24.39999961853028,24.489999771118164,23.93000030517578,23.96999931335449,22.00580406188965
2022-09-01,4253500,24.229999542236328,24.38999938964844,23.739999771118164,24.13999938964844,22.16187286376953
2022-08-31,5813000,24.76000022888184,24.809999465942383,23.93000030517578,24.31999969482422,22.327123641967773
2022-08-30,2138000,25.32999992370605,25.32999992370605,24.770000457763672,24.790000915527344,22.75860977172852
2022-08-29,1492700,25.229999542236328,25.420000076293945,24.950000762939453,25.280000686645508,23.208459854125977
2022-08-26,2223800,25.940000534057617,25.959999084472656,25.26000022888184,25.31999969482422,23.24517822265625
2022-08-25,2232300,25.850000381469727,26.11000061035156,25.850000381469727,25.940000534057617,23.81437492370605
2022-08-24,2928800,25.61000061035156,25.96999931335449,25.520000457763672,25.81999969482422,23.70420837402344
2022-08-23,2613500,26.18000030517578,26.290000915527344,25.690000534057617,25.75,23.63994598388672
2022-08-22,4971800,26.520000457763672,26.61000061035156,26.100000381469727,26.299999237060547,24.14487266540528
2022-08-19,2476100,26.61000061035156,26.739999771118164,26.46999931335449,26.690000534057617,24.502914428710938
2022-08-18,1884600,26.63999938964844,26.71999931335449,26.43000030517578,26.64999961853028,24.46619415283203
2022-08-17,1767900,26.420000076293945,26.850000381469727,26.39999961853028,26.670000076293945,24.48455619812012
2022-08-16,2753400,26.770000457763672,26.81999969482422,26.479999542236328,26.57999992370605,24.401931762695312
2022-08-15,3259700,26.40999984741211,26.950000762939453,26.32999992370605,26.84000015258789,24.64062690734864
2022-08-12,3715800,25.979999542236328,26.38999938964844,25.950000762939453,26.34000015258789,24.181596755981445
2022-08-11,6668200,26.549999237060547,26.63999938964844,26.020000457763672,26.06999969482422,23.83365631103516
2022-08-10,4569100,26.049999237060547,26.39999961853028,25.920000076293945,26.270000457763672,24.016498565673828
2022-08-09,3992700,25.280000686645508,26.1200008392334,25.280000686645508,25.86000061035156,23.64166831970215
2022-08-08,3432000,25.21999931335449,25.5,25.15999984741211,25.350000381469727,23.17541885375977
2022-08-05,2881000,25.059999465942383,25.280000686645508,24.84000015258789,25.1200008392334,22.965150833129883
2022-08-04,4285100,25.25,25.950000762939453,25.100000381469727,25.21999931335449,23.05656814575196
2022-08-03,5360000,25.670000076293945,26.049999237060547,25.21999931335449,25.31999969482422,23.14798927307129
2022-08-02,3961700,26.270000457763672,26.3799991607666,25.68000030517578,25.700000762939453,23.49539375305176
2022-08-01,3895600,26.07999992370605,26.3799991607666,25.959999084472656,26.21999931335449,23.97078514099121
2022-07-29,4860300,25.600000381469727,26.3799991607666,25.559999465942383,26.25,23.99821662902832
2022-07-28,4931300,25.18000030517578,25.64999961853028,24.450000762939453,25.57999992370605,23.38568878173828
2022-07-27,6170400,24.5,25.32999992370605,24.46999931335449,25.15999984741211,23.00171661376953
2022-07-26,6964400,24.3799991607666,24.93000030517578,24.18000030517578,24.540000915527344,22.434904098510746
2022-07-25,5497300,24.36000061035156,24.520000457763672,24.15999984741211,24.38999938964844,22.29776763916016
2022-07-22,13071500,24.82999992370605,25.68000030517578,24.190000534057617,24.36000061035156,22.27034378051757
2022-07-21,30320400,24.5,24.64999961853028,23.280000686645508,24.51000022888184,22.407474517822266
2022-07-20,29150200,24.3799991607666,24.88999938964844,23.96999931335449,24.290000915527344,17.799821853637695
2022-07-19,9207400,24.63999938964844,24.770000457763672,23.940000534057617,24.40999984741211,17.887754440307617
2022-07-18,8734100,24.809999465942383,25.309999465942383,24.11000061035156,24.420000076293945,17.895082473754883
2022-07-15,43586000,24.959999084472656,25.020000457763672,23.38999938964844,24.6299991607666,18.048969268798828
2022-07-14,13975100,24.65999984741211,25.540000915527344,24.46999931335449,24.600000381469727,18.026988983154297
2022-07-13,6403400,24.64999961853028,25.1200008392334,24.64999961853028,24.979999542236328,18.30545425415039
2022-07-12,4597600,25.420000076293945,25.75,24.959999084472656,25.18000030517578,18.30471992492676
2022-07-11,5423600,25.8700008392334,25.8700008392334,25.309999465942383,25.5,18.53734588623047
2022-07-08,4987700,26.229999542236328,26.549999237060547,25.790000915527344,25.81999969482422,18.769969940185547
2022-07-07,7639800,26.040000915527344,26.200000762939453,25.690000534057617,26.100000381469727,18.973520278930664
2022-07-06,6065200,26.450000762939453,26.850000381469727,25.989999771118164,26.14999961853028,19.009864807128903
2022-07-05,8107800,27.780000686645508,27.82999992370605,25.489999771118164,26.489999771118164,19.257030487060547
2022-07-01,1814300,27.040000915527344,27.989999771118164,26.959999084472656,27.86000061035156,20.016700744628903
2022-06-30,4430900,27.63999938964844,27.799999237060547,27.100000381469727,27.200000762939453,19.54250907897949
2022-06-29,3806700,27.549999237060547,27.93000030517578,27.290000915527344,27.82999992370605,19.99514579772949
2022-06-28,4223000,27.489999771118164,27.93000030517578,27.31999969482422,27.549999237060547,19.79397201538086
2022-06-27,3855000,26.96999931335449,27.57999992370605,26.559999465942383,27.229999542236328,19.56406021118164
2022-06-24,5467000,26.540000915527344,27.020000457763672,26.38999938964844,26.86000061035156,19.2982234954834
2022-06-23,4011100,26.200000762939453,26.57999992370605,26.020000457763672,26.459999084472656,19.010835647583008
2022-06-22,4257700,26.059999465942383,26.690000534057617,26.059999465942383,26.21999931335449,18.83839988708496
2022-06-21,3449300,27.049999237060547,27.290000915527344,26.38999938964844,26.440000534057617,18.996469497680664
2022-06-17,5297900,27.25,27.299999237060547,26.6299991607666,26.920000076293945,19.341333389282227
2022-06-16,9477100,25.65999984741211,27.61000061035156,25.65999984741211,27.290000915527344,19.607166290283203
2022-06-15,4721300,25.14999961853028,25.96999931335449,25.06999969482422,25.71999931335449,18.47915840148925
2022-06-14,3652800,24.96999931335449,25.13999938964844,24.36000061035156,24.89999961853028,17.8900146484375
2022-06-13,4342800,25.82999992370605,26.059999465942383,24.76000022888184,24.989999771118164,17.95467758178711
2022-06-10,3043300,26.39999961853028,26.63999938964844,26.170000076293945,26.290000915527344,18.8886947631836
2022-06-09,4534200,27.65999984741211,27.799999237060547,26.40999984741211,26.46999931335449,19.01801872253418
2022-06-08,3184700,27.84000015258789,28.299999237060547,27.549999237060547,27.76000022888184,19.94485092163086
2022-06-07,4285400,27.479999542236328,28.059999465942383,27.15999984741211,28.059999465942383,20.16039657592773
2022-06-06,2506800,28.06999969482422,28.11000061035156,27.270000457763672,27.479999542236328,19.743677139282227
2022-06-03,2686700,28.07999992370605,28.270000457763672,27.700000762939453,27.850000381469727,20.00951385498047
2022-06-02,2696100,29.059999465942383,29.059999465942383,28.229999542236328,28.290000915527344,20.32564353942871
2022-06-01,2702600,29.21999931335449,29.290000915527344,28.26000022888184,29.06999969482422,20.88605308532715
2022-05-31,3246200,28.26000022888184,29.190000534057617,28.229999542236328,29.06999969482422,20.88605308532715
2022-05-27,2798200,29.020000457763672,29.299999237060547,28.40999984741211,28.479999542236328,20.4621524810791
2022-05-26,4326500,29.309999465942383,29.309999465942383,28.8799991607666,28.979999542236328,20.82139015197754
2022-05-25,2162200,29.0,29.170000076293945,28.86000061035156,29.07999992370605,20.89323806762696
2022-05-24,2759700,28.549999237060547,28.979999542236328,28.1299991607666,28.96999931335449,20.814207077026367
2022-05-23,4038900,27.950000762939453,28.489999771118164,27.8700008392334,28.479999542236328,20.4621524810791
2022-05-20,2455100,27.38999938964844,27.84000015258789,27.09000015258789,27.81999969482422,19.987960815429688
2022-05-19,2458600,27.96999931335449,28.07999992370605,27.26000022888184,27.26000022888184,19.58561515808105
2022-05-18,1943800,28.530000686645508,28.670000076293945,27.93000030517578,28.049999237060547,20.153207778930664
2022-05-17,2388300,28.40999984741211,28.559999465942383,28.100000381469727,28.5,20.476524353027344
2022-05-16,1859800,28.51000022888184,28.600000381469727,28.270000457763672,28.34000015258789,20.36156463623047
2022-05-13,2766600,28.13999938964844,28.6200008392334,27.84000015258789,28.559999465942383,20.51963233947754
2022-05-12,4193700,28.57999992370605,28.89999961853028,28.170000076293945,28.46999931335449,20.23223876953125
2022-05-11,7796100,29.8799991607666,30.040000915527344,28.040000915527344,28.600000381469727,20.32462882995605
2022-05-10,4260900,30.489999771118164,30.489999771118164,29.270000457763672,30.13999938964844,21.41902732849121
2022-05-09,3612600,30.770000457763672,31.030000686645508,30.09000015258789,30.670000076293945,21.795673370361328
2022-05-06,3466500,30.280000686645508,31.1299991607666,30.239999771118164,30.809999465942383,21.895166397094727
2022-05-05,5920800,30.420000076293945,30.71999931335449,30.0,30.61000061035156,21.75303649902344
2022-05-04,10026100,30.530000686645508,30.989999771118164,30.21999931335449,30.8799991607666,21.944908142089844
2022-05-03,23272300,28.3700008392334,31.770000457763672,28.34000015258789,30.709999084472656,21.82410049438477
2022-05-02,11152600,28.489999771118164,28.709999084472656,27.770000457763672,28.549999237060547,20.28909111022949
2022-04-29,3720600,27.489999771118164,27.71999931335449,27.030000686645508,27.07999992370605,19.24443626403809
2022-04-28,1867300,27.31999969482422,27.790000915527344,27.1200008392334,27.65999984741211,19.6566162109375
2022-04-27,3317700,28.1200008392334,28.18000030517578,27.18000030517578,27.18000030517578,19.31550025939941
2022-04-26,4489000,28.0,28.34000015258789,27.82999992370605,28.049999237060547,19.933767318725582
2022-04-25,5109100,27.89999961853028,28.07999992370605,27.43000030517578,27.8799991607666,19.81295585632324
2022-04-22,4429400,28.31999969482422,28.440000534057617,27.71999931335449,27.93000030517578,19.848487854003903
2022-04-21,4847200,27.96999931335449,28.530000686645508,27.770000457763672,28.46999931335449,20.23223876953125
2022-04-20,5308200,27.39999961853028,27.950000762939453,27.26000022888184,27.809999465942383,19.76321220397949
2022-04-19,3680100,27.3700008392334,27.549999237060547,27.239999771118164,27.3700008392334,19.45052719116211
2022-04-18,2461600,27.3799991607666,27.559999465942383,27.020000457763672,27.18000030517578,19.31550025939941
2022-04-14,2739500,27.64999961853028,27.940000534057617,27.520000457763672,27.520000457763672,19.5571231842041
2022-04-13,2447000,27.38999938964844,27.709999084472656,27.270000457763672,27.489999771118164,19.53580474853516
2022-04-12,2555100,27.479999542236328,27.71999931335449,27.229999542236328,27.34000015258789,19.42920684814453
2022-04-11,1931900,27.93000030517578,28.1200008392334,27.38999938964844,27.479999542236328,19.528696060180664
2022-04-08,2086800,28.14999961853028,28.34000015258789,27.82999992370605,27.89999961853028,19.8271713256836
2022-04-07,2427700,28.229999542236328,28.270000457763672,27.850000381469727,28.100000381469727,19.969301223754883
2022-04-06,3183200,27.6299991607666,28.36000061035156,27.549999237060547,28.26000022888184,20.083005905151367
2022-04-05,2389500,27.799999237060547,28.15999984741211,27.559999465942383,27.68000030517578,19.670827865600582
2022-04-04,1904200,28.209999084472656,28.280000686645508,27.540000915527344,27.940000534057617,19.8555965423584
2022-04-01,2258200,27.600000381469727,28.200000762939453,27.3700008392334,28.190000534057617,20.03325653076172
2022-03-31,2623000,27.989999771118164,28.1200008392334,27.459999084472656,27.479999542236328,19.2977352142334
2022-03-30,2694400,28.0,28.030000686645508,27.43000030517578,27.82999992370605,19.54352569580078
2022-03-29,2726500,28.01000022888184,28.309999465942383,27.709999084472656,28.200000762939453,19.803356170654297
2022-03-28,2288800,27.540000915527344,27.700000762939453,27.26000022888184,27.68000030517578,19.43818473815918
2022-03-25,3118700,27.89999961853028,27.89999961853028,27.350000381469727,27.56999969482422,19.360939025878903
2022-03-24,2771100,27.479999542236328,27.75,27.299999237060547,27.700000762939453,19.452232360839844
2022-03-23,4328500,27.290000915527344,27.530000686645508,26.90999984741211,27.479999542236328,19.2977352142334
2022-03-22,1995000,27.229999542236328,27.540000915527344,27.1299991607666,27.36000061035156,19.21346473693848
2022-03-21,2811900,27.40999984741211,27.559999465942383,26.950000762939453,27.059999465942383,19.00279235839844
2022-03-18,3106000,27.1200008392334,27.459999084472656,26.770000457763672,27.3799991607666,19.227510452270508
2022-03-17,3239900,26.700000762939453,27.5,26.700000762939453,27.049999237060547,18.995769500732425
2022-03-16,3921100,26.790000915527344,27.020000457763672,26.280000686645508,26.86000061035156,18.86234474182129
2022-03-15,3270300,26.700000762939453,27.020000457763672,26.489999771118164,26.64999961853028,18.71487236022949
2022-03-14,2910200,27.06999969482422,27.13999938964844,26.309999465942383,26.479999542236328,18.595489501953125
2022-03-11,3642800,26.799999237060547,26.96999931335449,26.450000762939453,26.81999969482422,18.8342514038086
2022-03-10,5241700,26.729999542236328,27.100000381469727,26.209999084472656,26.709999084472656,18.757003784179688
2022-03-09,4772300,27.850000381469727,27.96999931335449,26.979999542236328,27.09000015258789,19.02385902404785
2022-03-08,2283500,27.239999771118164,27.770000457763672,26.850000381469727,27.5,19.311782836914062
2022-03-07,3038700,28.07999992370605,28.190000534057617,27.309999465942383,27.31999969482422,19.185375213623047
2022-03-04,4100200,27.75,28.030000686645508,27.6299991607666,28.030000686645508,19.683971405029297
2022-03-03,4527100,27.82999992370605,28.11000061035156,27.43000030517578,27.86000061035156,19.56459045410156
2022-03-02,9238600,27.0,28.18000030517578,26.86000061035156,27.799999237060547,19.5224552154541
2022-03-01,13017400,26.530000686645508,26.93000030517578,25.61000061035156,26.76000022888184,18.7921199798584
2022-02-28,18056600,26.81999969482422,27.3799991607666,25.940000534057617,26.07999992370605,18.314592361450195
2022-02-25,3607400,30.0,30.3799991607666,28.520000457763672,29.350000381469727,20.61093711853028
2022-02-24,1003700,29.86000061035156,30.38999938964844,29.540000915527344,30.26000022888184,21.03228759765625
2022-02-23,1069800,30.81999969482422,31.18000030517578,30.200000762939453,30.209999084472656,20.99753189086914
2022-02-22,720300,30.39999961853028,31.11000061035156,29.8799991607666,30.88999938964844,21.47016906738281
2022-02-18,1113500,31.01000022888184,31.459999084472656,30.850000381469727,30.850000381469727,21.442365646362305
2022-02-17,1088100,31.309999465942383,31.36000061035156,30.950000762939453,31.07999992370605,21.60222816467285
2022-02-16,1323500,31.200000762939453,31.5,30.88999938964844,31.3700008392334,21.80379104614257
2022-02-15,1281300,30.8700008392334,31.049999237060547,30.46999931335449,31.030000686645508,21.56747436523437
2022-02-14,2421600,30.51000022888184,30.8799991607666,30.190000534057617,30.850000381469727,21.442365646362305
2022-02-11,1067400,30.1200008392334,30.520000457763672,29.93000030517578,30.3700008392334,21.108741760253903
2022-02-10,1397800,29.989999771118164,30.479999542236328,29.809999465942383,30.020000457763672,20.86547470092773
2022-02-09,787000,30.07999992370605,30.450000762939453,29.850000381469727,30.440000534057617,21.15739631652832
2022-02-08,1039800,30.39999961853028,30.520000457763672,29.93000030517578,29.93000030517578,20.80291557312012
2022-02-07,1968200,30.40999984741211,30.6200008392334,30.13999938964844,30.299999237060547,21.06008720397949
2022-02-04,1229600,30.40999984741211,30.780000686645508,30.06999969482422,30.489999771118164,21.1921443939209
2022-02-03,972200,30.850000381469727,30.950000762939453,30.520000457763672,30.700000762939453,21.338109970092773
2022-02-02,2256100,30.3700008392334,31.299999237060547,30.3700008392334,31.040000915527344,21.57442855834961
2022-02-01,1366800,31.059999465942383,31.290000915527344,30.3700008392334,30.3700008392334,21.108741760253903
2022-01-31,1122200,30.31999969482422,31.059999465942383,30.26000022888184,31.020000457763672,21.56052589416504
2022-01-28,1042600,29.950000762939453,30.61000061035156,29.21999931335449,30.600000381469727,21.268604278564453
2022-01-27,1519500,30.770000457763672,30.950000762939453,29.8700008392334,29.93000030517578,20.80291557312012
2022-01-26,1637200,31.670000076293945,31.979999542236328,30.540000915527344,30.559999465942383,21.240798950195312
2022-01-25,1666100,30.850000381469727,31.75,30.75,31.61000061035156,21.970605850219727
2022-01-24,2267500,30.31999969482422,31.299999237060547,30.01000022888184,31.200000762939453,21.68563461303711
2022-01-21,1219500,30.489999771118164,30.86000061035156,30.32999992370605,30.5,21.199098587036133
2022-01-20,707700,30.61000061035156,30.959999084472656,30.31999969482422,30.36000061035156,21.101791381835938
2022-01-19,547100,31.270000457763672,31.309999465942383,30.6299991607666,30.65999984741211,21.31030464172364
2022-01-18,546800,31.32999992370605,31.3799991607666,30.979999542236328,31.170000076293945,21.66478157043457
2022-01-14,647600,31.190000534057617,31.540000915527344,30.979999542236328,31.459999084472656,21.866344451904297
2022-01-13,535700,31.290000915527344,31.530000686645508,31.09000015258789,31.32999992370605,21.775989532470703
2022-01-12,634700,31.200000762939453,31.479999542236328,31.040000915527344,31.059999465942383,21.58832550048828
2022-01-11,737600,31.709999084472656,31.709999084472656,31.11000061035156,31.350000381469727,21.78989219665528
2022-01-10,694800,31.3700008392334,31.6200008392334,31.270000457763672,31.600000381469727,21.96365165710449
2022-01-07,794100,31.75,31.8799991607666,31.440000534057617,31.459999084472656,21.866344451904297
2022-01-06,990100,31.61000061035156,32.380001068115234,31.61000061035156,32.16999816894531,22.359834671020508
2022-01-05,1200500,32.060001373291016,32.29999923706055,31.459999084472656,31.479999542236328,21.880247116088867
2022-01-04,1411600,31.64999961853028,32.08000183105469,31.64999961853028,32.04999923706055,22.276430130004883
2022-01-03,1455700,31.57999992370605,31.75,31.100000381469727,31.68000030517578,22.01926040649414
2021-12-31,523100,31.90999984741211,32.04999923706055,31.6299991607666,31.63999938964844,21.76556396484375
2021-12-30,667900,32.04999923706055,32.209999084472656,31.90999984741211,31.940000534057617,21.971939086914062
2021-12-29,685200,31.690000534057617,32.099998474121094,31.39999961853028,32.0099983215332,22.02009391784668
2021-12-28,630700,31.600000381469727,31.75,31.350000381469727,31.63999938964844,21.76556396484375
2021-12-27,540500,31.09000015258789,31.700000762939453,30.979999542236328,31.690000534057617,21.79996109008789
2021-12-23,535400,31.3700008392334,31.3700008392334,30.96999931335449,31.170000076293945,21.44224548339844
2021-12-22,735100,31.34000015258789,31.3700008392334,31.01000022888184,31.209999084472656,21.46976089477539
2021-12-21,1076400,30.71999931335449,31.270000457763672,30.71999931335449,31.26000022888184,21.50415802001953
2021-12-20,1394000,30.8700008392334,30.950000762939453,30.0,30.530000686645508,21.001983642578125
2021-12-17,2734900,31.25,31.61000061035156,31.059999465942383,31.25,21.497278213500977
2021-12-16,982000,31.93000030517578,32.060001373291016,31.270000457763672,31.479999542236328,21.65549659729004
2021-12-15,1288900,31.190000534057617,32.20000076293945,31.190000534057617,31.75,21.841238021850582
2021-12-14,1889200,31.75,31.82999992370605,30.770000457763672,31.1299991607666,21.41472816467285
2021-12-13,1712700,31.530000686645508,31.920000076293945,31.36000061035156,31.65999984741211,21.7793197631836
2021-12-10,1159500,32.18000030517578,32.22999954223633,31.450000762939453,31.739999771118164,21.8343563079834
2021-12-09,759400,32.220001220703125,32.45000076293945,32.0099983215332,32.13999938964844,22.109519958496094
2021-12-08,968500,32.41999816894531,32.63999938964844,32.209999084472656,32.41999816894531,22.302135467529297
2021-12-07,751900,32.36000061035156,32.630001068115234,32.0,32.459999084472656,22.32965087890625
2021-12-06,809000,31.90999984741211,32.52000045776367,31.65999984741211,32.2599983215332,22.19207191467285
2021-12-03,690000,31.350000381469727,31.690000534057617,31.209999084472656,31.5,21.66925811767578
2021-12-02,915900,30.600000381469727,31.61000061035156,30.520000457763672,31.280000686645508,21.51791763305664
2021-12-01,987800,31.6299991607666,32.150001525878906,30.56999969482422,30.600000381469727,21.050138473510746
2021-11-30,1426900,31.39999961853028,31.84000015258789,31.1200008392334,31.31999969482422,21.545434951782227
2021-11-29,1107300,32.220001220703125,32.22999954223633,31.530000686645508,31.56999969482422,21.717409133911133
2021-11-26,721300,32.310001373291016,32.54999923706055,31.770000457763672,32.02000045776367,22.0269718170166
2021-11-24,657700,32.439998626708984,32.90999984741211,32.41999816894531,32.84000015258789,22.591062545776367
2021-11-23,643200,32.47999954223633,32.709999084472656,32.43000030517578,32.52000045776367,22.37092971801757
2021-11-22,757100,32.619998931884766,32.70000076293945,32.369998931884766,32.470001220703125,22.33653259277344
2021-11-19,775200,32.5,32.7599983215332,32.310001373291016,32.61000061035156,22.432838439941406
2021-11-18,695200,32.7400016784668,32.849998474121094,32.4900016784668,32.70000076293945,22.494752883911133
2021-11-17,956500,32.02000045776367,32.790000915527344,31.809999465942383,32.70000076293945,22.494752883911133
2021-11-16,738600,32.380001068115234,32.40999984741211,32.029998779296875,32.209999084472656,22.15767478942871
2021-11-15,837000,32.349998474121094,32.400001525878906,32.029998779296875,32.380001068115234,22.27462387084961
2021-11-12,779800,31.979999542236328,32.15999984741211,31.64999961853028,32.13999938964844,22.109519958496094
2021-11-11,616100,32.380001068115234,32.63999938964844,31.979999542236328,32.27000045776367,21.99051284790039
2021-11-10,704200,32.040000915527344,32.540000915527344,32.02000045776367,32.34000015258789,22.03821182250977
2021-11-09,734200,32.130001068115234,32.349998474121094,31.770000457763672,31.96999931335449,21.786075592041016
2021-11-08,712300,32.66999816894531,32.810001373291016,31.940000534057617,32.15999984741211,21.91555404663086
2021-11-05,1109200,32.130001068115234,33.31999969482422,32.130001068115234,32.72999954223633,22.30398368835449
2021-11-04,1531600,33.349998474121094,33.349998474121094,31.700000762939453,31.780000686645508,21.65660285949707
2021-11-03,755700,33.220001220703125,33.45000076293945,33.15999984741211,33.220001220703125,22.63789176940918
2021-11-02,637600,33.5099983215332,33.5099983215332,32.97999954223633,33.220001220703125,22.63789176940918
2021-11-01,668300,33.09000015258789,33.41999816894531,32.970001220703125,33.290000915527344,22.685592651367188
2021-10-29,1472500,33.54999923706055,33.72999954223633,32.849998474121094,33.060001373291016,22.52886009216309
2021-10-28,609200,33.33000183105469,33.77000045776367,33.33000183105469,33.70000076293945,22.96499252319336
2021-10-27,1185400,33.22999954223633,33.560001373291016,33.11000061035156,33.290000915527344,22.685592651367188
2021-10-26,839000,32.900001525878906,33.27000045776367,32.72999954223633,33.16999816894531,22.603818893432617
2021-10-25,497000,32.849998474121094,32.97999954223633,32.619998931884766,32.83000183105469,22.372127532958984
2021-10-22,494800,33.130001068115234,33.29999923706055,32.79999923706055,32.810001373291016,22.35849952697754
2021-10-21,904100,33.380001068115234,33.380001068115234,33.06999969482422,33.13999938964844,22.5833740234375
2021-10-20,835900,32.849998474121094,33.36000061035156,32.779998779296875,33.2599983215332,22.665151596069336
2021-10-19,923700,32.810001373291016,32.880001068115234,32.599998474121094,32.7599983215332,22.324424743652344
2021-10-18,622300,32.529998779296875,32.869998931884766,32.34000015258789,32.66999816894531,22.263092041015625
2021-10-15,1182900,32.61000061035156,32.790000915527344,32.31999969482422,32.59000015258789,22.208580017089844
2021-10-14,890900,32.540000915527344,32.66999816894531,32.310001373291016,32.38999938964844,22.0722885131836
2021-10-13,1118100,31.959999084472656,32.349998474121094,31.75,32.290000915527344,22.00414276123047
2021-10-12,1843600,31.31999969482422,32.06999969482422,31.190000534057617,31.959999084472656,21.779260635375977
2021-10-11,912400,31.450000762939453,31.64999961853028,31.21999931335449,31.309999465942383,21.33631896972656
2021-10-08,1222700,31.049999237060547,31.489999771118164,30.90999984741211,31.34000015258789,21.35676002502441
2021-10-07,1125900,31.209999084472656,31.489999771118164,30.8700008392334,30.979999542236328,21.111438751220703
2021-10-06,1162400,30.36000061035156,31.18000030517578,30.14999961853028,31.11000061035156,21.20003128051757
2021-10-05,1337300,30.8700008392334,30.8700008392334,30.200000762939453,30.479999542236328,20.77071189880371
2021-10-04,1899700,30.420000076293945,31.01000022888184,30.420000076293945,30.950000762939453,21.09099578857422
2021-10-01,1500800,29.96999931335449,30.770000457763672,29.739999771118164,30.46999931335449,20.76389503479004
2021-09-30,2485400,30.709999084472656,30.709999084472656,29.780000686645508,29.780000686645508,20.07221984863281
2021-09-29,1785500,29.799999237060547,30.690000534057617,29.65999984741211,30.520000457763672,20.570995330810547
2021-09-28,1527200,29.68000030517578,29.940000534057617,29.34000015258789,29.68000030517578,20.004817962646484
2021-09-27,1657600,30.479999542236328,30.84000015258789,29.790000915527344,29.790000915527344,20.07896423339844
2021-09-24,1272000,31.0,31.270000457763672,30.46999931335449,30.479999542236328,20.54403305053711
2021-09-23,1013300,31.1200008392334,31.18000030517578,30.799999237060547,31.040000915527344,20.92148399353028
2021-09-22,1361500,30.700000762939453,31.25,30.40999984741211,31.059999465942383,20.93496322631836
2021-09-21,3098000,30.6299991607666,31.06999969482422,30.530000686645508,30.56999969482422,20.60469436645508
2021-09-20,1278500,30.06999969482422,30.5,29.850000381469727,30.440000534057617,20.517070770263672
2021-09-17,1845700,31.09000015258789,31.100000381469727,30.31999969482422,30.34000015258789,20.449670791625977
2021-09-16,1221600,30.81999969482422,31.270000457763672,30.63999938964844,30.920000076293945,20.840600967407227
2021-09-15,1852600,30.479999542236328,30.799999237060547,30.229999542236328,30.75,20.726016998291016
2021-09-14,887800,30.36000061035156,30.489999771118164,30.13999938964844,30.459999084472656,20.53055191040039
2021-09-13,1514300,30.51000022888184,30.790000915527344,30.239999771118164,30.280000686645508,20.40922737121582
2021-09-10,1216500,30.25,30.479999542236328,29.89999961853028,30.26000022888184,20.39575386047364
2021-09-09,990400,30.440000534057617,30.51000022888184,30.13999938964844,30.200000762939453,20.355308532714844
2021-09-08,712700,30.0,30.61000061035156,29.950000762939453,30.520000457763672,20.570995330810547
2021-09-07,1631900,30.82999992370605,30.82999992370605,29.90999984741211,30.100000381469727,20.28790664672852
2021-09-03,1000800,30.729999542236328,30.979999542236328,30.40999984741211,30.940000534057617,20.854080200195312
2021-09-02,1512700,30.709999084472656,30.93000030517578,30.530000686645508,30.81999969482422,20.773197174072266
2021-09-01,1414400,30.26000022888184,30.770000457763672,30.209999084472656,30.57999992370605,20.61143684387207
2021-08-31,1221800,30.09000015258789,30.26000022888184,29.950000762939453,30.030000686645508,20.240726470947266
2021-08-30,815700,30.049999237060547,30.239999771118164,29.739999771118164,30.239999771118164,20.38226890563965
2021-08-27,1054700,29.959999084472656,30.270000457763672,29.8799991607666,30.030000686645508,20.240726470947266
2021-08-26,1245700,29.709999084472656,29.93000030517578,29.56999969482422,29.84000015258789,20.1126651763916
2021-08-25,1011300,29.850000381469727,30.040000915527344,29.68000030517578,29.770000457763672,20.06548118591309
2021-08-24,919700,29.64999961853028,29.90999984741211,29.31999969482422,29.82999992370605,20.10592460632324
2021-08-23,1273700,30.0,30.07999992370605,29.18000030517578,29.57999992370605,19.937414169311523
2021-08-20,1811400,29.420000076293945,30.209999084472656,29.350000381469727,29.950000762939453,20.186803817749023
2021-08-19,1051700,29.8799991607666,30.31999969482422,29.600000381469727,29.88999938964844,20.146360397338867
2021-08-18,1496200,30.059999465942383,30.15999984741211,29.739999771118164,29.96999931335449,20.20028305053711
2021-08-17,799300,30.1299991607666,30.350000381469727,29.799999237060547,30.18000030517578,20.34182929992676
2021-08-16,810700,30.309999465942383,30.559999465942383,30.1200008392334,30.229999542236328,20.37553024291992
2021-08-13,473500,30.309999465942383,30.479999542236328,30.26000022888184,30.38999938964844,20.483369827270508
2021-08-12,577000,30.440000534057617,30.56999969482422,30.25,30.520000457763672,20.36676406860352
2021-08-11,588500,30.559999465942383,30.75,30.31999969482422,30.459999084472656,20.326723098754883
2021-08-10,1157000,30.920000076293945,30.920000076293945,30.309999465942383,30.450000762939453,20.32005500793457
2021-08-09,639200,31.170000076293945,31.3700008392334,30.86000061035156,30.88999938964844,20.613677978515625
2021-08-06,690500,31.700000762939453,31.82999992370605,31.31999969482422,31.38999938964844,20.94733619689941
2021-08-05,708600,31.01000022888184,31.559999465942383,30.940000534057617,31.559999465942383,21.06078147888184
2021-08-04,660100,31.020000457763672,31.13999938964844,30.6200008392334,30.75,20.520252227783203
2021-08-03,502200,31.450000762939453,31.549999237060547,31.18000030517578,31.350000381469727,20.920642852783203
2021-08-02,805000,32.040000915527344,32.2400016784668,31.459999084472656,31.559999465942383,21.06078147888184
2021-07-30,813100,31.6299991607666,32.150001525878906,31.6299991607666,31.8799991607666,21.27433013916016
2021-07-29,366700,31.790000915527344,31.8799991607666,31.57999992370605,31.600000381469727,21.08747673034668
2021-07-28,520300,31.8799991607666,31.88999938964844,31.549999237060547,31.61000061035156,21.09414863586425
2021-07-27,384500,31.420000076293945,31.96999931335449,31.299999237060547,31.770000457763672,21.200925827026367
2021-07-26,605300,31.90999984741211,32.02000045776367,31.479999542236328,31.540000915527344,21.047439575195312
2021-07-23,518700,31.65999984741211,31.88999938964844,31.530000686645508,31.82999992370605,21.24096298217773
2021-07-22,783200,31.530000686645508,31.63999938964844,31.280000686645508,31.46999931335449,21.00072479248047
2021-07-21,796500,31.6200008392334,31.96999931335449,31.56999969482422,31.709999084472656,21.1608829498291
2021-07-20,1135100,31.01000022888184,31.96999931335449,30.809999465942383,31.670000076293945,21.13418960571289
2021-07-19,784200,30.90999984741211,31.1200008392334,30.489999771118164,30.84000015258789,20.580305099487305
2021-07-16,635200,30.940000534057617,31.350000381469727,30.799999237060547,31.200000762939453,20.82054901123047
2021-07-15,388700,30.6299991607666,30.799999237060547,30.51000022888184,30.739999771118164,20.51357650756836
2021-07-14,667400,30.31999969482422,30.88999938964844,30.21999931335449,30.64999961853028,20.45351791381836
2021-07-13,499100,30.8799991607666,31.01000022888184,30.290000915527344,30.38999938964844,20.28000831604004
2021-07-12,525900,30.520000457763672,31.020000457763672,30.459999084472656,31.0,20.68708229064941
2021-07-09,830500,30.38999938964844,30.71999931335449,30.13999938964844,30.670000076293945,20.46686553955078
2021-07-08,654300,30.46999931335449,30.6200008392334,30.1299991607666,30.21999931335449,20.166566848754883
2021-07-07,1456000,30.559999465942383,30.850000381469727,30.420000076293945,30.6299991607666,20.440168380737305
2021-07-06,1310200,30.1200008392334,30.75,29.690000534057617,30.670000076293945,20.46686553955078
2021-07-02,855600,30.350000381469727,30.540000915527344,30.049999237060547,30.229999542236328,20.173242568969727
2021-07-01,1291600,30.15999984741211,30.57999992370605,29.8799991607666,30.280000686645508,20.20660972595215
2021-06-30,1034600,30.46999931335449,30.600000381469727,30.15999984741211,30.200000762939453,20.15321922302246
2021-06-29,1046900,30.57999992370605,30.799999237060547,30.38999938964844,30.46999931335449,20.119853973388672
2021-06-28,923800,30.64999961853028,30.780000686645508,30.209999084472656,30.56999969482422,20.18588638305664
2021-06-25,1719700,30.5,30.75,30.43000030517578,30.670000076293945,20.251916885375977
2021-06-24,846300,30.729999542236328,30.780000686645508,30.450000762939453,30.700000762939453,20.271728515625
2021-06-23,1016200,30.690000534057617,30.84000015258789,30.479999542236328,30.68000030517578,20.258520126342773
2021-06-22,821400,30.89999961853028,30.940000534057617,30.64999961853028,30.739999771118164,20.298141479492188
2021-06-21,716600,30.420000076293945,31.0,30.270000457763672,30.850000381469727,20.37077713012696
2021-06-18,1638500,31.0,31.07999992370605,30.25,30.26000022888184,19.98119163513184
2021-06-17,1521800,31.31999969482422,31.36000061035156,30.90999984741211,31.059999465942383,20.50943946838379
2021-06-16,712000,31.770000457763672,32.0,31.350000381469727,31.3700008392334,20.71413993835449
2021-06-15,1058000,32.29999923706055,32.34000015258789,31.68000030517578,31.690000534057617,20.925443649291992
2021-06-14,1122200,32.27000045776367,32.36000061035156,32.029998779296875,32.279998779296875,21.315025329589844
2021-06-11,1331300,32.33000183105469,32.459999084472656,31.989999771118164,32.150001525878906,21.22918701171875
2021-06-10,1086500,32.150001525878906,32.439998626708984,31.959999084472656,32.41999816894531,21.407470703125
2021-06-09,1120100,31.739999771118164,32.29999923706055,31.600000381469727,32.09000015258789,21.18956756591797
2021-06-08,1156900,30.96999931335449,31.3799991607666,30.739999771118164,31.3799991607666,20.72074317932129
2021-06-07,860500,30.63999938964844,31.1299991607666,30.61000061035156,30.8700008392334,20.38397979736328
2021-06-04,883900,30.63999938964844,30.63999938964844,30.420000076293945,30.5,20.139663696289062
2021-06-03,1044800,30.809999465942383,30.82999992370605,30.3799991607666,30.530000686645508,20.15947532653809
2021-06-02,980800,30.8700008392334,30.979999542236328,30.739999771118164,30.90999984741211,20.4103946685791
2021-06-01,825500,30.299999237060547,30.81999969482422,30.1299991607666,30.81999969482422,20.35096549987793
2021-05-28,628300,30.420000076293945,30.520000457763672,30.209999084472656,30.34000015258789,20.034013748168945
2021-05-27,1335100,30.76000022888184,30.81999969482422,30.309999465942383,30.32999992370605,20.02741050720215
2021-05-26,709400,30.76000022888184,30.989999771118164,30.549999237060547,30.59000015258789,20.1990909576416
2021-05-25,775600,30.65999984741211,30.82999992370605,30.34000015258789,30.700000762939453,20.271728515625
2021-05-24,1203600,30.51000022888184,30.729999542236328,30.270000457763672,30.59000015258789,20.1990909576416
2021-05-21,650800,30.270000457763672,30.46999931335449,30.100000381469727,30.32999992370605,20.02741050720215
2021-05-20,744600,30.190000534057617,30.31999969482422,29.940000534057617,30.280000686645508,19.994394302368164
2021-05-19,905100,29.739999771118164,30.26000022888184,29.40999984741211,30.229999542236328,19.96138000488281
2021-05-18,783900,29.940000534057617,30.3700008392334,29.81999969482422,29.96999931335449,19.78969383239746
2021-05-17,658800,30.25,30.36000061035156,29.96999931335449,29.989999771118164,19.80290603637696
2021-05-14,689400,30.32999992370605,30.3799991607666,30.040000915527344,30.280000686645508,19.994394302368164
2021-05-13,1669300,30.270000457763672,30.809999465942383,30.239999771118164,30.39999961853028,19.873554229736328
2021-05-12,566600,30.950000762939453,31.13999938964844,30.13999938964844,30.14999961853028,19.710124969482425
2021-05-11,796900,31.43000030517578,31.43000030517578,30.850000381469727,31.200000762939453,20.396547317504883
2021-05-10,856400,31.809999465942383,32.310001373291016,31.6200008392334,31.63999938964844,20.684186935424805
2021-05-07,627000,31.200000762939453,31.790000915527344,31.15999984741211,31.71999931335449,20.73648834228516
2021-05-06,715900,30.950000762939453,31.270000457763672,30.770000457763672,31.13999938964844,20.35732078552246
2021-05-05,927900,31.86000061035156,31.86000061035156,30.88999938964844,30.940000534057617,20.226572036743164
2021-05-04,794600,32.2599983215332,32.459999084472656,31.8700008392334,32.08000183105469,20.971832275390625
2021-05-03,799000,32.29999923706055,32.630001068115234,32.0099983215332,32.2599983215332,21.089502334594727
2021-04-30,1559400,31.56999969482422,32.369998931884766,31.540000915527344,32.15999984741211,21.024131774902344
2021-04-29,726200,32.27000045776367,32.54999923706055,31.6299991607666,31.729999542236328,20.74302291870117
2021-04-28,945000,31.57999992370605,32.16999816894531,31.57999992370605,32.119998931884766,20.99798011779785
2021-04-27,1014600,32.439998626708984,32.560001373291016,31.61000061035156,31.65999984741211,20.697263717651367
2021-04-26,861400,32.41999816894531,32.560001373291016,32.06999969482422,32.29999923706055,21.11565589904785
2021-04-23,1006900,32.560001373291016,32.65999984741211,32.04999923706055,32.099998474121094,20.984909057617188
2021-04-22,707700,32.66999816894531,32.93000030517578,32.439998626708984,32.439998626708984,21.207178115844727
2021-04-21,902200,32.63999938964844,32.779998779296875,32.45000076293945,32.63999938964844,21.33792495727539
2021-04-20,962800,31.6200008392334,32.66999816894531,31.6200008392334,32.54999923706055,21.27908515930176
2021-04-19,717100,31.39999961853028,31.65999984741211,31.229999542236328,31.64999961853028,20.69072532653809
2021-04-16,543400,31.670000076293945,31.68000030517578,31.40999984741211,31.420000076293945,20.540367126464844
2021-04-15,683800,31.06999969482422,31.489999771118164,30.979999542236328,31.46999931335449,20.57305335998535
2021-04-14,598100,31.270000457763672,31.43000030517578,30.86000061035156,30.920000076293945,20.213499069213867
2021-04-13,657000,30.84000015258789,31.36000061035156,30.770000457763672,31.280000686645508,20.4488468170166
2021-04-12,609600,30.729999542236328,30.8799991607666,30.5,30.8700008392334,20.18081283569336
2021-04-09,764400,30.790000915527344,31.01000022888184,30.59000015258789,30.64999961853028,20.03699111938477
2021-04-08,843500,31.059999465942383,31.1299991607666,30.770000457763672,30.89999961853028,20.200424194335938
2021-04-07,1269000,30.86000061035156,31.13999938964844,30.799999237060547,31.0,20.26580047607422
2021-04-06,1772600,31.39999961853028,31.5,30.88999938964844,30.959999084472656,20.239648818969727
2021-04-05,781200,31.3799991607666,31.51000022888184,31.06999969482422,31.46999931335449,20.57305335998535
2021-04-01,1163800,30.56999969482422,31.32999992370605,30.440000534057617,31.32999992370605,20.481529235839844
2021-03-31,2802100,30.84000015258789,31.01000022888184,30.31999969482422,30.31999969482422,19.821260452270508
2021-03-30,827100,30.8799991607666,31.200000762939453,30.770000457763672,30.8700008392334,19.971614837646484
2021-03-29,1325300,30.959999084472656,31.229999542236328,30.549999237060547,30.93000030517578,20.01043701171875
2021-03-26,1451100,30.63999938964844,30.979999542236328,30.459999084472656,30.959999084472656,20.029844284057617
2021-03-25,1011300,30.51000022888184,30.690000534057617,29.8700008392334,30.559999465942383,19.77106094360352
2021-03-24,1148100,30.6299991607666,31.18000030517578,30.530000686645508,30.63999938964844,19.82282257080078
2021-03-23,978400,30.450000762939453,30.809999465942383,30.38999938964844,30.549999237060547,19.764591217041016
2021-03-22,1025900,29.76000022888184,30.489999771118164,29.64999961853028,30.479999542236328,19.71930694580078
2021-03-19,3334400,30.549999237060547,30.76000022888184,29.770000457763672,29.86000061035156,19.318187713623047
2021-03-18,1330600,30.809999465942383,30.96999931335449,30.420000076293945,30.56999969482422,19.77753257751465
2021-03-17,906400,30.979999542236328,31.14999961853028,30.57999992370605,31.0,20.055721282958984
2021-03-16,780900,31.020000457763672,31.299999237060547,30.709999084472656,31.020000457763672,20.06866455078125
2021-03-15,1182700,30.75,31.76000022888184,30.520000457763672,31.299999237060547,20.24980926513672
2021-03-12,932900,29.84000015258789,30.670000076293945,29.6299991607666,30.65999984741211,19.835752487182617
2021-03-11,738100,29.780000686645508,30.09000015258789,29.559999465942383,29.65999984741211,19.188796997070312
2021-03-10,656000,29.479999542236328,29.86000061035156,29.3799991607666,29.75,19.24702453613281
2021-03-09,797000,29.940000534057617,30.100000381469727,29.3799991607666,29.479999542236328,19.07234573364257
2021-03-08,846100,29.25,29.89999961853028,28.88999938964844,29.670000076293945,19.19526672363281
2021-03-05,907200,29.25,29.280000686645508,28.729999542236328,29.13999938964844,18.85238265991211
2021-03-04,757400,28.979999542236328,29.43000030517578,28.799999237060547,29.040000915527344,18.78768539428711
2021-03-03,763400,29.1200008392334,29.38999938964844,28.86000061035156,28.90999984741211,18.70357894897461
2021-03-02,1167300,29.31999969482422,29.549999237060547,28.989999771118164,29.18000030517578,18.87826156616211
2021-03-01,869800,29.280000686645508,29.81999969482422,29.280000686645508,29.3799991607666,19.007646560668945
2021-02-26,1021200,29.520000457763672,29.68000030517578,28.850000381469727,28.86000061035156,18.67123413085937
2021-02-25,708200,30.06999969482422,30.459999084472656,29.280000686645508,29.40999984741211,19.02705764770508
2021-02-24,714700,30.290000915527344,30.51000022888184,30.030000686645508,30.1299991607666,19.49287223815918
2021-02-23,803000,29.790000915527344,30.530000686645508,29.479999542236328,30.36000061035156,19.64167213439941
2021-02-22,752500,29.13999938964844,29.690000534057617,29.13999938964844,29.61000061035156,19.15645408630371
2021-02-19,1133100,29.979999542236328,30.059999465942383,29.15999984741211,29.26000022888184,18.930015563964844
2021-02-18,648400,30.15999984741211,30.489999771118164,30.13999938964844,30.239999771118164,19.36800575256348
2021-02-17,846900,30.170000076293945,30.489999771118164,29.979999542236328,30.34000015258789,19.432052612304688
2021-02-16,952700,30.89999961853028,30.950000762939453,30.15999984741211,30.299999237060547,19.40643310546875
2021-02-12,825200,30.670000076293945,31.040000915527344,30.6299991607666,30.959999084472656,19.82914924621582
2021-02-11,975700,30.780000686645508,31.479999542236328,30.530000686645508,30.86000061035156,19.765100479125977
2021-02-10,956500,31.0,31.190000534057617,30.68000030517578,30.84000015258789,19.752286911010746
2021-02-09,414300,30.84000015258789,30.959999084472656,30.39999961853028,30.739999771118164,19.68824577331543
2021-02-08,545300,30.82999992370605,30.84000015258789,30.479999542236328,30.84000015258789,19.752286911010746
2021-02-05,894700,30.8700008392334,30.940000534057617,30.38999938964844,30.799999237060547,19.726673126220703
2021-02-04,793100,30.559999465942383,30.950000762939453,30.34000015258789,30.61000061035156,19.6049861907959
2021-02-03,800400,30.549999237060547,30.65999984741211,29.84000015258789,30.5,19.53452682495117
2021-02-02,573200,30.84000015258789,31.040000915527344,30.5,30.82999992370605,19.745885848999023
2021-02-01,800600,30.170000076293945,30.799999237060547,29.700000762939453,30.790000915527344,19.72027015686035
2021-01-29,742300,29.8799991607666,30.450000762939453,29.459999084472656,30.01000022888184,19.22069549560547
2021-01-28,741200,29.8799991607666,30.51000022888184,29.71999931335449,30.049999237060547,19.24631690979004
2021-01-27,619900,30.850000381469727,31.059999465942383,29.71999931335449,29.790000915527344,19.07979393005371
2021-01-26,481400,31.07999992370605,31.299999237060547,30.75,31.0,19.854766845703125
2021-01-25,637800,31.1299991607666,31.530000686645508,30.89999961853028,31.07999992370605,19.906003952026367
2021-01-22,534300,30.88999938964844,31.239999771118164,30.780000686645508,31.18000030517578,19.97005081176757
2021-01-21,1021000,30.940000534057617,31.190000534057617,30.600000381469727,31.15999984741211,19.957244873046875
2021-01-20,1116500,29.71999931335449,31.170000076293945,29.71999931335449,31.14999961853028,19.950841903686523
2021-01-19,648900,30.39999961853028,30.39999961853028,29.5,29.739999771118164,19.04776954650879
2021-01-15,648600,29.739999771118164,30.26000022888184,29.64999961853028,30.229999542236328,19.361602783203125
2021-01-14,1000700,30.229999542236328,30.34000015258789,29.65999984741211,29.8799991607666,19.13743019104004
2021-01-13,1376000,29.11000061035156,30.170000076293945,29.030000686645508,30.11000061035156,19.284744262695312
2021-01-12,727700,28.209999084472656,28.64999961853028,28.049999237060547,28.6200008392334,18.330434799194336
2021-01-11,1277100,28.38999938964844,28.75,28.0,28.14999961853028,18.029407501220703
2021-01-08,1379100,28.229999542236328,28.600000381469727,28.1200008392334,28.5,18.25358009338379
2021-01-07,1177400,28.670000076293945,28.84000015258789,28.030000686645508,28.21999931335449,18.074243545532227
2021-01-06,1135700,28.51000022888184,28.90999984741211,28.190000534057617,28.81999969482422,18.45852851867676
2021-01-05,1215900,28.51000022888184,29.020000457763672,28.34000015258789,28.39999961853028,18.189529418945312
2021-01-04,1419800,29.64999961853028,29.790000915527344,28.700000762939453,28.700000762939453,18.381675720214844
2020-12-31,929500,29.299999237060547,29.729999542236328,29.06999969482422,29.600000381469727,18.753150939941406
2020-12-30,794100,29.34000015258789,29.59000015258789,29.21999931335449,29.36000061035156,18.601099014282227
2020-12-29,648800,29.600000381469727,29.75,29.170000076293945,29.40999984741211,18.632768630981445
2020-12-28,755200,29.440000534057617,29.59000015258789,29.280000686645508,29.530000686645508,18.70880126953125
2020-12-24,295700,29.25,29.51000022888184,29.059999465942383,29.450000762939453,18.65811538696289
2020-12-23,1366500,29.71999931335449,29.770000457763672,29.209999084472656,29.25,18.53140640258789
2020-12-22,659200,29.65999984741211,29.76000022888184,29.32999992370605,29.61000061035156,18.75948715209961
2020-12-21,2167600,29.14999961853028,29.68000030517578,29.040000915527344,29.670000076293945,18.79749870300293
2020-12-18,3300900,30.020000457763672,30.13999938964844,29.38999938964844,29.600000381469727,18.753150939941406
2020-12-17,1060400,30.059999465942383,30.14999961853028,29.489999771118164,29.93000030517578,18.962221145629883
2020-12-16,982500,30.09000015258789,30.39999961853028,29.93000030517578,30.0,19.006568908691406
2020-12-15,2323600,29.40999984741211,30.01000022888184,29.07999992370605,30.0,19.006568908691406
2020-12-14,1191700,29.86000061035156,29.93000030517578,29.239999771118164,29.25,18.53140640258789
2020-12-11,795700,29.450000762939453,29.850000381469727,29.3799991607666,29.56999969482422,18.73413848876953
2020-12-10,2293500,29.299999237060547,29.700000762939453,28.959999084472656,29.51000022888184,18.69613075256348
2020-12-09,2250900,30.07999992370605,30.11000061035156,29.21999931335449,29.459999084472656,18.664451599121094
2020-12-08,1467000,29.670000076293945,30.06999969482422,29.670000076293945,30.01000022888184,19.01290702819824
2020-12-07,2275000,29.65999984741211,30.13999938964844,29.64999961853028,29.84000015258789,18.90519905090332
2020-12-04,1449300,29.549999237060547,29.809999465942383,29.40999984741211,29.670000076293945,18.79749870300293
2020-12-03,2270000,29.61000061035156,29.71999931335449,29.299999237060547,29.530000686645508,18.70880126953125
2020-12-02,972200,29.51000022888184,29.88999938964844,29.350000381469727,29.549999237060547,18.72146987915039
2020-12-01,1190100,29.75,30.040000915527344,29.450000762939453,29.540000915527344,18.715137481689453
2020-11-30,1386400,30.06999969482422,30.38999938964844,29.40999984741211,29.5,18.68979454040528
2020-11-27,272300,30.64999961853028,30.71999931335449,30.0,30.25,19.16495513916016
2020-11-25,924200,30.40999984741211,30.780000686645508,30.26000022888184,30.690000534057617,19.4437198638916
2020-11-24,1286500,30.549999237060547,31.15999984741211,30.39999961853028,30.450000762939453,19.29166984558105
2020-11-23,1213400,30.690000534057617,31.020000457763672,30.200000762939453,30.26000022888184,19.17129898071289
2020-11-20,2570900,30.809999465942383,30.81999969482422,30.270000457763672,30.600000381469727,19.386703491210938
2020-11-19,639300,30.600000381469727,31.020000457763672,30.26000022888184,30.96999931335449,19.6211166381836
2020-11-18,819300,31.739999771118164,31.790000915527344,30.670000076293945,30.709999084472656,19.45639038085937
2020-11-17,859000,31.920000076293945,32.029998779296875,31.40999984741211,31.75,20.11528587341309
2020-11-16,731200,32.77000045776367,33.040000915527344,31.780000686645508,32.2599983215332,20.438396453857425
2020-11-13,904500,31.34000015258789,32.15999984741211,31.34000015258789,32.119998931884766,20.34969711303711
2020-11-12,1087900,31.940000534057617,31.940000534057617,31.020000457763672,31.46999931335449,19.7478256225586
2020-11-11,1022300,31.88999938964844,32.0,31.18000030517578,31.8700008392334,19.998828887939453
2020-11-10,1052000,31.0,31.920000076293945,30.75,31.81999969482422,19.967458724975582
2020-11-09,1954500,32.560001373291016,34.0099983215332,30.780000686645508,30.790000915527344,19.32111549377441
2020-11-06,809600,30.6200008392334,31.059999465942383,30.36000061035156,30.51000022888184,19.145414352416992
2020-11-05,1349200,29.959999084472656,31.020000457763672,29.75,30.540000915527344,19.16423988342285
2020-11-04,783500,29.770000457763672,30.100000381469727,29.18000030517578,29.75,18.668502807617188
2020-11-03,1179300,28.84000015258789,29.96999931335449,28.770000457763672,29.780000686645508,18.687328338623047
2020-11-02,1376000,28.11000061035156,28.64999961853028,27.700000762939453,28.440000534057617,17.846460342407227
2020-10-30,1035700,28.280000686645508,28.479999542236328,27.59000015258789,27.799999237060547,17.444854736328125
2020-10-29,1840600,27.549999237060547,28.5,27.18000030517578,28.350000381469727,17.78998565673828
2020-10-28,908100,28.299999237060547,28.75,27.600000381469727,27.690000534057617,17.375825881958008
2020-10-27,1070500,29.65999984741211,29.979999542236328,28.729999542236328,28.770000457763672,18.053539276123047
2020-10-26,1364900,30.0,30.18000030517578,29.39999961853028,29.700000762939453,18.637130737304688
2020-10-23,1891700,30.530000686645508,30.600000381469727,30.100000381469727,30.18000030517578,18.93833923339844
2020-10-22,1507400,29.6299991607666,30.39999961853028,29.489999771118164,30.309999465942383,19.01991081237793
2020-10-21,1211100,29.3799991607666,29.61000061035156,29.229999542236328,29.56999969482422,18.555551528930664
2020-10-20,1514100,29.729999542236328,29.989999771118164,29.39999961853028,29.5,18.511625289916992
2020-10-19,782800,30.600000381469727,30.780000686645508,29.530000686645508,29.559999465942383,18.549272537231445
2020-10-16,829300,30.3799991607666,30.76000022888184,30.190000534057617,30.420000076293945,19.08893394470215
2020-10-15,738000,29.959999084472656,31.040000915527344,29.76000022888184,30.75,19.296018600463867
2020-10-14,943400,30.31999969482422,30.31999969482422,29.89999961853028,30.18000030517578,18.93833923339844
2020-10-13,504700,30.3700008392334,30.56999969482422,29.979999542236328,30.38999938964844,19.07010841369629
2020-10-12,850200,30.26000022888184,30.65999984741211,30.049999237060547,30.59000015258789,19.195613861083984
2020-10-09,492300,30.850000381469727,30.959999084472656,30.1299991607666,30.34000015258789,19.038732528686523
2020-10-08,961500,30.489999771118164,30.96999931335449,30.31999969482422,30.670000076293945,19.24581527709961
2020-10-07,1146400,30.63999938964844,30.63999938964844,30.100000381469727,30.34000015258789,19.038732528686523
2020-10-06,1336800,30.86000061035156,31.26000022888184,30.270000457763672,30.549999237060547,19.170515060424805
2020-10-05,1028300,31.100000381469727,31.31999969482422,30.36000061035156,30.729999542236328,19.28346443176269
2020-10-02,1813300,30.0,31.1200008392334,29.780000686645508,30.920000076293945,19.40269660949707
2020-10-01,1360200,30.059999465942383,30.530000686645508,29.700000762939453,30.5,19.139137268066406
2020-09-30,1788000,29.920000076293945,30.450000762939453,29.82999992370605,30.1200008392334,18.699880599975582
2020-09-29,950600,29.8700008392334,29.8700008392334,29.18000030517578,29.63999938964844,18.40187263488769
2020-09-28,1152100,29.5,30.07999992370605,29.190000534057617,29.90999984741211,18.569499969482425
2020-09-25,869300,28.31999969482422,29.15999984741211,28.299999237060547,29.13999938964844,18.09145164489746
2020-09-24,884400,28.26000022888184,28.76000022888184,28.15999984741211,28.450000762939453,17.663063049316406
2020-09-23,982200,28.57999992370605,28.88999938964844,28.09000015258789,28.13999938964844,17.47060203552246
2020-09-22,833900,28.13999938964844,28.959999084472656,28.049999237060547,28.700000762939453,17.818279266357422
2020-09-21,1016300,28.270000457763672,28.5,27.81999969482422,28.1200008392334,17.45818519592285
2020-09-18,2294700,29.299999237060547,29.299999237060547,28.520000457763672,28.65999984741211,17.793445587158203
2020-09-17,638500,29.25,29.739999771118164,28.8700008392334,28.940000534057617,17.967281341552734
2020-09-16,540200,29.86000061035156,30.09000015258789,29.43000030517578,29.479999542236328,18.302536010742188
2020-09-15,362100,29.790000915527344,30.09000015258789,29.559999465942383,29.61000061035156,18.38325309753418
2020-09-14,722300,29.100000381469727,29.739999771118164,29.01000022888184,29.670000076293945,18.420499801635746
2020-09-11,536200,29.489999771118164,29.489999771118164,28.670000076293945,28.989999771118164,17.99832534790039
2020-09-10,729300,29.5,29.6299991607666,29.21999931335449,29.459999084472656,18.290122985839844
2020-09-09,897800,29.190000534057617,29.799999237060547,29.09000015258789,29.559999465942383,18.35220527648925
2020-09-08,713000,29.40999984741211,29.57999992370605,29.030000686645508,29.07999992370605,18.05419921875
2020-09-04,659700,29.6200008392334,29.950000762939453,29.21999931335449,29.61000061035156,18.38325309753418
2020-09-03,537100,29.51000022888184,29.989999771118164,29.34000015258789,29.600000381469727,18.37704086303711
2020-09-02,704300,28.729999542236328,29.46999931335449,28.540000915527344,29.43000030517578,18.27149772644043
2020-09-01,625600,28.65999984741211,28.90999984741211,28.3700008392334,28.770000457763672,17.861736297607422
2020-08-31,1025300,29.280000686645508,29.280000686645508,28.700000762939453,28.850000381469727,17.911409378051758
2020-08-28,620900,28.799999237060547,28.86000061035156,28.200000762939453,28.51000022888184,17.700321197509766
2020-08-27,536400,28.1299991607666,28.729999542236328,28.1200008392334,28.6299991607666,17.774818420410156
2020-08-26,598200,28.270000457763672,28.34000015258789,27.770000457763672,27.96999931335449,17.365060806274414
2020-08-25,597200,28.5,28.61000061035156,28.14999961853028,28.43000030517578,17.650651931762695
2020-08-24,823700,28.489999771118164,28.57999992370605,27.75,28.559999465942383,17.731361389160156
2020-08-21,1475600,27.850000381469727,28.489999771118164,27.799999237060547,28.350000381469727,17.60097885131836
2020-08-20,779100,26.950000762939453,27.940000534057617,26.950000762939453,27.739999771118164,17.22226333618164
2020-08-19,893500,27.61000061035156,27.64999961853028,26.770000457763672,27.11000061035156,16.83113670349121
2020-08-18,795100,27.76000022888184,27.82999992370605,27.450000762939453,27.63999938964844,17.160181045532227
2020-08-17,613900,27.65999984741211,27.93000030517578,27.40999984741211,27.84000015258789,17.284351348876953
2020-08-14,964500,27.3700008392334,28.030000686645508,27.36000061035156,27.6299991607666,17.153976440429688
2020-08-13,744900,28.290000915527344,28.71999931335449,27.729999542236328,27.809999465942383,17.0794677734375
2020-08-12,711100,28.520000457763672,28.670000076293945,28.07999992370605,28.440000534057617,17.466384887695312
2020-08-11,1133500,29.25,29.25,28.239999771118164,28.36000061035156,17.417253494262695
2020-08-10,901500,29.350000381469727,29.57999992370605,28.90999984741211,28.950000762939453,17.77959632873535
2020-08-07,747100,28.950000762939453,29.690000534057617,28.850000381469727,29.280000686645508,17.982271194458008
2020-08-06,1153000,28.809999465942383,29.530000686645508,28.43000030517578,29.09000015258789,17.865581512451172
2020-08-05,603000,29.15999984741211,29.15999984741211,28.600000381469727,28.809999465942383,17.693620681762695
2020-08-04,1013600,28.75,29.170000076293945,28.75,28.88999938964844,17.74275016784668
2020-08-03,822700,29.239999771118164,29.239999771118164,28.3700008392334,28.8700008392334,17.7304744720459
2020-07-31,1175700,29.51000022888184,29.76000022888184,28.8700008392334,29.299999237060547,17.994550704956055
2020-07-30,1008300,29.13999938964844,29.780000686645508,29.1200008392334,29.6299991607666,18.197221755981445
2020-07-29,891000,29.350000381469727,29.670000076293945,29.100000381469727,29.6200008392334,18.19108390808105
2020-07-28,491800,28.65999984741211,29.38999938964844,28.600000381469727,29.13999938964844,17.89628791809082
2020-07-27,584900,28.93000030517578,28.959999084472656,28.39999961853028,28.82999992370605,17.705900192260742
2020-07-24,1308100,29.020000457763672,29.3700008392334,28.8700008392334,29.020000457763672,17.822593688964844
2020-07-23,993900,28.600000381469727,29.290000915527344,28.600000381469727,29.020000457763672,17.822593688964844
2020-07-22,707400,27.68000030517578,28.770000457763672,27.68000030517578,28.690000534057617,17.619916915893555
2020-07-21,1001200,28.170000076293945,28.479999542236328,27.82999992370605,27.88999938964844,17.128604888916016
2020-07-20,907700,28.61000061035156,28.76000022888184,27.850000381469727,27.940000534057617,17.159311294555664
2020-07-17,436000,28.229999542236328,28.8700008392334,28.020000457763672,28.729999542236328,17.644489288330078
2020-07-16,650800,28.13999938964844,28.46999931335449,27.89999961853028,28.13999938964844,17.282136917114258
2020-07-15,912600,28.86000061035156,28.989999771118164,28.309999465942383,28.34000015258789,17.40497398376465
2020-07-14,930900,28.020000457763672,28.459999084472656,27.8799991607666,28.450000762939453,17.472522735595703
2020-07-13,1298600,28.209999084472656,28.459999084472656,27.76000022888184,27.979999542236328,17.183876037597656
2020-07-10,1347900,27.709999084472656,28.229999542236328,27.64999961853028,28.059999465942383,17.23301124572754
2020-07-09,3143500,28.440000534057617,28.530000686645508,27.450000762939453,27.770000457763672,17.05491065979004
2020-07-08,1294400,28.8700008392334,28.8799991607666,28.299999237060547,28.5,17.503236770629883
2020-07-07,579800,29.09000015258789,29.40999984741211,28.850000381469727,28.8799991607666,17.736608505249023
2020-07-06,728900,30.39999961853028,30.39999961853028,29.479999542236328,29.520000457763672,18.12966537475586
2020-07-02,1589400,30.420000076293945,30.46999931335449,28.979999542236328,29.59000015258789,29.59000015258789
2020-07-01,2306700,29.40999984741211,30.06999969482422,29.280000686645508,29.84000015258789,29.84000015258789
2020-06-30,1911500,29.100000381469727,29.65999984741211,28.96999931335449,29.290000915527344,29.290000915527344
2020-06-29,816900,29.39999961853028,29.46999931335449,28.76000022888184,29.190000534057617,29.190000534057617
2020-06-26,2631300,29.59000015258789,29.76000022888184,29.040000915527344,29.06999969482422,29.06999969482422
2020-06-25,1475900,29.26000022888184,29.850000381469727,29.170000076293945,29.82999992370605,29.82999992370605
2020-06-24,1202300,29.3799991607666,29.71999931335449,28.530000686645508,29.489999771118164,29.489999771118164
2020-06-23,597300,30.88999938964844,30.88999938964844,29.76000022888184,29.790000915527344,29.790000915527344
2020-06-22,1780500,30.290000915527344,30.68000030517578,29.86000061035156,30.549999237060547,30.549999237060547
2020-06-19,3326200,31.71999931335449,31.989999771118164,30.3799991607666,30.440000534057617,30.440000534057617
2020-06-18,1107800,31.309999465942383,31.71999931335449,31.1299991607666,31.38999938964844,31.38999938964844
2020-06-17,995900,32.47999954223633,32.529998779296875,31.63999938964844,31.63999938964844,31.63999938964844
2020-06-16,1322400,32.720001220703125,32.900001525878906,31.950000762939453,32.310001373291016,32.310001373291016
2020-06-15,1759500,30.049999237060547,31.950000762939453,30.049999237060547,31.61000061035156,31.61000061035156
2020-06-12,1512400,30.670000076293945,31.059999465942383,29.96999931335449,30.950000762939453,30.950000762939453
2020-06-11,1146300,30.13999938964844,30.479999542236328,29.61000061035156,29.6200008392334,29.6200008392334
2020-06-10,1068200,31.780000686645508,31.940000534057617,30.959999084472656,31.39999961853028,31.39999961853028
2020-06-09,1567300,31.530000686645508,32.560001373291016,31.3700008392334,31.979999542236328,31.979999542236328
2020-06-08,1205300,32.209999084472656,32.68000030517578,31.75,32.20000076293945,32.20000076293945
2020-06-05,1676900,31.96999931335449,32.459999084472656,31.530000686645508,31.6200008392334,31.6200008392334
2020-06-04,1436600,30.96999931335449,30.979999542236328,30.39999961853028,30.8799991607666,30.8799991607666
2020-06-03,1728800,31.190000534057617,31.5,31.049999237060547,31.170000076293945,31.170000076293945
2020-06-02,1379700,31.170000076293945,31.290000915527344,30.68000030517578,30.8700008392334,30.8700008392334
2020-06-01,760300,30.81999969482422,31.170000076293945,30.64999961853028,30.93000030517578,30.93000030517578
2020-05-29,1031000,31.040000915527344,31.049999237060547,30.59000015258789,30.700000762939453,30.700000762939453
2020-05-28,1145000,31.5,31.690000534057617,30.940000534057617,31.39999961853028,31.39999961853028
2020-05-27,1299700,31.920000076293945,32.040000915527344,30.86000061035156,31.09000015258789,31.09000015258789
2020-05-26,1141200,31.920000076293945,31.920000076293945,31.15999984741211,31.26000022888184,31.26000022888184
2020-05-22,552200,30.459999084472656,30.64999961853028,30.239999771118164,30.46999931335449,30.46999931335449
2020-05-21,1075800,30.40999984741211,31.190000534057617,30.299999237060547,30.38999938964844,30.38999938964844
2020-05-20,2256100,31.459999084472656,31.489999771118164,30.38999938964844,30.559999465942383,30.559999465942383
2020-05-19,1516500,30.82999992370605,31.549999237060547,30.809999465942383,31.13999938964844,31.13999938964844
2020-05-18,1542600,30.09000015258789,31.26000022888184,30.09000015258789,31.059999465942383,31.059999465942383
2020-05-15,1100500,28.520000457763672,29.11000061035156,28.049999237060547,28.950000762939453,28.950000762939453
2020-05-14,1373500,27.6200008392334,28.600000381469727,27.01000022888184,28.59000015258789,28.59000015258789
2020-05-13,1253100,28.63999938964844,28.770000457763672,28.059999465942383,28.450000762939453,28.14999961853028
2020-05-12,1108900,30.64999961853028,30.790000915527344,28.89999961853028,28.90999984741211,28.605148315429688
2020-05-11,1318000,30.06999969482422,31.049999237060547,30.06999969482422,30.6299991607666,30.30701065063477
2020-05-08,1216500,29.940000534057617,30.770000457763672,29.75,30.65999984741211,30.336694717407227
2020-05-07,1281400,30.36000061035156,30.6200008392334,29.18000030517578,29.43000030517578,29.119665145874023
2020-05-06,1399900,28.51000022888184,29.3700008392334,28.3700008392334,29.200000762939453,28.89209175109864
2020-05-05,710900,28.489999771118164,29.31999969482422,28.40999984741211,28.559999465942383,28.258838653564453
2020-05-04,677500,27.600000381469727,28.18000030517578,27.46999931335449,28.06999969482422,27.77400588989257
2020-05-01,1087600,28.56999969482422,28.850000381469727,27.709999084472656,27.96999931335449,27.6750602722168
2020-04-30,1025300,29.71999931335449,29.739999771118164,28.950000762939453,29.38999938964844,29.08008575439453
2020-04-29,877800,29.790000915527344,30.690000534057617,29.34000015258789,30.229999542236328,29.91123008728028
2020-04-28,892300,29.6200008392334,29.850000381469727,28.76000022888184,28.940000534057617,28.63483238220215
2020-04-27,676000,28.46999931335449,28.90999984741211,28.38999938964844,28.700000762939453,28.397363662719727
2020-04-24,892900,28.049999237060547,28.520000457763672,27.850000381469727,28.290000915527344,27.991687774658203
2020-04-23,1136600,28.81999969482422,29.43000030517578,27.88999938964844,28.01000022888184,27.71463966369629
2020-04-22,1195000,29.3799991607666,29.540000915527344,28.780000686645508,28.82999992370605,28.525991439819336
2020-04-21,1162800,28.36000061035156,29.059999465942383,28.01000022888184,28.770000457763672,28.466625213623047
2020-04-20,888000,29.63999938964844,30.1200008392334,29.299999237060547,29.31999969482422,29.01082420349121
2020-04-17,1096000,30.809999465942383,31.530000686645508,29.89999961853028,30.13999938964844,29.82217788696289
2020-04-16,1061500,30.31999969482422,30.420000076293945,29.229999542236328,29.770000457763672,29.45608139038086
2020-04-15,1090500,31.0,31.3799991607666,29.790000915527344,30.170000076293945,29.85186195373535
2020-04-14,1602200,32.88999938964844,33.5099983215332,31.739999771118164,32.0099983215332,31.67245864868164
2020-04-13,1640900,33.0,33.349998474121094,31.81999969482422,31.82999992370605,31.49435806274414
2020-04-09,3234300,31.6200008392334,33.470001220703125,31.299999237060547,33.31999969482422,32.96864700317383
2020-04-08,2765300,29.200000762939453,30.959999084472656,28.350000381469727,30.600000381469727,30.277328491210938
2020-04-07,2571600,28.280000686645508,29.489999771118164,27.729999542236328,28.90999984741211,28.605148315429688
2020-04-06,1038400,26.459999084472656,27.809999465942383,26.01000022888184,27.38999938964844,27.10117721557617
2020-04-03,920400,25.39999961853028,25.770000457763672,24.46999931335449,25.270000457763672,25.00353240966797
2020-04-02,1876600,25.989999771118164,26.600000381469727,24.89999961853028,25.690000534057617,25.419103622436523
2020-04-01,1470600,26.530000686645508,27.18000030517578,25.3700008392334,26.3700008392334,26.09193420410156
2020-03-31,2052600,28.40999984741211,28.8799991607666,26.6299991607666,27.93000030517578,27.635482788085938
2020-03-30,1728900,29.290000915527344,29.64999961853028,27.459999084472656,28.540000915527344,28.239051818847656
2020-03-27,988300,27.43000030517578,29.850000381469727,27.06999969482422,28.88999938964844,28.58535957336425
2020-03-26,1611700,25.93000030517578,28.440000534057617,25.5,28.36000061035156,28.060949325561523
2020-03-25,3739300,25.809999465942383,26.84000015258789,25.190000534057617,25.959999084472656,25.686254501342773
2020-03-24,1302900,25.739999771118164,26.76000022888184,24.450000762939453,26.040000915527344,25.76541328430176
2020-03-23,1470500,25.59000015258789,26.36000061035156,24.100000381469727,24.71999931335449,24.45933151245117
2020-03-20,2792400,27.96999931335449,28.81999969482422,24.979999542236328,25.38999938964844,25.12226676940918
2020-03-19,2213700,28.0,29.799999237060547,27.09000015258789,27.93000030517578,27.635482788085938
2020-03-18,2351500,29.979999542236328,31.690000534057617,28.0,28.26000022888184,27.962003707885746
2020-03-17,2299900,29.71999931335449,33.06999969482422,28.530000686645508,31.700000762939453,31.36573028564453
2020-03-16,2228800,31.1200008392334,31.559999465942383,28.84000015258789,29.280000686645508,28.971248626708984
2020-03-13,2195200,33.060001373291016,34.18000030517578,30.93000030517578,34.0,33.641475677490234
2020-03-12,2372400,32.15999984741211,33.91999816894531,31.36000061035156,31.71999931335449,31.385517120361328
2020-03-11,1416200,35.75,36.060001373291016,33.939998626708984,34.4900016784668,34.12630844116211
2020-03-10,1691600,36.72999954223633,36.72999954223633,34.810001373291016,36.63999938964844,36.25363540649414
2020-03-09,1492000,36.84000015258789,37.09999847412109,35.7599983215332,36.11000061035156,35.729225158691406
2020-03-06,1364900,37.02000045776367,37.970001220703125,36.459999084472656,37.91999816894531,37.520137786865234
2020-03-05,1283700,36.43999862670898,37.709999084472656,36.27000045776367,37.68000030517578,37.28266906738281
2020-03-04,1089800,36.0,37.119998931884766,35.779998779296875,36.9900016784668,36.59994888305664
2020-03-03,1163300,35.33000183105469,36.13999938964844,34.849998474121094,35.41999816894531,35.04650115966797
2020-03-02,1798400,34.540000915527344,35.279998779296875,34.0,35.279998779296875,34.90797805786133
2020-02-28,2676700,34.130001068115234,34.54999923706055,32.72999954223633,34.29999923706055,33.93831253051758
2020-02-27,1388900,36.34000015258789,36.70000076293945,34.7599983215332,34.7599983215332,34.39345932006836
2020-02-26,1663400,36.79999923706055,37.470001220703125,36.63999938964844,36.7599983215332,36.372371673583984
2020-02-25,1540100,37.209999084472656,37.29999923706055,36.619998931884766,36.75,36.36247634887695
2020-02-24,769300,37.11000061035156,37.709999084472656,37.11000061035156,37.15999984741211,36.76815414428711
2020-02-21,2206800,37.2400016784668,37.880001068115234,37.2400016784668,37.68999862670898,37.29256439208984
2020-02-20,941200,36.54999923706055,37.52999877929688,36.43999862670898,37.45000076293945,36.75825881958008
2020-02-19,709400,36.97999954223633,37.0,36.34999847412109,36.560001373291016,35.88469696044922
2020-02-18,750500,36.72999954223633,37.060001373291016,36.630001068115234,36.95000076293945,36.26749420166016
2020-02-14,1023200,36.61000061035156,37.2599983215332,36.58000183105469,36.72999954223633,36.05155944824219
2020-02-13,1107700,36.9900016784668,37.27999877929688,36.2599983215332,36.5,35.8258056640625
2020-02-12,956500,36.220001220703125,36.459999084472656,35.90999984741211,36.27999877929688,35.609867095947266
2020-02-11,787900,36.540000915527344,36.7400016784668,36.09999847412109,36.13999938964844,35.47245407104492
2020-02-10,796800,36.5099983215332,36.650001525878906,36.2599983215332,36.47999954223633,35.80617904663086
2020-02-07,2077100,36.540000915527344,36.75,36.31999969482422,36.34999847412109,35.6785774230957
2020-02-06,1111100,36.65999984741211,36.790000915527344,36.47999954223633,36.5099983215332,35.83562088012695
2020-02-05,1748300,36.41999816894531,36.630001068115234,36.34000015258789,36.560001373291016,35.88469696044922
2020-02-04,854700,36.27000045776367,36.4900016784668,36.060001373291016,36.400001525878906,35.727657318115234
2020-02-03,1464200,36.09000015258789,36.34000015258789,35.9900016784668,36.20000076293945,35.531349182128906
2020-01-31,3597700,36.2599983215332,36.36000061035156,36.02000045776367,36.060001373291016,35.39393615722656
2020-01-30,1236400,35.9900016784668,36.290000915527344,35.939998626708984,36.27999877929688,35.609867095947266
2020-01-29,814400,35.849998474121094,36.130001068115234,35.810001373291016,36.11000061035156,35.44300842285156
2020-01-28,476000,35.7599983215332,35.9900016784668,35.72999954223633,35.84000015258789,35.17799758911133
2020-01-27,548000,35.45000076293945,35.880001068115234,35.45000076293945,35.68000030517578,35.02095413208008
2020-01-24,670600,35.59000015258789,35.7400016784668,35.369998931884766,35.59000015258789,34.9326171875
2020-01-23,851900,35.22999954223633,35.61000061035156,35.06999969482422,35.54999923706055,34.89335250854492
2020-01-22,804400,35.33000183105469,35.41999816894531,35.0,35.209999084472656,34.55963134765625
2020-01-21,592500,34.599998474121094,35.290000915527344,34.40999984741211,35.25,34.59889602661133
2020-01-17,475400,34.619998931884766,34.68000030517578,34.400001525878906,34.54999923706055,33.911827087402344
2020-01-16,551100,34.04999923706055,34.529998779296875,33.900001525878906,34.52000045776367,33.882381439208984
2020-01-15,988700,33.43000030517578,34.02000045776367,33.43000030517578,33.93000030517578,33.30327606201172
2020-01-14,687000,33.619998931884766,33.72999954223633,33.2599983215332,33.34000015258789,32.72417449951172
2020-01-13,540900,33.22999954223633,33.709999084472656,33.22999954223633,33.70000076293945,33.0775260925293
2020-01-10,524400,33.0,33.2599983215332,32.88999938964844,33.2599983215332,32.645652770996094
2020-01-09,418500,32.88999938964844,33.13999938964844,32.75,33.04999923706055,32.43952941894531
2020-01-08,481700,33.02000045776367,33.099998474121094,32.779998779296875,32.90999984741211,32.30211639404297
2020-01-07,467200,33.220001220703125,33.380001068115234,32.81999969482422,33.06999969482422,32.459163665771484
2020-01-06,519100,33.11000061035156,33.529998779296875,32.9900016784668,33.33000183105469,32.71436309814453
2020-01-03,789300,32.529998779296875,33.22999954223633,32.529998779296875,33.20000076293945,32.586761474609375
2020-01-02,873100,33.529998779296875,33.529998779296875,32.369998931884766,32.689998626708984,32.086177825927734
2019-12-31,738300,33.08000183105469,33.41999816894531,32.900001525878906,33.369998931884766,32.75362014770508
2019-12-30,381300,32.779998779296875,33.099998474121094,32.720001220703125,33.099998474121094,32.488609313964844
2019-12-27,502200,32.91999816894531,32.959999084472656,32.7599983215332,32.88999938964844,32.28248596191406
2019-12-26,688200,32.70000076293945,32.83000183105469,32.630001068115234,32.83000183105469,32.22359848022461
2019-12-24,233500,32.72999954223633,32.790000915527344,32.54999923706055,32.650001525878906,32.04692459106445
2019-12-23,548900,32.880001068115234,32.93000030517578,32.599998474121094,32.650001525878906,32.04692459106445
2019-12-20,2859100,32.97999954223633,33.11000061035156,32.720001220703125,32.7599983215332,32.15488815307617
2019-12-19,825700,32.66999816894531,33.02000045776367,32.61000061035156,32.88999938964844,32.28248596191406
2019-12-18,731000,32.25,32.77000045776367,32.16999816894531,32.650001525878906,32.04692459106445
2019-12-17,658600,32.5099983215332,32.619998931884766,32.130001068115234,32.16999816894531,31.57578468322754
2019-12-16,1049100,32.400001525878906,32.59000015258789,32.029998779296875,32.4900016784668,31.889877319335938
2019-12-13,1030000,32.33000183105469,32.630001068115234,31.979999542236328,32.27000045776367,31.673938751220703
2019-12-12,938700,32.970001220703125,33.220001220703125,32.34000015258789,32.36000061035156,31.76227569580078
2019-12-11,993800,33.34000015258789,33.4900016784668,32.66999816894531,32.849998474121094,32.24322509765625
2019-12-10,829000,33.529998779296875,33.63999938964844,33.31999969482422,33.400001525878906,32.7830696105957
2019-12-09,1146100,33.29999923706055,33.72999954223633,33.2599983215332,33.45000076293945,32.8321418762207
2019-12-06,861600,33.220001220703125,33.439998626708984,33.11000061035156,33.209999084472656,32.59657669067383
2019-12-05,620500,33.060001373291016,33.29999923706055,33.029998779296875,33.189998626708984,32.57694625854492
2019-12-04,582400,33.099998474121094,33.34000015258789,33.06999969482422,33.16999816894531,32.55731201171875
2019-12-03,555900,32.81999969482422,33.16999816894531,32.790000915527344,33.119998931884766,32.50823974609375
2019-12-02,660600,33.099998474121094,33.16999816894531,32.70000076293945,32.77000045776367,32.164703369140625
2019-11-29,394300,33.470001220703125,33.619998931884766,33.150001525878906,33.189998626708984,32.57694625854492
2019-11-27,669100,32.939998626708984,33.54999923706055,32.88999938964844,33.529998779296875,32.91066360473633
2019-11-26,1510400,32.72999954223633,33.310001373291016,32.65999984741211,32.959999084472656,32.351192474365234
2019-11-25,1920300,31.90999984741211,32.43000030517578,31.8700008392334,32.27000045776367,31.673938751220703
2019-11-22,627100,32.11000061035156,32.130001068115234,31.690000534057617,31.809999465942383,31.2224349975586
2019-11-21,666900,32.599998474121094,32.72999954223633,31.989999771118164,32.0,31.40892601013184
2019-11-20,1232900,32.619998931884766,32.84000015258789,32.439998626708984,32.61000061035156,32.007659912109375
2019-11-19,1432500,32.720001220703125,32.790000915527344,32.5,32.599998474121094,31.99784278869629
2019-11-18,686100,32.43000030517578,32.75,32.38999938964844,32.619998931884766,32.01747512817383
2019-11-15,1150800,32.099998474121094,32.45000076293945,32.040000915527344,32.40999984741211,31.811351776123047
2019-11-14,583600,32.09000015258789,32.20000076293945,31.950000762939453,32.099998474121094,31.507078170776367
2019-11-13,800700,31.729999542236328,32.11000061035156,31.729999542236328,31.96999931335449,31.37948036193848
2019-11-12,683600,32.060001373291016,32.439998626708984,31.96999931335449,32.02000045776367,31.13409805297852
2019-11-11,649100,32.209999084472656,32.36000061035156,31.84000015258789,32.060001373291016,31.172992706298828
2019-11-08,1076700,32.099998474121094,32.56999969482422,32.04999923706055,32.18000030517578,31.2896728515625
2019-11-07,711300,32.470001220703125,32.470001220703125,31.729999542236328,32.18000030517578,31.2896728515625
2019-11-06,1154600,32.650001525878906,32.720001220703125,32.40999984741211,32.540000915527344,31.63971328735352
2019-11-05,1419000,33.900001525878906,33.900001525878906,32.25,32.470001220703125,31.57164764404297
2019-11-04,1333500,34.779998779296875,34.83000183105469,33.880001068115234,33.9900016784668,33.049598693847656
2019-11-01,594200,34.83000183105469,34.88999938964844,34.29999923706055,34.7599983215332,33.79829025268555
2019-10-31,685600,34.70000076293945,34.88999938964844,34.470001220703125,34.77000045776367,33.80801010131836
2019-10-30,420900,34.150001525878906,34.7400016784668,34.11000061035156,34.630001068115234,33.6718864440918
2019-10-29,731800,33.90999984741211,34.36000061035156,33.90999984741211,34.18000030517578,33.234336853027344
2019-10-28,741000,33.779998779296875,34.0099983215332,33.709999084472656,33.95000076293945,33.01070022583008
2019-10-25,571200,34.29999923706055,34.29999923706055,33.66999816894531,33.84000015258789,32.903743743896484
2019-10-24,846400,34.470001220703125,34.470001220703125,34.119998931884766,34.310001373291016,33.360740661621094
2019-10-23,655400,34.130001068115234,34.470001220703125,33.86000061035156,34.400001525878906,33.44824981689453
2019-10-22,671000,34.29999923706055,34.369998931884766,33.93000030517578,34.0099983215332,33.06903839111328
2019-10-21,761500,34.06999969482422,34.13999938964844,33.810001373291016,34.130001068115234,33.185726165771484
2019-10-18,549600,33.869998931884766,34.150001525878906,33.810001373291016,34.029998779296875,33.0884895324707
2019-10-17,1132000,33.52000045776367,33.95000076293945,33.5,33.90999984741211,32.97180938720703
2019-10-16,854800,33.380001068115234,33.54999923706055,33.2599983215332,33.52000045776367,32.59259796142578
2019-10-15,611100,33.650001525878906,33.650001525878906,33.279998779296875,33.40999984741211,32.48564147949219
2019-10-14,342600,33.779998779296875,33.779998779296875,33.56999969482422,33.619998931884766,32.6898307800293
2019-10-11,604000,33.849998474121094,34.04999923706055,33.61000061035156,33.70000076293945,32.767616271972656
2019-10-10,441200,33.95000076293945,34.04999923706055,33.7400016784668,33.81999969482422,32.884300231933594
2019-10-09,337300,34.06999969482422,34.16999816894531,33.84000015258789,33.900001525878906,32.96208190917969
2019-10-08,517200,34.0,34.119998931884766,33.709999084472656,33.880001068115234,32.9426383972168
2019-10-07,734300,33.68000030517578,34.38999938964844,33.68000030517578,33.97999954223633,33.03987121582031
2019-10-04,630800,33.86000061035156,33.97999954223633,33.59000015258789,33.869998931884766,32.93291091918945
2019-10-03,760500,33.25,33.88999938964844,33.25,33.83000183105469,32.89402389526367
2019-10-02,604300,33.290000915527344,33.41999816894531,33.0099983215332,33.25,32.3300666809082
2019-10-01,602100,33.5,33.5,33.02000045776367,33.15999984741211,32.242557525634766
2019-09-30,660700,33.470001220703125,33.79999923706055,33.439998626708984,33.5,32.57315444946289
2019-09-27,649500,33.58000183105469,33.65999984741211,33.349998474121094,33.5,32.57315444946289
2019-09-26,446400,33.459999084472656,33.650001525878906,33.349998474121094,33.5,32.57315444946289
2019-09-25,726100,33.2400016784668,33.4900016784668,33.20000076293945,33.349998474121094,32.42729949951172
2019-09-24,781500,33.41999816894531,33.54999923706055,33.09000015258789,33.220001220703125,32.300899505615234
2019-09-23,531900,33.119998931884766,33.5099983215332,33.119998931884766,33.349998474121094,32.42729949951172
2019-09-20,1791600,33.380001068115234,33.689998626708984,33.099998474121094,33.15999984741211,32.242557525634766
2019-09-19,549900,33.349998474121094,33.4900016784668,33.220001220703125,33.29999923706055,32.378684997558594
2019-09-18,629200,33.540000915527344,33.619998931884766,32.970001220703125,33.20000076293945,32.28145217895508
2019-09-17,658800,32.959999084472656,33.470001220703125,32.959999084472656,33.380001068115234,32.45647430419922
2019-09-16,866000,32.63999938964844,32.9900016784668,32.41999816894531,32.86000061035156,31.95085906982422
2019-09-13,1134300,33.279998779296875,33.689998626708984,32.40999984741211,32.560001373291016,31.659162521362305
2019-09-12,1056100,33.529998779296875,33.709999084472656,33.150001525878906,33.369998931884766,32.44674301147461
2019-09-11,1269200,32.59000015258789,33.189998626708984,32.459999084472656,33.150001525878906,32.23283767700195
2019-09-10,830600,33.13999938964844,33.2599983215332,32.36000061035156,32.599998474121094,31.69804954528809
2019-09-09,889300,33.52000045776367,33.56999969482422,33.279998779296875,33.34000015258789,32.41757583618164
2019-09-06,522900,33.310001373291016,33.630001068115234,33.220001220703125,33.599998474121094,32.67038345336914
2019-09-05,859600,33.77000045776367,33.79999923706055,33.18000030517578,33.25,32.3300666809082
2019-09-04,668800,33.75,33.88999938964844,33.58000183105469,33.810001373291016,32.87457275390625
2019-09-03,729000,33.16999816894531,33.7599983215332,33.13999938964844,33.56999969482422,32.641212463378906
2019-08-30,673400,33.02000045776367,33.29999923706055,32.90999984741211,33.22999954223633,32.31061935424805
2019-08-29,776800,33.06999969482422,33.119998931884766,32.84000015258789,33.04999923706055,32.13560104370117
2019-08-28,528800,32.709999084472656,32.97999954223633,32.650001525878906,32.88999938964844,31.980026245117188
2019-08-27,810300,33.02000045776367,33.279998779296875,32.709999084472656,32.720001220703125,31.81473159790039
2019-08-26,672700,32.560001373291016,32.79999923706055,32.31999969482422,32.790000915527344,31.882797241210938
2019-08-23,1047900,32.869998931884766,33.220001220703125,32.310001373291016,32.36000061035156,31.46469116210937
2019-08-22,958500,32.81999969482422,33.0099983215332,32.630001068115234,32.93000030517578,32.018924713134766
2019-08-21,626900,32.97999954223633,33.13999938964844,32.7400016784668,32.7599983215332,31.85362434387207
2019-08-20,511400,33.34000015258789,33.369998931884766,32.88999938964844,32.93000030517578,32.018924713134766
2019-08-19,543200,33.22999954223633,33.38999938964844,32.91999816894531,33.22999954223633,32.31061935424805
2019-08-16,798100,32.90999984741211,33.220001220703125,32.4900016784668,33.06999969482422,32.15504837036133
2019-08-15,679900,32.56999969482422,33.029998779296875,32.4900016784668,32.91999816894531,32.00919342041016
2019-08-14,520400,32.650001525878906,32.79999923706055,32.459999084472656,32.5,31.60081672668457
2019-08-13,619100,32.970001220703125,33.11000061035156,32.66999816894531,33.040000915527344,31.834178924560547
2019-08-12,326100,32.97999954223633,33.2599983215332,32.900001525878906,32.97999954223633,31.77636909484864
2019-08-09,497200,33.02000045776367,33.18000030517578,32.79999923706055,33.0,31.795637130737305
2019-08-08,934600,32.9900016784668,33.27000045776367,32.619998931884766,33.11000061035156,31.9016227722168
2019-08-07,683600,32.20000076293945,33.15999984741211,31.93000030517578,32.93000030517578,31.72819328308105
2019-08-06,819100,31.89999961853028,32.41999816894531,31.81999969482422,32.2599983215332,31.082643508911133
2019-08-05,1160500,32.060001373291016,32.119998931884766,31.459999084472656,31.920000076293945,30.75505256652832
2019-08-02,678300,31.65999984741211,32.2599983215332,31.600000381469727,32.150001525878906,30.97665977478028
2019-08-01,1103100,31.950000762939453,32.08000183105469,31.690000534057617,31.799999237060547,30.63943290710449
2019-07-31,926800,32.209999084472656,32.790000915527344,31.93000030517578,31.979999542236328,30.812864303588867
2019-07-30,646900,32.16999816894531,32.66999816894531,32.16999816894531,32.599998474121094,31.410234451293945
2019-07-29,606100,32.130001068115234,32.459999084472656,32.130001068115234,32.34000015258789,31.15972328186035
2019-07-26,678000,31.84000015258789,32.06999969482422,31.6200008392334,32.0,30.83213424682617
2019-07-25,1073600,32.06999969482422,32.16999816894531,31.559999465942383,31.71999931335449,30.562349319458008
2019-07-24,689100,32.09000015258789,32.18000030517578,31.700000762939453,32.06999969482422,30.899578094482425
2019-07-23,647000,31.88999938964844,32.08000183105469,31.63999938964844,32.02000045776367,30.851402282714844
2019-07-22,440000,32.02000045776367,32.189998626708984,31.64999961853028,31.790000915527344,30.629796981811523
2019-07-19,426000,32.470001220703125,32.650001525878906,31.81999969482422,31.90999984741211,30.745418548583984
2019-07-18,448700,32.290000915527344,32.68000030517578,32.18000030517578,32.54999923706055,31.362058639526367
2019-07-17,482600,32.279998779296875,32.56999969482422,32.119998931884766,32.33000183105469,31.15009307861328
2019-07-16,574500,32.209999084472656,32.40999984741211,32.0099983215332,32.22999954223633,31.05373764038086
2019-07-15,349300,32.689998626708984,32.849998474121094,32.380001068115234,32.43000030517578,31.24644088745117
2019-07-12,505700,32.70000076293945,32.77000045776367,32.470001220703125,32.56999969482422,31.381330490112305
2019-07-11,534300,33.119998931884766,33.189998626708984,32.599998474121094,32.65999984741211,31.46804618835449
2019-07-10,924400,33.02000045776367,33.34000015258789,32.88999938964844,33.18000030517578,31.96906852722168
2019-07-09,737200,32.720001220703125,32.90999984741211,32.689998626708984,32.849998474121094,31.65110969543457
2019-07-08,790800,32.31999969482422,33.040000915527344,32.31999969482422,32.75,31.554759979248047
2019-07-05,611700,32.040000915527344,32.560001373291016,31.68000030517578,32.369998931884766,31.188629150390625
2019-07-03,587200,32.060001373291016,32.560001373291016,32.060001373291016,32.45000076293945,31.26571273803711
2019-07-02,693800,31.3700008392334,32.040000915527344,31.280000686645508,31.989999771118164,30.82249641418457
2019-07-01,701300,31.440000534057617,31.450000762939453,30.76000022888184,31.290000915527344,30.14804649353028
2019-06-28,1704800,31.170000076293945,31.51000022888184,31.170000076293945,31.31999969482422,30.17695045471192
2019-06-27,691300,30.940000534057617,31.200000762939453,30.81999969482422,31.200000762939453,30.06133079528809
2019-06-26,736700,31.89999961853028,31.93000030517578,30.709999084472656,30.809999465942383,29.685562133789062
2019-06-25,820700,32.25,32.619998931884766,31.93000030517578,31.93000030517578,30.76468849182129
2019-06-24,764000,32.650001525878906,32.81999969482422,32.150001525878906,32.20000076293945,31.024831771850582
2019-06-21,1935800,32.91999816894531,32.91999816894531,32.34000015258789,32.529998779296875,31.342788696289062
2019-06-20,660700,33.33000183105469,33.5099983215332,33.130001068115234,33.150001525878906,31.94016456604004
2019-06-19,735500,32.7599983215332,33.2400016784668,32.560001373291016,33.16999816894531,31.959428787231445
2019-06-18,428400,33.119998931884766,33.36000061035156,32.63999938964844,32.849998474121094,31.65110969543457
2019-06-17,581600,32.59000015258789,33.0099983215332,32.540000915527344,32.959999084472656,31.757099151611328
2019-06-14,519200,32.599998474121094,32.970001220703125,32.540000915527344,32.58000183105469,31.39096641540528
2019-06-13,551000,32.560001373291016,32.7599983215332,32.5099983215332,32.650001525878906,31.45841407775879
2019-06-12,571800,32.45000076293945,32.77000045776367,32.43000030517578,32.560001373291016,31.3716983795166
2019-06-11,875700,32.290000915527344,32.380001068115234,31.940000534057617,32.31999969482422,31.140453338623047
2019-06-10,495500,32.56999969482422,32.56999969482422,32.150001525878906,32.2400016784668,31.06337547302246
2019-06-07,589500,32.70000076293945,32.900001525878906,32.59000015258789,32.630001068115234,31.43914222717285
2019-06-06,698900,32.459999084472656,32.599998474121094,32.22999954223633,32.540000915527344,31.352426528930664
2019-06-05,662100,31.93000030517578,32.41999816894531,31.850000381469727,32.369998931884766,31.188629150390625
2019-06-04,773400,32.15999984741211,32.15999984741211,31.420000076293945,31.799999237060547,30.63943290710449
2019-06-03,768100,32.349998474121094,32.380001068115234,32.0099983215332,32.18000030517578,31.005565643310547
2019-05-31,772800,31.850000381469727,32.310001373291016,31.790000915527344,32.2400016784668,31.06337547302246
2019-05-30,827300,31.809999465942383,32.08000183105469,31.809999465942383,31.989999771118164,30.82249641418457
2019-05-29,675500,31.93000030517578,31.96999931335449,31.61000061035156,31.76000022888184,30.60089111328125
2019-05-28,756500,32.560001373291016,32.61000061035156,31.950000762939453,31.96999931335449,30.8032283782959
2019-05-24,571300,32.209999084472656,32.5,32.15999984741211,32.459999084472656,31.27534484863281
2019-05-23,717600,32.040000915527344,32.18000030517578,32.0,32.119998931884766,30.94775390625
2019-05-22,375700,32.08000183105469,32.209999084472656,31.959999084472656,32.15999984741211,30.98629379272461
2019-05-21,489600,31.88999938964844,32.189998626708984,31.82999992370605,32.04999923706055,30.88030815124512
2019-05-20,945400,31.96999931335449,32.150001525878906,31.709999084472656,31.790000915527344,30.629796981811523
2019-05-17,1087600,31.84000015258789,32.119998931884766,31.739999771118164,32.04999923706055,30.88030815124512
2019-05-16,956900,31.479999542236328,32.09000015258789,31.40999984741211,31.93000030517578,30.76468849182129
2019-05-15,1803700,31.15999984741211,31.56999969482422,31.09000015258789,31.489999771118164,30.34074592590332
2019-05-14,1223200,31.040000915527344,31.309999465942383,30.850000381469727,31.21999931335449,30.08059883117676
2019-05-13,719100,30.82999992370605,31.36000061035156,30.780000686645508,31.280000686645508,29.84935760498047
2019-05-10,509400,30.61000061035156,30.89999961853028,30.489999771118164,30.86000061035156,29.44856834411621
2019-05-09,596200,30.209999084472656,30.729999542236328,29.989999771118164,30.700000762939453,29.29588508605957
2019-05-08,471500,30.63999938964844,30.8700008392334,30.209999084472656,30.21999931335449,28.83783912658692
2019-05-07,802800,30.82999992370605,30.959999084472656,30.309999465942383,30.530000686645508,29.1336612701416
2019-05-06,641800,31.190000534057617,31.450000762939453,30.93000030517578,30.979999542236328,29.563077926635746
2019-05-03,543600,30.8799991607666,31.3700008392334,30.739999771118164,31.299999237060547,29.868444442749023
2019-05-02,830300,30.65999984741211,31.11000061035156,30.549999237060547,30.770000457763672,29.36268615722656
2019-05-01,849600,30.959999084472656,31.13999938964844,30.670000076293945,30.729999542236328,29.32451438903809
2019-04-30,586800,30.559999465942383,30.959999084472656,30.459999084472656,30.8799991607666,29.467653274536133
2019-04-29,499000,30.82999992370605,30.920000076293945,30.51000022888184,30.51000022888184,29.11457633972168
2019-04-26,453900,30.790000915527344,31.049999237060547,30.600000381469727,30.81999969482422,29.41039657592773
2019-04-25,584900,30.57999992370605,30.809999465942383,30.46999931335449,30.65999984741211,29.257715225219727
2019-04-24,371800,30.64999961853028,31.01000022888184,30.64999961853028,30.770000457763672,29.36268615722656
2019-04-23,592600,30.11000061035156,30.709999084472656,30.01000022888184,30.530000686645508,29.1336612701416
2019-04-22,744500,30.5,30.5,29.6299991607666,29.959999084472656,28.58972930908203
2019-04-18,400500,30.020000457763672,30.670000076293945,29.96999931335449,30.530000686645508,29.1336612701416
2019-04-17,722700,31.059999465942383,31.059999465942383,29.96999931335449,30.020000457763672,28.64698600769043
2019-04-16,671300,31.75,31.75,30.780000686645508,30.979999542236328,29.563077926635746
2019-04-15,496000,31.88999938964844,31.90999984741211,31.63999938964844,31.68000030517578,30.23106384277344
2019-04-12,636000,31.950000762939453,31.950000762939453,31.5,31.84000015258789,30.38374710083008
2019-04-11,438300,32.06999969482422,32.16999816894531,31.84000015258789,31.96999931335449,30.50779914855957
2019-04-10,602700,31.86000061035156,32.209999084472656,31.780000686645508,32.099998474121094,30.63185310363769
2019-04-09,387500,31.93000030517578,32.0,31.65999984741211,31.71999931335449,30.26923370361328
2019-04-08,524500,32.279998779296875,32.43000030517578,31.8700008392334,31.90999984741211,30.45054626464844
2019-04-05,839900,32.099998474121094,32.439998626708984,32.0,32.380001068115234,30.8990478515625
2019-04-04,569400,32.310001373291016,32.310001373291016,31.8700008392334,32.099998474121094,30.63185310363769
2019-04-03,498500,32.27000045776367,32.380001068115234,31.940000534057617,32.279998779296875,30.80362129211425
2019-04-02,741800,32.0,32.220001220703125,31.520000457763672,32.189998626708984,30.71773910522461
2019-04-01,855500,32.119998931884766,32.119998931884766,31.6299991607666,31.93000030517578,30.469629287719727
2019-03-29,876100,32.459999084472656,32.5099983215332,31.96999931335449,32.11000061035156,30.64139747619629
2019-03-28,547300,32.5099983215332,32.61000061035156,32.06999969482422,32.439998626708984,30.956302642822266
2019-03-27,668100,32.59000015258789,32.7599983215332,32.25,32.40999984741211,30.92767906188965
2019-03-26,378200,32.33000183105469,32.599998474121094,32.209999084472656,32.59000015258789,31.099441528320312
2019-03-25,913100,31.81999969482422,32.38999938964844,31.600000381469727,32.189998626708984,30.71773910522461
2019-03-22,1023600,32.06999969482422,32.40999984741211,31.700000762939453,31.81999969482422,30.36465835571289
2019-03-21,1237800,31.540000915527344,32.369998931884766,31.520000457763672,32.20000076293945,30.727279663085938
2019-03-20,963200,31.540000915527344,31.950000762939453,31.270000457763672,31.61000061035156,30.16426658630371
2019-03-19,676400,31.600000381469727,31.65999984741211,31.440000534057617,31.51000022888184,30.06884002685547
2019-03-18,1172000,32.119998931884766,32.2599983215332,31.3700008392334,31.600000381469727,30.15472221374512
2019-03-15,3862300,31.8700008392334,32.220001220703125,31.690000534057617,32.060001373291016,30.59368324279785
2019-03-14,460700,31.82999992370605,31.940000534057617,31.71999931335449,31.89999961853028,30.441001892089844
2019-03-13,628100,31.75,31.959999084472656,31.75,31.770000457763672,30.31694793701172
2019-03-12,568900,31.770000457763672,31.86000061035156,31.63999938964844,31.709999084472656,30.25969123840332
2019-03-11,600500,31.40999984741211,31.780000686645508,31.26000022888184,31.780000686645508,30.326488494873047
2019-03-08,469400,31.32999992370605,31.63999938964844,31.14999961853028,31.290000915527344,29.858901977539062
2019-03-07,434900,31.36000061035156,31.75,31.200000762939453,31.290000915527344,29.858901977539062
2019-03-06,496600,31.65999984741211,31.68000030517578,31.15999984741211,31.280000686645508,29.84935760498047
2019-03-05,539600,31.56999969482422,31.790000915527344,31.530000686645508,31.63999938964844,30.19289207458496
2019-03-04,594800,31.68000030517578,31.75,31.290000915527344,31.6299991607666,30.183349609375
2019-03-01,987500,31.65999984741211,31.790000915527344,31.350000381469727,31.600000381469727,30.15472221374512
2019-02-28,833500,31.770000457763672,32.029998779296875,31.559999465942383,31.64999961853028,30.20243453979492
2019-02-27,445400,31.700000762939453,31.940000534057617,31.299999237060547,31.76000022888184,30.30740547180176
2019-02-26,390100,32.25,32.36000061035156,31.86000061035156,31.950000762939453,30.48871612548828
2019-02-25,435200,32.400001525878906,32.5,32.130001068115234,32.16999816894531,30.698650360107425
2019-02-22,453000,32.209999084472656,32.5099983215332,32.0099983215332,32.36000061035156,30.87996292114257
2019-02-21,508400,31.86000061035156,32.15999984741211,31.71999931335449,32.099998474121094,30.63185310363769
2019-02-20,877700,32.77000045776367,32.900001525878906,32.040000915527344,32.279998779296875,30.51734161376953
2019-02-19,628400,32.75,32.97999954223633,32.56999969482422,32.79999923706055,31.008947372436523
2019-02-15,667900,32.790000915527344,32.83000183105469,32.310001373291016,32.790000915527344,30.999494552612305
2019-02-14,899300,32.11000061035156,32.810001373291016,32.02000045776367,32.58000183105469,30.80096244812012
2019-02-13,535100,31.8700008392334,32.189998626708984,31.81999969482422,32.13999938964844,30.384984970092773
2019-02-12,441300,32.66999816894531,32.66999816894531,31.90999984741211,31.940000534057617,30.19590950012207
2019-02-11,381900,32.560001373291016,32.83000183105469,32.470001220703125,32.70000076293945,30.91440963745117
2019-02-08,333200,32.5099983215332,32.790000915527344,32.41999816894531,32.59000015258789,30.810415267944336
2019-02-07,434700,32.16999816894531,32.689998626708984,31.959999084472656,32.619998931884766,30.83877754211425
2019-02-06,314500,32.15999984741211,32.22999954223633,31.90999984741211,32.189998626708984,30.4322566986084
2019-02-05,385700,32.2400016784668,32.25,31.81999969482422,32.15999984741211,30.40389442443848
2019-02-04,427700,31.540000915527344,32.20000076293945,31.489999771118164,32.189998626708984,30.4322566986084
2019-02-01,641100,32.290000915527344,32.380001068115234,31.309999465942383,31.690000534057617,29.95956039428711
2019-01-31,658500,31.950000762939453,32.34000015258789,31.6299991607666,32.290000915527344,30.526798248291016
2019-01-30,566000,31.75,32.06999969482422,31.600000381469727,31.989999771118164,30.24317741394043
2019-01-29,429600,31.3700008392334,31.75,31.32999992370605,31.739999771118164,30.00682640075684
2019-01-28,802400,31.270000457763672,31.59000015258789,31.1299991607666,31.31999969482422,29.609764099121094
2019-01-25,687600,30.940000534057617,31.440000534057617,30.93000030517578,31.38999938964844,29.67594146728516
2019-01-24,265000,30.809999465942383,31.059999465942383,30.520000457763672,30.90999984741211,29.222152709960938
2019-01-23,431900,30.540000915527344,30.82999992370605,30.43000030517578,30.81999969482422,29.13706588745117
2019-01-22,393000,30.56999969482422,30.690000534057617,30.06999969482422,30.51000022888184,28.843994140625
2019-01-18,430400,30.540000915527344,30.65999984741211,30.18000030517578,30.559999465942383,28.891263961791992
2019-01-17,488400,30.030000686645508,30.56999969482422,30.030000686645508,30.549999237060547,28.88180923461914
2019-01-16,475200,29.84000015258789,30.209999084472656,29.770000457763672,30.18000030517578,28.53201484680176
2019-01-15,466000,29.420000076293945,29.979999542236328,29.39999961853028,29.86000061035156,28.22948837280273
2019-01-14,473700,29.64999961853028,29.75,29.25,29.350000381469727,27.7473373413086
2019-01-11,534400,29.6299991607666,29.809999465942383,29.440000534057617,29.75,28.12549591064453
2019-01-10,467800,29.239999771118164,29.8700008392334,29.09000015258789,29.670000076293945,28.049863815307617
2019-01-09,544300,29.56999969482422,29.64999961853028,28.850000381469727,29.25,27.652795791625977
2019-01-08,609300,29.299999237060547,29.61000061035156,28.86000061035156,29.57999992370605,27.96477699279785
2019-01-07,442200,28.540000915527344,29.07999992370605,28.479999542236328,28.790000915527344,27.217914581298828
2019-01-04,524400,28.459999084472656,29.020000457763672,28.299999237060547,28.5,26.943750381469727
2019-01-03,500000,27.729999542236328,28.729999542236328,27.68000030517578,28.280000686645508,26.73576545715332
2019-01-02,677600,28.15999984741211,28.15999984741211,27.43000030517578,27.690000534057617,26.17798042297364
2018-12-31,560400,28.38999938964844,28.5,28.0,28.440000534057617,26.88702774047852
2018-12-28,520500,28.46999931335449,28.75,28.059999465942383,28.34000015258789,26.7924861907959
2018-12-27,732600,28.100000381469727,28.34000015258789,27.38999938964844,28.34000015258789,26.7924861907959
2018-12-26,527700,27.530000686645508,28.270000457763672,27.07999992370605,28.26000022888184,26.716856002807617
2018-12-24,454400,28.96999931335449,28.979999542236328,27.3700008392334,27.40999984741211,25.91326904296875
2018-12-21,1809100,29.84000015258789,30.31999969482422,28.989999771118164,29.030000686645508,27.44481086730957
2018-12-20,1216800,29.90999984741211,30.100000381469727,29.540000915527344,29.76000022888184,28.13494873046875
2018-12-19,1137600,29.989999771118164,30.190000534057617,29.61000061035156,29.809999465942383,28.182218551635746
2018-12-18,1109400,29.5,30.170000076293945,29.459999084472656,29.89999961853028,28.267303466796875
2018-12-17,817600,30.3799991607666,30.489999771118164,29.309999465942383,29.40999984741211,27.804059982299805
2018-12-14,544800,30.1299991607666,30.350000381469727,30.030000686645508,30.270000457763672,28.61709976196289
2018-12-13,498000,30.170000076293945,30.43000030517578,30.01000022888184,30.200000762939453,28.550922393798828
2018-12-12,671500,30.89999961853028,30.93000030517578,30.06999969482422,30.1200008392334,28.475292205810547
2018-12-11,1490500,31.020000457763672,31.07999992370605,30.68000030517578,30.75,29.07088661193848
2018-12-10,1031600,31.71999931335449,31.71999931335449,30.940000534057617,31.059999465942383,29.36396217346192
2018-12-07,1194500,31.43000030517578,31.739999771118164,31.049999237060547,31.64999961853028,29.92174530029297
2018-12-06,876900,30.729999542236328,31.600000381469727,30.290000915527344,31.59000015258789,29.86502265930176
2018-12-04,779500,31.170000076293945,31.299999237060547,30.64999961853028,30.770000457763672,29.089799880981445
2018-12-03,523000,31.14999961853028,31.14999961853028,30.729999542236328,31.14999961853028,29.449047088623047
2018-11-30,856100,30.6200008392334,31.040000915527344,30.559999465942383,31.0,29.30723762512207
2018-11-29,535000,30.40999984741211,30.63999938964844,30.190000534057617,30.549999237060547,28.88180923461914
2018-11-28,1206600,30.18000030517578,30.6200008392334,29.959999084472656,30.51000022888184,28.843994140625
2018-11-27,832900,29.88999938964844,30.239999771118164,29.6200008392334,30.170000076293945,28.52256202697754
2018-11-26,482400,29.989999771118164,29.989999771118164,29.61000061035156,29.93000030517578,28.2956657409668
2018-11-23,400000,29.6200008392334,30.030000686645508,29.559999465942383,29.799999237060547,28.17276382446289
2018-11-21,591300,29.709999084472656,30.01000022888184,29.540000915527344,29.68000030517578,28.05931663513184
2018-11-20,867300,29.350000381469727,29.93000030517578,29.350000381469727,29.770000457763672,28.1444034576416
2018-11-19,978900,29.270000457763672,29.38999938964844,29.040000915527344,29.3799991607666,27.77569961547852
2018-11-16,985100,28.270000457763672,29.25,28.270000457763672,29.239999771118164,27.64334297180176
2018-11-15,862600,28.31999969482422,28.549999237060547,27.940000534057617,28.440000534057617,26.88702774047852
2018-11-14,558800,28.65999984741211,28.780000686645508,28.34000015258789,28.489999771118164,26.93429374694824
2018-11-13,689700,29.25,29.350000381469727,28.65999984741211,28.8700008392334,27.009929656982425
2018-11-12,1177600,28.96999931335449,29.229999542236328,28.709999084472656,28.739999771118164,26.888303756713867
2018-11-09,495300,28.920000076293945,29.1200008392334,28.739999771118164,28.959999084472656,27.094125747680664
2018-11-08,549600,28.729999542236328,28.96999931335449,28.46999931335449,28.96999931335449,27.103487014770508
2018-11-07,368300,28.63999938964844,28.81999969482422,28.450000762939453,28.780000686645508,26.92572593688965
2018-11-06,512200,28.07999992370605,28.56999969482422,27.88999938964844,28.559999465942383,26.719900131225582
2018-11-05,791100,27.46999931335449,28.32999992370605,27.46999931335449,28.1200008392334,26.308252334594727
2018-11-02,889500,28.309999465942383,28.729999542236328,27.040000915527344,27.489999771118164,25.71884155273437
2018-11-01,1029000,27.950000762939453,28.229999542236328,27.690000534057617,28.18000030517578,26.36438369750977
2018-10-31,1228600,28.979999542236328,28.979999542236328,27.850000381469727,27.86000061035156,26.064998626708984
2018-10-30,665600,28.71999931335449,29.1299991607666,28.5,28.93000030517578,27.06606101989746
2018-10-29,687500,28.61000061035156,28.8700008392334,28.40999984741211,28.6200008392334,26.776037216186523
2018-10-26,714900,28.82999992370605,28.89999961853028,28.100000381469727,28.3799991607666,26.551498413085938
2018-10-25,917700,28.6200008392334,28.940000534057617,28.18000030517578,28.790000915527344,26.935083389282227
2018-10-24,743500,28.18000030517578,28.90999984741211,28.15999984741211,28.709999084472656,26.8602352142334
2018-10-23,569600,27.76000022888184,28.39999961853028,27.76000022888184,28.15999984741211,26.345672607421875
2018-10-22,593000,28.450000762939453,28.65999984741211,27.88999938964844,27.88999938964844,26.09306907653809
2018-10-19,562100,28.11000061035156,28.3799991607666,28.01000022888184,28.32999992370605,26.50472068786621
2018-10-18,950600,28.040000915527344,28.1299991607666,27.8700008392334,28.11000061035156,26.29889488220215
2018-10-17,824400,28.09000015258789,28.3799991607666,27.81999969482422,28.100000381469727,26.289539337158203
2018-10-16,984400,27.39999961853028,28.209999084472656,27.18000030517578,28.100000381469727,26.289539337158203
2018-10-15,1001400,27.01000022888184,27.459999084472656,26.979999542236328,27.299999237060547,25.54108238220215
2018-10-12,1176300,27.39999961853028,27.559999465942383,27.01000022888184,27.100000381469727,25.353967666625977
2018-10-11,1304900,28.690000534057617,28.690000534057617,27.270000457763672,27.34000015258789,25.57850456237793
2018-10-10,864700,28.59000015258789,29.06999969482422,28.530000686645508,28.68000030517578,26.83216857910156
2018-10-09,1256300,28.540000915527344,28.82999992370605,28.3799991607666,28.690000534057617,26.841527938842773
2018-10-08,598100,27.81999969482422,28.61000061035156,27.81999969482422,28.5,26.66376686096192
2018-10-05,578400,27.600000381469727,28.07999992370605,27.600000381469727,27.790000915527344,25.999515533447266
2018-10-04,1038200,27.51000022888184,27.76000022888184,27.1299991607666,27.56999969482422,25.793685913085938
2018-10-03,903800,28.450000762939453,28.57999992370605,27.61000061035156,27.71999931335449,25.934022903442383
2018-10-02,1019900,28.739999771118164,28.89999961853028,28.40999984741211,28.420000076293945,26.58892059326172
2018-10-01,834000,29.299999237060547,29.32999992370605,28.75,28.770000457763672,26.916372299194336
2018-09-28,1240100,28.600000381469727,29.26000022888184,28.600000381469727,29.26000022888184,27.374801635742188
2018-09-27,588000,28.6200008392334,28.950000762939453,28.559999465942383,28.600000381469727,26.75732421875
2018-09-26,610400,29.0,29.059999465942383,28.479999542236328,28.530000686645508,26.691835403442383
2018-09-25,512400,29.020000457763672,29.21999931335449,28.8700008392334,28.979999542236328,27.112842559814453
2018-09-24,514300,29.459999084472656,29.479999542236328,28.770000457763672,28.979999542236328,27.112842559814453
2018-09-21,1036700,29.56999969482422,29.8700008392334,29.479999542236328,29.520000457763672,27.6180477142334
2018-09-20,486400,29.40999984741211,29.64999961853028,29.209999084472656,29.64999961853028,27.73967170715332
2018-09-19,448800,30.020000457763672,30.020000457763672,29.299999237060547,29.38999938964844,27.49642372131348
2018-09-18,939900,30.11000061035156,30.14999961853028,29.780000686645508,30.0,28.06712532043457
2018-09-17,501200,29.8799991607666,30.1299991607666,29.799999237060547,30.11000061035156,28.17003631591797
2018-09-14,724500,30.290000915527344,30.43000030517578,29.84000015258789,29.90999984741211,27.9829216003418
2018-09-13,511400,30.32999992370605,30.5,30.170000076293945,30.38999938964844,28.43199348449707
2018-09-12,690400,30.11000061035156,30.229999542236328,29.959999084472656,30.21999931335449,28.27294540405273
2018-09-11,748000,30.020000457763672,30.209999084472656,29.88999938964844,30.06999969482422,28.132614135742188
2018-09-10,789400,30.190000534057617,30.40999984741211,30.0,30.13999938964844,28.198102951049805
2018-09-07,604800,30.530000686645508,30.530000686645508,29.90999984741211,30.040000915527344,28.10454750061035
2018-09-06,433400,30.6200008392334,30.729999542236328,30.520000457763672,30.68000030517578,28.70330810546875
2018-09-05,555300,30.25,30.670000076293945,30.21999931335449,30.530000686645508,28.562976837158203
2018-09-04,466900,30.8700008392334,31.01000022888184,30.280000686645508,30.32999992370605,28.37586212158203
2018-08-31,700500,30.8700008392334,31.15999984741211,30.81999969482422,30.959999084472656,28.96526908874512
2018-08-30,398000,31.1200008392334,31.14999961853028,30.809999465942383,30.8799991607666,28.890424728393555
2018-08-29,402200,31.0,31.1299991607666,30.93000030517578,31.020000457763672,29.021408081054688
2018-08-28,564700,30.59000015258789,30.950000762939453,30.43000030517578,30.950000762939453,28.95591735839844
2018-08-27,523200,30.790000915527344,30.790000915527344,30.43000030517578,30.57999992370605,28.609752655029297
2018-08-24,438800,30.6200008392334,30.81999969482422,30.530000686645508,30.71999931335449,28.740732192993164
2018-08-23,527100,30.8700008392334,30.90999984741211,30.71999931335449,30.729999542236328,28.75009155273437
2018-08-22,561300,30.799999237060547,30.89999961853028,30.489999771118164,30.729999542236328,28.75009155273437
2018-08-21,503900,30.61000061035156,30.940000534057617,30.489999771118164,30.850000381469727,28.86236000061035
2018-08-20,902900,30.96999931335449,31.25,30.709999084472656,30.71999931335449,28.740732192993164
2018-08-17,1072400,30.38999938964844,30.920000076293945,30.3799991607666,30.790000915527344,28.80622673034668
2018-08-16,1843700,30.32999992370605,30.5,29.670000076293945,30.3799991607666,28.42263984680176
2018-08-15,968200,30.350000381469727,31.0,30.280000686645508,30.920000076293945,28.92784881591797
2018-08-14,500500,29.8700008392334,30.39999961853028,29.8700008392334,30.309999465942383,28.357149124145508
2018-08-13,700000,30.059999465942383,30.25,29.61000061035156,30.1299991607666,27.908077239990234
2018-08-10,490700,30.459999084472656,30.57999992370605,30.09000015258789,30.09000015258789,27.87102508544922
2018-08-09,421500,30.559999465942383,30.709999084472656,30.489999771118164,30.540000915527344,28.287841796875
2018-08-08,682800,30.96999931335449,31.1299991607666,30.43000030517578,30.440000534057617,28.195219039916992
2018-08-07,574900,30.88999938964844,31.030000686645508,30.61000061035156,30.989999771118164,28.70465850830078
2018-08-06,912100,30.64999961853028,31.059999465942383,30.59000015258789,30.8700008392334,28.59350776672364
2018-08-03,676000,29.950000762939453,30.700000762939453,29.950000762939453,30.57999992370605,28.32489013671875
2018-08-02,613700,29.690000534057617,29.96999931335449,29.63999938964844,29.93000030517578,27.72282600402832
2018-08-01,906600,29.459999084472656,29.790000915527344,29.1200008392334,29.780000686645508,27.583887100219727
2018-07-31,1040000,29.190000534057617,29.959999084472656,29.14999961853028,29.709999084472656,27.5190486907959
2018-07-30,915400,29.14999961853028,29.14999961853028,28.81999969482422,29.09000015258789,26.944766998291016
2018-07-27,1741200,29.709999084472656,29.709999084472656,28.81999969482422,29.209999084472656,27.0559196472168
2018-07-26,1227400,29.559999465942383,29.790000915527344,29.489999771118164,29.6299991607666,27.44495010375977
2018-07-25,1895500,29.15999984741211,29.56999969482422,29.06999969482422,29.489999771118164,27.31527137756348
2018-07-24,1039800,29.07999992370605,29.229999542236328,28.8799991607666,29.06999969482422,26.926246643066406
2018-07-23,629500,28.959999084472656,29.13999938964844,28.780000686645508,29.049999237060547,26.90772247314453
2018-07-20,1229900,29.01000022888184,29.18000030517578,28.71999931335449,29.049999237060547,26.90772247314453
2018-07-19,879000,28.34000015258789,29.09000015258789,28.290000915527344,29.030000686645508,26.889196395874023
2018-07-18,448700,28.59000015258789,28.729999542236328,28.200000762939453,28.34000015258789,26.25008010864257
2018-07-17,595100,28.780000686645508,29.06999969482422,28.6200008392334,28.65999984741211,26.54648208618164
2018-07-16,346700,28.979999542236328,29.030000686645508,28.63999938964844,28.88999938964844,26.759521484375
2018-07-13,527900,29.13999938964844,29.280000686645508,28.93000030517578,28.989999771118164,26.852140426635746
2018-07-12,595000,29.1200008392334,29.209999084472656,28.89999961853028,29.07999992370605,26.935510635375977
2018-07-11,541400,29.07999992370605,29.229999542236328,28.989999771118164,29.040000915527344,26.89845848083496
2018-07-10,1063500,29.06999969482422,29.26000022888184,28.8700008392334,29.100000381469727,26.95403480529785
2018-07-09,1042800,29.479999542236328,29.6200008392334,28.90999984741211,29.100000381469727,26.95403480529785
2018-07-06,870000,29.6200008392334,29.76000022888184,29.459999084472656,29.56999969482422,27.389375686645508
2018-07-05,1426000,29.3700008392334,29.46999931335449,28.940000534057617,29.43000030517578,27.25969886779785
2018-07-03,772700,28.68000030517578,29.3799991607666,28.459999084472656,29.299999237060547,27.13928604125977
2018-07-02,1411900,29.01000022888184,29.1200008392334,28.290000915527344,28.68000030517578,26.565004348754883
2018-06-29,1718400,28.93000030517578,29.200000762939453,28.75,29.07999992370605,26.935510635375977
2018-06-28,1239100,28.86000061035156,29.11000061035156,28.739999771118164,29.059999465942383,26.916980743408203
2018-06-27,1085300,28.75,28.940000534057617,28.61000061035156,28.90999984741211,26.778045654296875
2018-06-26,1098100,28.549999237060547,28.809999465942383,28.43000030517578,28.670000076293945,26.555742263793945
2018-06-25,1226300,28.600000381469727,28.86000061035156,28.36000061035156,28.51000022888184,26.407543182373047
2018-06-22,1484700,28.56999969482422,28.68000030517578,28.31999969482422,28.6299991607666,26.51869201660156
2018-06-21,1409600,28.479999542236328,28.729999542236328,28.350000381469727,28.5,26.39827919006348
2018-06-20,1699600,27.65999984741211,28.549999237060547,27.65999984741211,28.489999771118164,26.389015197753903
2018-06-19,2079400,27.26000022888184,27.799999237060547,27.18000030517578,27.61000061035156,25.57391166687012
2018-06-18,1051700,27.450000762939453,27.6299991607666,27.06999969482422,27.270000457763672,25.25898551940918
2018-06-15,2207600,27.1299991607666,27.709999084472656,27.11000061035156,27.479999542236328,25.45349884033203
2018-06-14,1127600,26.690000534057617,27.18000030517578,26.6200008392334,27.09000015258789,25.092260360717773
2018-06-13,1135400,27.190000534057617,27.280000686645508,26.540000915527344,26.63999938964844,24.675445556640625
2018-06-12,1851800,26.8700008392334,27.309999465942383,26.86000061035156,27.100000381469727,25.10152244567871
2018-06-11,1343000,27.15999984741211,27.26000022888184,26.88999938964844,26.88999938964844,24.90701103210449
2018-06-08,1211100,27.39999961853028,27.64999961853028,27.1299991607666,27.170000076293945,25.166358947753903
2018-06-07,1236800,27.51000022888184,27.6200008392334,27.209999084472656,27.440000534057617,25.41644859313965
2018-06-06,654200,27.36000061035156,27.600000381469727,27.200000762939453,27.39999961853028,25.379398345947266
2018-06-05,1061400,27.790000915527344,27.93000030517578,27.440000534057617,27.459999084472656,25.43497657775879
2018-06-04,962900,27.559999465942383,27.739999771118164,27.36000061035156,27.739999771118164,25.69432640075684
2018-06-01,722300,27.229999542236328,27.540000915527344,27.100000381469727,27.479999542236328,25.45349884033203
2018-05-31,1333900,27.440000534057617,27.530000686645508,27.15999984741211,27.239999771118164,25.23119735717773
2018-05-30,1049300,27.07999992370605,27.61000061035156,27.0,27.51000022888184,25.48128890991211
2018-05-29,1957300,26.90999984741211,27.270000457763672,26.89999961853028,27.11000061035156,25.11078643798828
2018-05-25,495500,26.93000030517578,27.1299991607666,26.8700008392334,26.96999931335449,24.981109619140625
2018-05-24,746200,26.989999771118164,27.030000686645508,26.670000076293945,26.8700008392334,24.88848304748535
2018-05-23,958900,26.81999969482422,27.15999984741211,26.770000457763672,26.959999084472656,24.97184562683105
2018-05-22,909200,26.76000022888184,26.88999938964844,26.51000022888184,26.709999084472656,24.740283966064453
2018-05-21,730000,26.440000534057617,26.780000686645508,26.09000015258789,26.76000022888184,24.786596298217773
2018-05-18,786600,26.440000534057617,26.559999465942383,26.280000686645508,26.32999992370605,24.38830947875977
2018-05-17,980300,26.5,26.670000076293945,26.309999465942383,26.309999465942383,24.36977767944336
2018-05-16,1629600,26.850000381469727,26.979999542236328,26.39999961853028,26.450000762939453,24.499454498291016
2018-05-15,1410900,27.09000015258789,27.14999961853028,26.459999084472656,26.739999771118164,24.768070220947266
2018-05-14,1036000,27.90999984741211,27.96999931335449,27.5,27.559999465942383,25.249725341796875
2018-05-11,921400,28.1200008392334,28.229999542236328,27.88999938964844,27.89999961853028,25.56121826171875
2018-05-10,987200,27.96999931335449,28.18000030517578,27.93000030517578,28.0,25.6528377532959
2018-05-09,1159000,27.61000061035156,27.84000015258789,27.459999084472656,27.780000686645508,25.451282501220703
2018-05-08,1295700,28.0,28.020000457763672,27.670000076293945,27.71999931335449,25.396312713623047
2018-05-07,1769800,27.8700008392334,28.100000381469727,27.76000022888184,27.979999542236328,25.6345157623291
2018-05-04,1539300,27.559999465942383,28.0,27.559999465942383,27.8799991607666,25.54290008544922
2018-05-03,755700,27.40999984741211,27.8799991607666,27.270000457763672,27.75,25.42379570007324
2018-05-02,1444800,27.68000030517578,27.780000686645508,27.26000022888184,27.3799991607666,25.08481216430664
2018-05-01,1308700,27.790000915527344,27.96999931335449,27.270000457763672,27.790000915527344,25.46044540405273
2018-04-30,1519700,28.0,28.059999465942383,27.59000015258789,27.82999992370605,25.49708747863769
2018-04-27,1232600,27.100000381469727,28.01000022888184,27.06999969482422,27.8799991607666,25.54290008544922
2018-04-26,1077100,26.84000015258789,27.239999771118164,26.63999938964844,27.049999237060547,24.78247261047364
2018-04-25,1566900,26.61000061035156,26.809999465942383,26.479999542236328,26.670000076293945,24.434326171875
2018-04-24,735100,26.88999938964844,27.290000915527344,26.739999771118164,27.09000015258789,24.819122314453125
2018-04-23,662200,26.84000015258789,27.01000022888184,26.670000076293945,26.76000022888184,24.516786575317383
2018-04-20,618200,27.11000061035156,27.309999465942383,26.81999969482422,26.81999969482422,24.571754455566406
2018-04-19,667900,27.64999961853028,27.700000762939453,26.8700008392334,27.170000076293945,24.89241600036621
2018-04-18,641100,27.8700008392334,27.940000534057617,27.71999931335449,27.75,25.42379570007324
2018-04-17,732400,27.51000022888184,27.959999084472656,27.420000076293945,27.850000381469727,25.51541519165039
2018-04-16,721200,27.309999465942383,27.63999938964844,27.170000076293945,27.46999931335449,25.16726493835449
2018-04-13,532300,27.059999465942383,27.229999542236328,26.88999938964844,27.21999931335449,24.93822288513184
2018-04-12,1384100,27.350000381469727,27.450000762939453,27.030000686645508,27.059999465942383,24.791637420654297
2018-04-11,1711300,27.420000076293945,27.799999237060547,27.25,27.25,24.965707778930664
2018-04-10,1682700,28.0,28.01000022888184,27.3799991607666,27.43000030517578,25.13062286376953
2018-04-09,2013300,28.030000686645508,28.1200008392334,27.6200008392334,27.940000534057617,25.597869873046875
2018-04-06,1788300,27.81999969482422,28.11000061035156,27.799999237060547,27.979999542236328,25.6345157623291
2018-04-05,1453700,27.809999465942383,27.809999465942383,27.3700008392334,27.770000457763672,25.442119598388672
2018-04-04,1150800,27.31999969482422,27.8700008392334,27.18000030517578,27.81999969482422,25.48793029785156
2018-04-03,1743400,27.14999961853028,27.59000015258789,26.809999465942383,27.459999084472656,25.15810775756836
2018-04-02,1494800,27.71999931335449,27.770000457763672,27.1200008392334,27.13999938964844,24.864931106567383
2018-03-29,1190800,27.8700008392334,27.89999961853028,27.600000381469727,27.709999084472656,25.387149810791016
2018-03-28,1393300,27.100000381469727,27.8799991607666,27.100000381469727,27.84000015258789,25.50625228881836
2018-03-27,934900,26.770000457763672,27.34000015258789,26.40999984741211,27.01000022888184,24.74582862854004
2018-03-26,909400,26.700000762939453,26.84000015258789,26.459999084472656,26.76000022888184,24.516786575317383
2018-03-23,1299600,27.040000915527344,27.13999938964844,26.479999542236328,26.57999992370605,24.35187721252441
2018-03-22,1249600,26.89999961853028,27.5,26.809999465942383,27.049999237060547,24.78247261047364
2018-03-21,1136200,27.100000381469727,27.190000534057617,26.690000534057617,26.86000061035156,24.6084041595459
2018-03-20,851700,27.559999465942383,27.75,26.96999931335449,27.11000061035156,24.837446212768555
2018-03-19,512000,27.709999084472656,27.770000457763672,27.34000015258789,27.600000381469727,25.28636932373047
2018-03-16,1049300,27.75,27.82999992370605,27.39999961853028,27.780000686645508,25.451282501220703
2018-03-15,452900,27.61000061035156,27.729999542236328,27.450000762939453,27.68000030517578,25.359663009643555
2018-03-14,699300,27.64999961853028,27.799999237060547,27.3799991607666,27.56999969482422,25.25888442993164
2018-03-13,985800,27.89999961853028,28.100000381469727,27.489999771118164,27.670000076293945,25.35050392150879
2018-03-12,612700,27.51000022888184,27.850000381469727,27.5,27.76000022888184,25.432954788208008
2018-03-09,911600,27.549999237060547,27.61000061035156,27.25,27.559999465942383,25.249725341796875
2018-03-08,566200,27.780000686645508,27.809999465942383,27.39999961853028,27.479999542236328,25.176427841186523
2018-03-07,798200,27.280000686645508,27.799999237060547,27.229999542236328,27.75,25.42379570007324
2018-03-06,808700,27.200000762939453,27.420000076293945,26.770000457763672,27.34000015258789,25.04816436767578
2018-03-05,1116300,26.88999938964844,27.34000015258789,26.88999938964844,27.239999771118164,24.956546783447266
2018-03-02,914100,26.8799991607666,26.920000076293945,26.64999961853028,26.89999961853028,24.64504814147949
2018-03-01,898100,26.5,27.14999961853028,26.270000457763672,26.8799991607666,24.62672233581543
2018-02-28,1186100,26.88999938964844,26.940000534057617,26.540000915527344,26.549999237060547,24.324386596679688
2018-02-27,1131200,27.459999084472656,27.56999969482422,26.75,26.75,24.50762176513672
2018-02-26,745600,27.64999961853028,27.68000030517578,27.270000457763672,27.479999542236328,25.176427841186523
2018-02-23,678500,27.1299991607666,27.520000457763672,27.0,27.5,25.19475173950196
2018-02-22,798400,26.89999961853028,27.21999931335449,26.739999771118164,27.020000457763672,24.754987716674805
2018-02-21,1069000,27.43000030517578,27.81999969482422,27.07999992370605,27.07999992370605,24.535106658935547
2018-02-20,1019300,27.71999931335449,27.920000076293945,27.3700008392334,27.43000030517578,24.85221672058105
2018-02-16,1357700,27.61000061035156,28.07999992370605,27.559999465942383,27.979999542236328,25.350528717041016
2018-02-15,1064600,27.700000762939453,28.34000015258789,27.530000686645508,27.61000061035156,25.01529884338379
2018-02-14,726000,27.82999992370605,27.979999542236328,27.61000061035156,27.700000762939453,25.09684181213379
2018-02-13,1480300,28.239999771118164,28.32999992370605,27.71999931335449,28.209999084472656,25.55891227722168
2018-02-12,1232100,28.459999084472656,28.5,27.479999542236328,28.309999465942383,25.64951515197754
2018-02-09,1647400,27.809999465942383,28.59000015258789,27.6200008392334,28.40999984741211,25.7401180267334
2018-02-08,1673800,28.190000534057617,28.489999771118164,27.64999961853028,27.65999984741211,25.06060218811035
2018-02-07,1023400,28.420000076293945,28.90999984741211,28.190000534057617,28.229999542236328,25.57703399658203
2018-02-06,1834400,27.96999931335449,28.520000457763672,27.51000022888184,28.39999961853028,25.731061935424805
2018-02-05,1137400,29.32999992370605,29.530000686645508,28.31999969482422,28.350000381469727,25.68575668334961
2018-02-02,779200,28.940000534057617,29.51000022888184,28.64999961853028,29.36000061035156,26.60083770751953
2018-02-01,721900,29.88999938964844,30.14999961853028,29.09000015258789,29.170000076293945,26.428693771362305
2018-01-31,856600,29.5,29.8799991607666,29.479999542236328,29.8700008392334,27.062911987304688
2018-01-30,551100,29.850000381469727,29.959999084472656,29.420000076293945,29.420000076293945,26.655202865600582
2018-01-29,416800,30.13999938964844,30.14999961853028,29.65999984741211,29.88999938964844,27.081031799316406
2018-01-26,500300,30.690000534057617,30.71999931335449,30.15999984741211,30.25,27.407203674316406
2018-01-25,709700,30.63999938964844,30.75,30.459999084472656,30.65999984741211,27.77867317199707
2018-01-24,502400,30.6299991607666,30.64999961853028,30.420000076293945,30.57999992370605,27.706186294555664
2018-01-23,688800,30.31999969482422,30.64999961853028,30.25,30.64999961853028,27.76961135864257
2018-01-22,794000,29.920000076293945,30.34000015258789,29.81999969482422,30.270000457763672,27.425323486328125
2018-01-19,816600,29.6200008392334,30.0,29.6200008392334,29.979999542236328,27.162574768066406
2018-01-18,709700,29.850000381469727,29.89999961853028,29.39999961853028,29.729999542236328,26.93606948852539
2018-01-17,657200,29.82999992370605,30.049999237060547,29.65999984741211,29.8700008392334,27.062911987304688
2018-01-16,744600,29.959999084472656,30.479999542236328,29.790000915527344,29.809999465942383,27.0085506439209
2018-01-12,900400,30.100000381469727,30.13999938964844,29.770000457763672,29.799999237060547,26.999488830566406
2018-01-11,670500,30.450000762939453,30.56999969482422,30.049999237060547,30.11000061035156,27.280357360839844
2018-01-10,623200,30.520000457763672,30.559999465942383,30.170000076293945,30.36000061035156,27.506866455078125
2018-01-09,797400,31.15999984741211,31.229999542236328,30.559999465942383,30.6200008392334,27.742429733276367
2018-01-08,604000,30.96999931335449,31.36000061035156,30.809999465942383,31.309999465942383,28.367589950561523
2018-01-05,692600,31.06999969482422,31.09000015258789,30.780000686645508,30.979999542236328,28.06859588623047
2018-01-04,403200,31.770000457763672,31.82999992370605,31.01000022888184,31.030000686645508,28.1138973236084
2018-01-03,623900,32.060001373291016,32.220001220703125,31.63999938964844,31.75,28.7662353515625
2018-01-02,828600,32.150001525878906,32.16999816894531,31.82999992370605,32.029998779296875,29.019920349121094
2017-12-29,451100,32.130001068115234,32.400001525878906,32.02000045776367,32.119998931884766,29.10146713256836
2017-12-28,424300,31.93000030517578,32.11000061035156,31.75,32.11000061035156,29.092403411865234
2017-12-27,484900,31.959999084472656,32.060001373291016,31.739999771118164,31.950000762939453,28.94744110107422
2017-12-26,394700,31.68000030517578,31.979999542236328,31.68000030517578,31.86000061035156,28.86590003967285
2017-12-22,510700,31.59000015258789,31.700000762939453,31.459999084472656,31.690000534057617,28.71187400817871
2017-12-21,618800,31.790000915527344,31.850000381469727,31.51000022888184,31.57999992370605,28.612211227416992
2017-12-20,1264800,32.77000045776367,32.880001068115234,31.739999771118164,31.739999771118164,28.75717544555664
2017-12-19,1137100,33.77000045776367,33.81999969482422,32.08000183105469,32.470001220703125,29.418575286865234
2017-12-18,740600,33.5099983215332,33.97999954223633,33.43000030517578,33.869998931884766,30.6870059967041
2017-12-15,1957400,33.06999969482422,33.560001373291016,32.970001220703125,33.439998626708984,30.29741668701172
2017-12-14,551400,33.0,33.130001068115234,32.810001373291016,32.959999084472656,29.86252212524414
2017-12-13,2412400,32.52000045776367,32.959999084472656,32.45000076293945,32.959999084472656,29.86252212524414
2017-12-12,2175700,32.47999954223633,32.56999969482422,32.33000183105469,32.34000015258789,29.300790786743164
2017-12-11,771600,32.65999984741211,32.72999954223633,32.27000045776367,32.47999954223633,29.42763328552246
2017-12-08,485500,32.66999816894531,32.880001068115234,32.529998779296875,32.630001068115234,29.563539505004883
2017-12-07,586100,32.45000076293945,32.689998626708984,32.380001068115234,32.540000915527344,29.48199844360352
2017-12-06,564700,32.79999923706055,32.880001068115234,32.29999923706055,32.400001525878906,29.355154037475582
2017-12-05,618400,32.95000076293945,33.11000061035156,32.77000045776367,32.810001373291016,29.726619720458984
2017-12-04,670300,33.22999954223633,33.380001068115234,32.83000183105469,32.880001068115234,29.7900447845459
2017-12-01,693200,32.779998779296875,33.18000030517578,32.689998626708984,33.18000030517578,30.061851501464844
2017-11-30,657600,32.75,32.86000061035156,32.560001373291016,32.77000045776367,29.69038391113281
2017-11-29,341700,32.66999816894531,32.79999923706055,32.529998779296875,32.709999084472656,29.636016845703125
2017-11-28,521200,32.77000045776367,32.88999938964844,32.56999969482422,32.68000030517578,29.608837127685547
2017-11-27,696100,32.849998474121094,33.09000015258789,32.720001220703125,32.72999954223633,29.65413475036621
2017-11-24,325400,32.63999938964844,33.0,32.58000183105469,32.83000183105469,29.7447452545166
2017-11-22,338700,32.529998779296875,32.790000915527344,32.5099983215332,32.52000045776367,29.4638729095459
2017-11-21,525000,32.5099983215332,32.77000045776367,32.5,32.709999084472656,29.636016845703125
2017-11-20,453100,32.349998474121094,32.540000915527344,32.18000030517578,32.43000030517578,29.382328033447266
2017-11-17,981500,32.290000915527344,32.47999954223633,32.22999954223633,32.34000015258789,29.300790786743164
2017-11-16,500800,32.15999984741211,32.65999984741211,32.0099983215332,32.43000030517578,29.382328033447266
2017-11-15,586000,32.70000076293945,32.70000076293945,32.150001525878906,32.15999984741211,29.137704849243164
2017-11-14,749000,32.900001525878906,33.36000061035156,32.86000061035156,32.91999816894531,29.554473876953125
2017-11-13,730600,32.61000061035156,33.09000015258789,32.61000061035156,32.970001220703125,29.599365234375
2017-11-10,385200,32.27000045776367,32.70000076293945,32.209999084472656,32.630001068115234,29.29412651062012
2017-11-09,371500,32.529998779296875,32.72999954223633,32.43000030517578,32.47999954223633,29.15945816040039
2017-11-08,833200,32.290000915527344,32.93000030517578,32.25,32.630001068115234,29.29412651062012
2017-11-07,471000,32.7400016784668,32.900001525878906,32.31999969482422,32.5,29.177413940429688
2017-11-06,667100,32.43000030517578,32.72999954223633,32.43000030517578,32.66999816894531,29.33003616333008
2017-11-03,514600,32.119998931884766,32.619998931884766,31.950000762939453,32.38999938964844,29.078659057617188
2017-11-02,602600,32.20000076293945,32.900001525878906,32.20000076293945,32.36000061035156,29.051729202270508
2017-11-01,830800,32.380001068115234,32.41999816894531,32.029998779296875,32.369998931884766,29.06070137023925
2017-10-31,843100,32.40999984741211,32.40999984741211,31.950000762939453,32.2400016784668,28.94399642944336
2017-10-30,723600,32.33000183105469,32.45000076293945,32.189998626708984,32.34000015258789,29.03377342224121
2017-10-27,893000,31.799999237060547,32.5,31.739999771118164,32.33000183105469,29.02479362487793
2017-10-26,719400,32.36000061035156,32.369998931884766,31.780000686645508,31.799999237060547,28.54897689819336
2017-10-25,624000,32.119998931884766,32.369998931884766,31.780000686645508,32.189998626708984,28.89910697937012
2017-10-24,1031300,32.20000076293945,32.41999816894531,31.989999771118164,32.220001220703125,28.92604255676269
2017-10-23,836800,32.58000183105469,32.59000015258789,32.290000915527344,32.29999923706055,28.99785804748535
2017-10-20,515900,32.43000030517578,32.52000045776367,32.18000030517578,32.5,29.177413940429688
2017-10-19,491200,32.75,32.75,32.43000030517578,32.45000076293945,29.13252830505371
2017-10-18,639600,32.43000030517578,32.689998626708984,32.36000061035156,32.68000030517578,29.339012145996094
2017-10-17,713700,32.27000045776367,32.58000183105469,32.16999816894531,32.5099983215332,29.18638801574707
2017-10-16,735000,32.36000061035156,32.43000030517578,32.02000045776367,32.33000183105469,29.02479362487793
2017-10-13,879200,32.29999923706055,32.369998931884766,31.90999984741211,32.36000061035156,29.051729202270508
2017-10-12,1014300,31.93000030517578,32.34000015258789,31.780000686645508,32.209999084472656,28.91705894470215
2017-10-11,1020500,32.060001373291016,32.20000076293945,31.84000015258789,31.940000534057617,28.67466354370117
2017-10-10,1328100,32.220001220703125,32.33000183105469,31.8700008392334,32.04999923706055,28.77341651916504
2017-10-09,376200,32.209999084472656,32.41999816894531,32.130001068115234,32.150001525878906,28.86319732666016
2017-10-06,658700,32.15999984741211,32.45000076293945,31.739999771118164,32.18000030517578,28.8901309967041
2017-10-05,404600,32.66999816894531,32.880001068115234,32.439998626708984,32.45000076293945,29.13252830505371
2017-10-04,290700,32.689998626708984,32.779998779296875,32.41999816894531,32.58000183105469,29.24923515319824
2017-10-03,634400,32.630001068115234,32.70000076293945,32.400001525878906,32.689998626708984,29.347990036010746
2017-10-02,845600,32.43000030517578,32.560001373291016,32.20000076293945,32.47999954223633,29.15945816040039
2017-09-29,725800,32.45000076293945,32.65999984741211,32.27000045776367,32.34000015258789,29.03377342224121
2017-09-28,625400,32.209999084472656,32.5,32.06999969482422,32.41999816894531,29.105592727661133
2017-09-27,737700,32.380001068115234,32.439998626708984,31.8799991607666,32.22999954223633,28.935014724731445
2017-09-26,609200,32.66999816894531,32.66999816894531,32.22999954223633,32.5,29.177413940429688
2017-09-25,915000,32.560001373291016,32.7599983215332,32.400001525878906,32.68000030517578,29.339012145996094
2017-09-22,535200,32.939998626708984,32.939998626708984,32.33000183105469,32.41999816894531,29.105592727661133
2017-09-21,1018000,33.209999084472656,33.31999969482422,32.7599983215332,32.86000061035156,29.500608444213867
2017-09-20,974500,33.619998931884766,33.7599983215332,32.970001220703125,33.220001220703125,29.823808670043945
2017-09-19,630300,33.7400016784668,33.83000183105469,33.36000061035156,33.54999923706055,30.12006950378418
2017-09-18,650900,34.06999969482422,34.06999969482422,33.529998779296875,33.70000076293945,30.25473403930664
2017-09-15,1947200,33.900001525878906,34.130001068115234,33.63999938964844,34.099998474121094,30.61384010314941
2017-09-14,674500,33.619998931884766,33.939998626708984,33.290000915527344,33.939998626708984,30.470195770263672
2017-09-13,469300,33.61000061035156,33.7400016784668,33.459999084472656,33.54999923706055,30.12006950378418
2017-09-12,437100,34.08000183105469,34.2599983215332,33.540000915527344,33.630001068115234,30.19188690185547
2017-09-11,281300,33.779998779296875,34.13999938964844,33.65999984741211,34.09000015258789,30.6048641204834
2017-09-08,403600,33.5099983215332,33.869998931884766,33.47999954223633,33.720001220703125,30.272689819335938
2017-09-07,366900,33.70000076293945,33.83000183105469,33.41999816894531,33.54999923706055,30.12006950378418
2017-09-06,324100,33.72999954223633,33.91999816894531,33.54999923706055,33.619998931884766,30.182910919189453
2017-09-05,454100,33.43000030517578,33.619998931884766,33.25,33.599998474121094,30.164958953857425
2017-09-01,402900,33.27000045776367,33.459999084472656,33.15999984741211,33.25,29.85074234008789
2017-08-31,568800,33.040000915527344,33.369998931884766,32.880001068115234,33.279998779296875,29.877670288085938
2017-08-30,552700,32.77000045776367,32.9900016784668,32.560001373291016,32.9900016784668,29.617319107055664
2017-08-29,403400,33.18000030517578,33.18000030517578,32.560001373291016,32.779998779296875,29.428783416748047
2017-08-28,558900,32.97999954223633,33.06999969482422,32.459999084472656,32.599998474121094,29.26718711853028
2017-08-25,458500,32.97999954223633,33.20000076293945,32.75,33.0099983215332,29.63527488708496
2017-08-24,593400,32.77000045776367,33.11000061035156,32.720001220703125,32.869998931884766,29.509584426879883
2017-08-23,277400,32.59000015258789,32.849998474121094,32.380001068115234,32.77000045776367,29.41981506347656
2017-08-22,455300,32.97999954223633,33.060001373291016,32.33000183105469,32.58000183105469,29.24923515319824
2017-08-21,811500,32.470001220703125,32.97999954223633,32.310001373291016,32.900001525878906,29.536523818969727
2017-08-18,1847300,32.27000045776367,32.5,32.11000061035156,32.400001525878906,29.08763885498047
2017-08-17,856200,32.540000915527344,32.77000045776367,32.400001525878906,32.40999984741211,29.09661865234375
2017-08-16,853400,32.2400016784668,32.75,32.2400016784668,32.56999969482422,29.24025535583496
2017-08-15,749700,32.279998779296875,32.279998779296875,31.84000015258789,32.20000076293945,28.908082962036133
2017-08-14,1217300,32.09000015258789,32.56999969482422,31.950000762939453,32.369998931884766,29.06070137023925
2017-08-11,1637400,31.8799991607666,32.029998779296875,31.61000061035156,31.940000534057617,28.67466354370117
2017-08-10,1922000,31.850000381469727,32.11000061035156,31.670000076293945,31.96999931335449,28.70159912109375
2017-08-09,8181700,31.0,32.0,31.0,31.780000686645508,28.53101921081543
2017-08-08,534900,32.97999954223633,33.060001373291016,32.66999816894531,32.83000183105469,29.204349517822266
2017-08-07,567200,32.86000061035156,33.04999923706055,32.619998931884766,32.97999954223633,29.337779998779297
2017-08-04,777100,33.16999816894531,33.25,32.810001373291016,32.83000183105469,29.204349517822266
2017-08-03,593300,32.68000030517578,33.34000015258789,32.630001068115234,33.189998626708984,29.524587631225582
2017-08-02,438900,33.029998779296875,33.18000030517578,32.630001068115234,32.7400016784668,29.12428855895996
2017-08-01,365300,33.36000061035156,33.5,32.790000915527344,33.08000183105469,29.42673683166504
2017-07-31,536100,33.31999969482422,33.380001068115234,32.849998474121094,33.29999923706055,29.62244033813477
2017-07-28,414000,33.29999923706055,33.54999923706055,33.02000045776367,33.2400016784668,29.569068908691406
2017-07-27,432500,33.310001373291016,33.47999954223633,33.02000045776367,33.380001068115234,29.693607330322266
2017-07-26,313800,33.41999816894531,33.619998931884766,33.290000915527344,33.40999984741211,29.72029495239257
2017-07-25,844400,33.18000030517578,33.45000076293945,32.849998474121094,33.41999816894531,29.729183197021484
2017-07-24,373200,33.2400016784668,33.470001220703125,33.11000061035156,33.189998626708984,29.524587631225582
2017-07-21,493800,33.43000030517578,33.56999969482422,33.06999969482422,33.2400016784668,29.569068908691406
2017-07-20,688100,33.59000015258789,33.689998626708984,33.22999954223633,33.25,29.57796859741211
2017-07-19,516800,33.45000076293945,33.66999816894531,33.310001373291016,33.4900016784668,29.79145812988281
2017-07-18,750200,33.290000915527344,33.54999923706055,33.060001373291016,33.439998626708984,29.74698257446289
2017-07-17,586000,32.869998931884766,33.279998779296875,32.720001220703125,33.220001220703125,29.55127716064453
2017-07-14,598700,33.08000183105469,33.220001220703125,32.81999969482422,32.869998931884766,29.23992729187012
2017-07-13,697700,32.959999084472656,33.04999923706055,32.650001525878906,32.79999923706055,29.17765998840332
2017-07-12,754700,33.08000183105469,33.5099983215332,33.040000915527344,33.04999923706055,29.40005111694336
2017-07-11,503700,32.75,32.86000061035156,32.439998626708984,32.7400016784668,29.12428855895996
2017-07-10,694900,33.38999938964844,33.529998779296875,32.63999938964844,32.65999984741211,29.053117752075195
2017-07-07,576100,33.119998931884766,33.36000061035156,32.650001525878906,33.34000015258789,29.658021926879883
2017-07-06,676100,34.08000183105469,34.099998474121094,33.0099983215332,33.060001373291016,29.40894317626953
2017-07-05,713500,34.5099983215332,34.58000183105469,34.08000183105469,34.290000915527344,30.503108978271484
2017-07-03,260200,34.27000045776367,34.709999084472656,34.13999938964844,34.650001525878906,30.823352813720703
2017-06-30,1163000,34.040000915527344,34.369998931884766,33.959999084472656,34.150001525878906,30.37857246398925
2017-06-29,1867200,34.900001525878906,34.91999816894531,33.84000015258789,33.900001525878906,30.156185150146484
2017-06-28,1235600,35.810001373291016,35.97999954223633,35.33000183105469,35.40999984741211,31.499420166015625
2017-06-27,1276600,36.0099983215332,36.209999084472656,35.689998626708984,35.72999954223633,31.784080505371094
2017-06-26,525800,36.18999862670898,36.25,35.81999969482422,36.16999816894531,32.175479888916016
2017-06-23,1012100,35.560001373291016,36.18000030517578,35.529998779296875,36.040000915527344,32.059837341308594
2017-06-22,1186700,35.47999954223633,35.959999084472656,35.40999984741211,35.54999923706055,31.62395477294922
2017-06-21,816400,35.560001373291016,35.790000915527344,35.40999984741211,35.47999954223633,31.56168556213379
2017-06-20,788400,35.58000183105469,35.900001525878906,35.470001220703125,35.63999938964844,31.70401954650879
2017-06-19,600800,35.61000061035156,35.650001525878906,35.349998474121094,35.5099983215332,31.58837127685547
2017-06-16,1583000,35.43000030517578,35.68000030517578,35.31999969482422,35.560001373291016,31.63285255432129
2017-06-15,1050300,35.06999969482422,35.7599983215332,35.02000045776367,35.540000915527344,31.61506080627441
2017-06-14,942700,35.52000045776367,35.75,35.189998626708984,35.470001220703125,31.55279541015625
2017-06-13,1010700,35.13999938964844,35.310001373291016,34.970001220703125,35.20000076293945,31.31260681152344
2017-06-12,1323400,34.45000076293945,35.13999938964844,34.34000015258789,35.130001068115234,31.25034141540528
2017-06-09,723600,34.029998779296875,34.5,33.810001373291016,34.470001220703125,30.66323471069336
2017-06-08,809400,34.15999984741211,34.16999816894531,33.63999938964844,34.060001373291016,30.298507690429688
2017-06-07,1081800,34.060001373291016,34.279998779296875,33.93000030517578,34.189998626708984,30.41414833068848
2017-06-06,1371000,34.09000015258789,34.29999923706055,33.83000183105469,34.06999969482422,30.30740737915039
2017-06-05,731700,34.099998474121094,34.2599983215332,33.83000183105469,34.09000015258789,30.32519721984864
2017-06-02,942200,33.900001525878906,34.380001068115234,33.83000183105469,34.290000915527344,30.503108978271484
2017-06-01,1110600,33.20000076293945,33.900001525878906,32.900001525878906,33.689998626708984,29.969371795654297
2017-05-31,1788300,33.13999938964844,33.310001373291016,32.779998779296875,33.2599983215332,29.586856842041016
2017-05-30,737600,33.04999923706055,33.36000061035156,32.93000030517578,33.15999984741211,29.497901916503903
2017-05-26,510100,33.56999969482422,33.58000183105469,32.95000076293945,33.09000015258789,29.43563270568848
2017-05-25,480400,33.81999969482422,33.869998931884766,33.5099983215332,33.560001373291016,29.85372543334961
2017-05-24,696700,33.75,33.970001220703125,33.68000030517578,33.7400016784668,30.01384735107422
2017-05-23,1726900,33.7599983215332,34.04999923706055,33.58000183105469,33.7400016784668,30.01384735107422
2017-05-22,1360400,33.459999084472656,33.81999969482422,33.27000045776367,33.70000076293945,29.9782657623291
2017-05-19,1045100,32.88999938964844,33.45000076293945,32.63999938964844,33.38999938964844,29.70250129699707
2017-05-18,700500,32.36000061035156,32.90999984741211,32.11000061035156,32.88999938964844,29.257719039916992
2017-05-17,1156600,32.209999084472656,32.709999084472656,32.209999084472656,32.38999938964844,28.81293678283692
2017-05-16,646900,32.470001220703125,32.529998779296875,32.029998779296875,32.20000076293945,28.6439208984375
2017-05-15,646300,32.36000061035156,33.029998779296875,32.36000061035156,32.470001220703125,28.884105682373047
2017-05-12,1140200,31.959999084472656,32.47999954223633,31.950000762939453,32.279998779296875,28.715085983276367
2017-05-11,743900,32.119998931884766,32.27000045776367,31.81999969482422,32.150001525878906,28.33257484436035
2017-05-10,514200,31.950000762939453,32.40999984741211,31.93000030517578,32.220001220703125,28.394264221191406
2017-05-09,759600,32.290000915527344,32.400001525878906,31.799999237060547,31.96999931335449,28.173948287963867
2017-05-08,673100,32.279998779296875,32.439998626708984,31.76000022888184,32.2599983215332,28.42951393127441
2017-05-05,617600,31.540000915527344,32.2400016784668,31.540000915527344,32.209999084472656,28.38545036315918
2017-05-04,900800,32.15999984741211,32.720001220703125,31.14999961853028,31.459999084472656,27.724504470825195
2017-05-03,1702600,32.0099983215332,32.0099983215332,31.280000686645508,31.700000762939453,27.936004638671875
2017-05-02,1604200,32.7599983215332,32.81999969482422,31.82999992370605,31.950000762939453,28.15632438659668
2017-05-01,675200,32.7599983215332,33.040000915527344,32.40999984741211,32.650001525878906,28.7732048034668
2017-04-28,588100,33.25,33.25,32.619998931884766,32.79999923706055,28.905393600463867
2017-04-27,469700,33.25,33.540000915527344,33.09000015258789,33.31999969482422,29.36365509033203
2017-04-26,608500,33.400001525878906,33.58000183105469,33.16999816894531,33.25,29.301963806152344
2017-04-25,411500,33.5,33.77000045776367,33.439998626708984,33.47999954223633,29.50465583801269
2017-04-24,575500,33.88999938964844,34.02000045776367,33.029998779296875,33.529998779296875,29.54871368408203
2017-04-21,432700,33.90999984741211,34.040000915527344,33.81999969482422,33.81999969482422,29.80428123474121
2017-04-20,518600,33.90999984741211,34.060001373291016,33.720001220703125,33.970001220703125,29.93647003173828
2017-04-19,443300,33.939998626708984,34.0099983215332,33.810001373291016,33.900001525878906,29.87478828430176
2017-04-18,481900,33.83000183105469,34.0,33.7400016784668,33.959999084472656,29.927658081054688
2017-04-17,416500,33.470001220703125,33.83000183105469,33.40999984741211,33.83000183105469,29.81309700012207
2017-04-13,791500,33.54999923706055,33.66999816894531,33.349998474121094,33.369998931884766,29.407712936401367
2017-04-12,479000,33.459999084472656,33.72999954223633,33.43000030517578,33.4900016784668,29.51346778869629
2017-04-11,566800,33.310001373291016,33.619998931884766,33.189998626708984,33.52000045776367,29.53990173339844
2017-04-10,600900,32.83000183105469,33.380001068115234,32.63999938964844,33.29999923706055,29.34602737426757
2017-04-07,1041400,32.689998626708984,32.95000076293945,32.630001068115234,32.79999923706055,28.905393600463867
2017-04-06,531300,32.5,32.7599983215332,32.310001373291016,32.650001525878906,28.7732048034668
2017-04-05,613400,32.40999984741211,32.83000183105469,32.380001068115234,32.5099983215332,28.649826049804688
2017-04-04,705900,32.52000045776367,32.7400016784668,32.33000183105469,32.380001068115234,28.535266876220703
2017-04-03,471700,32.5,32.709999084472656,32.34000015258789,32.650001525878906,28.7732048034668
2017-03-31,651400,32.2599983215332,32.63999938964844,32.220001220703125,32.5,28.641014099121094
2017-03-30,428700,32.2599983215332,32.38999938964844,31.959999084472656,32.31999969482422,28.482391357421875
2017-03-29,323400,32.13999938964844,32.34000015258789,32.04999923706055,32.279998779296875,28.44713592529297
2017-03-28,595300,32.06999969482422,32.25,31.850000381469727,32.189998626708984,28.367826461791992
2017-03-27,634800,31.989999771118164,32.33000183105469,31.799999237060547,32.02000045776367,28.21800994873047
2017-03-24,619900,31.450000762939453,32.09000015258789,31.450000762939453,31.93000030517578,28.13869857788086
2017-03-23,704900,31.170000076293945,31.81999969482422,31.030000686645508,31.459999084472656,27.724504470825195
2017-03-22,884200,31.09000015258789,31.3799991607666,30.75,31.209999084472656,27.50418472290039
2017-03-21,623600,30.989999771118164,31.14999961853028,30.71999931335449,30.959999084472656,27.28386878967285
2017-03-20,425300,31.229999542236328,31.309999465942383,30.850000381469727,30.8700008392334,27.204559326171875
2017-03-17,1066100,31.09000015258789,31.3799991607666,30.96999931335449,31.15999984741211,27.460124969482425
2017-03-16,469800,30.809999465942383,31.1200008392334,30.690000534057617,31.040000915527344,27.35437393188477
2017-03-15,1153600,30.64999961853028,31.01000022888184,30.290000915527344,30.93000030517578,27.257434844970703
2017-03-14,658300,30.5,30.5,30.11000061035156,30.14999961853028,26.570049285888672
2017-03-13,329500,30.729999542236328,31.020000457763672,30.43000030517578,30.6299991607666,26.993053436279297
2017-03-10,556400,30.81999969482422,31.01000022888184,30.440000534057617,30.75,27.09880447387696
2017-03-09,446200,30.989999771118164,31.229999542236328,30.5,30.549999237060547,26.92255210876465
2017-03-08,495900,31.26000022888184,31.39999961853028,30.8700008392334,31.01000022888184,27.327938079833984
2017-03-07,317000,31.6299991607666,31.89999961853028,31.450000762939453,31.57999992370605,27.83025550842285
2017-03-06,487700,31.93000030517578,31.950000762939453,31.59000015258789,31.780000686645508,28.006505966186523
2017-03-03,504700,32.08000183105469,32.150001525878906,31.770000457763672,32.08000183105469,28.27088737487793
2017-03-02,657100,31.76000022888184,32.36000061035156,31.56999969482422,32.13999938964844,28.32375907897949
2017-03-01,683700,31.799999237060547,32.029998779296875,31.59000015258789,31.850000381469727,28.06818962097168
2017-02-28,631100,32.13999938964844,32.290000915527344,31.920000076293945,31.959999084472656,28.16513442993164
2017-02-27,433400,32.18000030517578,32.43000030517578,31.96999931335449,32.2400016784668,28.4118881225586
2017-02-24,391200,31.850000381469727,32.2400016784668,31.709999084472656,32.13999938964844,28.32375907897949
2017-02-23,484600,31.790000915527344,31.93000030517578,31.549999237060547,31.86000061035156,28.077009201049805
2017-02-22,657000,31.440000534057617,31.700000762939453,31.36000061035156,31.64999961853028,27.891944885253903
2017-02-21,735100,31.06999969482422,31.43000030517578,30.729999542236328,31.39999961853028,27.671628952026367
2017-02-17,884700,31.1200008392334,31.1200008392334,30.479999542236328,30.989999771118164,27.3103141784668
2017-02-16,752400,30.540000915527344,31.239999771118164,30.540000915527344,30.940000534057617,27.26624870300293
2017-02-15,595600,29.979999542236328,30.440000534057617,29.670000076293945,30.39999961853028,26.790367126464844
2017-02-14,435800,30.40999984741211,30.440000534057617,29.93000030517578,30.13999938964844,26.56123733520508
2017-02-13,661400,30.559999465942383,30.68000030517578,30.200000762939453,30.440000534057617,26.82561683654785
2017-02-10,370200,30.14999961853028,30.57999992370605,30.1200008392334,30.520000457763672,26.896116256713867
2017-02-09,702400,30.440000534057617,30.68000030517578,30.39999961853028,30.46999931335449,26.58767318725586
2017-02-08,399800,30.450000762939453,30.59000015258789,30.26000022888184,30.450000762939453,26.570226669311523
2017-02-07,482300,30.26000022888184,30.59000015258789,30.25,30.31999969482422,26.456790924072266
2017-02-06,334400,30.489999771118164,30.489999771118164,30.14999961853028,30.200000762939453,26.35207939147949
2017-02-03,419300,30.299999237060547,30.459999084472656,30.100000381469727,30.350000381469727,26.48296546936035
2017-02-02,780500,29.90999984741211,30.309999465942383,29.850000381469727,30.059999465942383,26.22991371154785
2017-02-01,511800,30.01000022888184,30.38999938964844,29.770000457763672,29.799999237060547,26.003042221069336
2017-01-31,709600,30.170000076293945,30.56999969482422,30.13999938964844,30.209999084472656,26.360803604125977
2017-01-30,438400,29.989999771118164,30.14999961853028,29.84000015258789,30.07999992370605,26.24736785888672
2017-01-27,420100,30.21999931335449,30.299999237060547,29.90999984741211,30.059999465942383,26.22991371154785
2017-01-26,663900,30.299999237060547,30.549999237060547,30.18000030517578,30.229999542236328,26.37825584411621
2017-01-25,501300,30.520000457763672,30.68000030517578,30.200000762939453,30.309999465942383,26.44805908203125
2017-01-24,620900,30.6200008392334,30.979999542236328,30.559999465942383,30.709999084472656,26.79709815979004
2017-01-23,272400,30.489999771118164,30.780000686645508,30.34000015258789,30.739999771118164,26.82327461242676
2017-01-20,717800,30.06999969482422,30.530000686645508,30.06999969482422,30.350000381469727,26.48296546936035
2017-01-19,435100,30.3700008392334,30.40999984741211,30.040000915527344,30.18000030517578,26.33462715148925
2017-01-18,464400,30.549999237060547,30.709999084472656,30.420000076293945,30.559999465942383,26.66620826721192
2017-01-17,452400,30.479999542236328,30.8700008392334,30.479999542236328,30.559999465942383,26.66620826721192
2017-01-13,292900,30.540000915527344,30.799999237060547,30.31999969482422,30.40999984741211,26.53532218933105
2017-01-12,381200,30.200000762939453,30.57999992370605,29.959999084472656,30.57999992370605,26.68366050720215
2017-01-11,559000,30.299999237060547,30.38999938964844,30.01000022888184,30.1200008392334,26.28227424621582
2017-01-10,453800,30.51000022888184,30.51000022888184,30.200000762939453,30.25,26.39571189880371
2017-01-09,438800,30.790000915527344,30.799999237060547,30.450000762939453,30.549999237060547,26.657480239868164
2017-01-06,657700,31.020000457763672,31.15999984741211,30.65999984741211,30.700000762939453,26.78837203979492
2017-01-05,757100,30.709999084472656,31.36000061035156,30.43000030517578,31.170000076293945,27.198484420776367
2017-01-04,783300,30.21999931335449,30.86000061035156,30.21999931335449,30.76000022888184,26.84072494506836
2017-01-03,550800,30.34000015258789,30.540000915527344,29.809999465942383,30.14999961853028,26.30844688415528
2016-12-30,477600,29.93000030517578,30.440000534057617,29.76000022888184,30.31999969482422,26.456790924072266
2016-12-29,599400,29.38999938964844,29.96999931335449,29.309999465942383,29.8700008392334,26.06412506103516
2016-12-28,630300,29.5,29.5,29.040000915527344,29.350000381469727,25.610382080078125
2016-12-27,783700,29.450000762939453,29.56999969482422,29.309999465942383,29.440000534057617,25.688915252685547
2016-12-23,629500,29.31999969482422,29.520000457763672,29.07999992370605,29.40999984741211,25.66273498535156
2016-12-22,1074200,29.200000762939453,29.440000534057617,28.6299991607666,29.18000030517578,25.46204376220703
2016-12-21,947300,30.309999465942383,30.68000030517578,29.36000061035156,29.38999938964844,25.645282745361328
2016-12-20,719900,30.39999961853028,30.799999237060547,30.190000534057617,30.270000457763672,26.41316032409668
2016-12-19,609500,29.799999237060547,30.51000022888184,29.799999237060547,30.440000534057617,26.561498641967773
2016-12-16,2444100,29.43000030517578,30.06999969482422,29.40999984741211,29.61000061035156,25.83725357055664
2016-12-15,753600,29.31999969482422,29.6299991607666,29.030000686645508,29.14999961853028,25.435863494873047
2016-12-14,752700,30.729999542236328,30.729999542236328,29.299999237060547,29.36000061035156,25.61910629272461
2016-12-13,1062500,31.06999969482422,31.21999931335449,30.31999969482422,30.61000061035156,26.7098388671875
2016-12-12,760700,30.559999465942383,30.88999938964844,30.549999237060547,30.82999992370605,26.90180778503418
2016-12-09,546400,30.56999969482422,31.13999938964844,30.56999969482422,30.700000762939453,26.78837203979492
2016-12-08,767100,29.89999961853028,30.670000076293945,29.600000381469727,30.59000015258789,26.692386627197266
2016-12-07,538300,29.6200008392334,30.290000915527344,29.6200008392334,30.1200008392334,26.28227424621582
2016-12-06,494800,29.450000762939453,29.670000076293945,29.209999084472656,29.57999992370605,25.811079025268555
2016-12-05,530700,29.1299991607666,29.459999084472656,28.86000061035156,29.40999984741211,25.66273498535156
2016-12-02,624300,28.86000061035156,29.520000457763672,28.780000686645508,29.13999938964844,25.427135467529297
2016-12-01,950900,29.07999992370605,29.15999984741211,28.3799991607666,28.6299991607666,24.982120513916016
2016-11-30,1068800,29.440000534057617,29.71999931335449,29.0,29.3799991607666,25.63655662536621
2016-11-29,780600,29.489999771118164,30.13999938964844,29.489999771118164,29.89999961853028,26.09029960632324
2016-11-28,725800,29.489999771118164,29.739999771118164,29.36000061035156,29.540000915527344,25.776172637939453
2016-11-25,284600,29.26000022888184,29.68000030517578,29.170000076293945,29.420000076293945,25.671463012695312
2016-11-23,707000,28.8799991607666,29.32999992370605,28.76000022888184,29.200000762939453,25.4794921875
2016-11-22,925100,28.82999992370605,29.290000915527344,28.739999771118164,29.21999931335449,25.49694061279297
2016-11-21,653500,28.6200008392334,28.89999961853028,28.549999237060547,28.690000534057617,25.03447532653809
2016-11-18,731800,28.46999931335449,28.68000030517578,28.39999961853028,28.530000686645508,24.89486122131348
2016-11-17,640300,28.809999465942383,29.030000686645508,28.34000015258789,28.450000762939453,24.825056076049805
2016-11-16,1059800,28.450000762939453,28.8799991607666,28.290000915527344,28.809999465942383,25.1391830444336
2016-11-15,944900,28.700000762939453,29.270000457763672,28.190000534057617,28.450000762939453,24.825056076049805
2016-11-14,1672400,28.21999931335449,28.559999465942383,27.51000022888184,28.530000686645508,24.89486122131348
2016-11-11,1432600,27.81999969482422,28.43000030517578,27.81999969482422,27.96999931335449,24.144433975219727
2016-11-10,2170200,28.75,28.75,26.65999984741211,27.739999771118164,23.94589614868164
2016-11-09,1422500,29.440000534057617,29.690000534057617,28.57999992370605,28.86000061035156,24.912708282470703
2016-11-08,720600,30.38999938964844,30.59000015258789,30.239999771118164,30.5,26.32839775085449
2016-11-07,1155800,30.38999938964844,30.6200008392334,30.15999984741211,30.40999984741211,26.25071144104004
2016-11-04,745000,29.76000022888184,30.239999771118164,29.559999465942383,30.049999237060547,25.939945220947266
2016-11-03,659100,30.280000686645508,30.280000686645508,29.57999992370605,29.729999542236328,25.663715362548828
2016-11-02,1001400,30.8700008392334,30.96999931335449,30.309999465942383,30.31999969482422,26.173019409179688
2016-11-01,531500,31.670000076293945,31.75,30.809999465942383,30.84000015258789,26.62189483642578
2016-10-31,527200,31.520000457763672,31.96999931335449,31.25,31.88999938964844,27.528282165527344
2016-10-28,423500,31.559999465942383,31.799999237060547,31.239999771118164,31.32999992370605,27.04487609863281
2016-10-27,454600,32.439998626708984,32.439998626708984,31.36000061035156,31.549999237060547,27.23478507995605
2016-10-26,394700,32.83000183105469,32.83000183105469,32.099998474121094,32.58000183105469,28.123910903930664
2016-10-25,442200,33.06999969482422,33.16999816894531,32.83000183105469,33.08000183105469,28.55552291870117
2016-10-24,421400,33.439998626708984,34.279998779296875,32.70000076293945,33.099998474121094,28.572784423828125
2016-10-21,327400,32.36000061035156,32.7400016784668,32.34000015258789,32.63999938964844,28.17569923400879
2016-10-20,259100,32.470001220703125,32.72999954223633,32.33000183105469,32.560001373291016,28.10664939880371
2016-10-19,290900,32.36000061035156,32.68000030517578,32.36000061035156,32.439998626708984,28.00305938720703
2016-10-18,454700,32.630001068115234,32.72999954223633,32.349998474121094,32.45000076293945,28.011690139770508
2016-10-17,316600,32.369998931884766,32.7400016784668,32.31999969482422,32.380001068115234,27.951265335083008
2016-10-14,583900,32.380001068115234,32.77000045776367,31.979999542236328,32.369998931884766,27.942630767822266
2016-10-13,634200,32.15999984741211,32.65999984741211,32.04999923706055,32.52000045776367,28.072114944458008
2016-10-12,297800,31.989999771118164,32.29999923706055,31.93000030517578,32.22999954223633,27.821781158447266
2016-10-11,370800,32.189998626708984,32.36000061035156,31.81999969482422,31.93000030517578,27.56281089782715
2016-10-10,559600,32.04999923706055,32.560001373291016,31.979999542236328,32.29999923706055,27.88220596313477
2016-10-07,803400,32.290000915527344,32.65999984741211,31.96999931335449,32.04999923706055,27.66639709472656
2016-10-06,1286900,32.08000183105469,32.31999969482422,31.63999938964844,32.09000015258789,27.700927734375
2016-10-05,1614100,33.060001373291016,33.150001525878906,32.15999984741211,32.25,27.839046478271484
2016-10-04,1047700,33.59000015258789,33.599998474121094,32.709999084472656,32.900001525878906,28.40014266967773
2016-10-03,996300,33.90999984741211,33.970001220703125,33.43000030517578,33.61000061035156,29.01303672790528
2016-09-30,1051100,34.599998474121094,34.779998779296875,33.959999084472656,34.060001373291016,29.4014835357666
2016-09-29,545000,34.58000183105469,34.68000030517578,34.18000030517578,34.470001220703125,29.75541305541992
2016-09-28,649600,34.59000015258789,34.84000015258789,34.459999084472656,34.81999969482422,30.05753517150879
2016-09-27,671400,35.369998931884766,35.41999816894531,34.43000030517578,34.459999084472656,29.746776580810547
2016-09-26,537700,35.0,35.34000015258789,34.970001220703125,35.25,30.42872428894043
2016-09-23,653300,34.779998779296875,35.310001373291016,34.43000030517578,35.09000015258789,30.29060745239257
2016-09-22,645800,34.599998474121094,34.95000076293945,34.58000183105469,34.939998626708984,30.1611270904541
2016-09-21,856300,33.709999084472656,34.38999938964844,33.34000015258789,34.27000045776367,29.582761764526367
2016-09-20,487000,34.0099983215332,34.0099983215332,33.68000030517578,33.70000076293945,29.090723037719727
2016-09-19,507700,33.5,33.7599983215332,33.5,33.72999954223633,29.11662101745605
2016-09-16,1898900,33.279998779296875,33.4900016784668,32.93000030517578,33.470001220703125,28.89218521118164
2016-09-15,849000,33.09000015258789,33.29999923706055,32.900001525878906,33.2599983215332,28.710901260375977
2016-09-14,547600,33.150001525878906,33.380001068115234,32.9900016784668,33.04999923706055,28.529624938964844
2016-09-13,713300,33.81999969482422,33.84000015258789,32.79999923706055,32.970001220703125,28.460569381713867
2016-09-12,665200,33.470001220703125,34.11000061035156,33.380001068115234,34.0,29.34968948364257
2016-09-09,1140500,34.9900016784668,35.04999923706055,33.56999969482422,33.630001068115234,29.030298233032227
2016-09-08,528000,35.779998779296875,35.779998779296875,35.459999084472656,35.56999969482422,30.704952239990234
2016-09-07,827700,35.900001525878906,36.02999877929688,35.7400016784668,36.02000045776367,31.09341049194336
2016-09-06,1057400,35.4900016784668,35.900001525878906,35.31999969482422,35.849998474121094,30.94665908813477
2016-09-02,503100,35.04999923706055,35.81999969482422,35.04999923706055,35.43000030517578,30.584104537963867
2016-09-01,531600,35.0,35.18000030517578,34.7400016784668,34.97999954223633,30.19564819335937
2016-08-31,1141700,35.099998474121094,35.220001220703125,34.65999984741211,35.060001373291016,30.264707565307617
2016-08-30,428000,35.41999816894531,35.41999816894531,34.849998474121094,35.20000076293945,30.38556289672852
2016-08-29,444000,35.060001373291016,35.459999084472656,34.97999954223633,35.31999969482422,30.489147186279297
2016-08-26,546500,35.58000183105469,35.810001373291016,34.72999954223633,34.959999084472656,30.178390502929688
2016-08-25,404200,35.33000183105469,35.63999938964844,35.279998779296875,35.54999923706055,30.687686920166016
2016-08-24,493600,35.4900016784668,35.56999969482422,35.029998779296875,35.349998474121094,30.515043258666992
2016-08-23,462800,35.43000030517578,35.56999969482422,35.25,35.47999954223633,30.62726211547852
2016-08-22,420700,35.029998779296875,35.29999923706055,34.970001220703125,35.2400016784668,30.42009353637696
2016-08-19,596200,35.099998474121094,35.310001373291016,34.66999816894531,34.93000030517578,30.15248680114746
2016-08-18,551800,35.29999923706055,35.43000030517578,34.959999084472656,35.099998474121094,30.299240112304688
2016-08-17,510700,34.959999084472656,35.290000915527344,34.68000030517578,35.27000045776367,30.445985794067383
2016-08-16,395400,35.06999969482422,35.119998931884766,34.66999816894531,34.79999923706055,30.04027366638184
2016-08-15,476300,35.59000015258789,35.72999954223633,35.189998626708984,35.22999954223633,30.411455154418945
2016-08-12,606900,35.58000183105469,36.380001068115234,35.58000183105469,35.83000183105469,30.670429229736328
2016-08-11,520100,36.02000045776367,36.02000045776367,35.2400016784668,35.439998626708984,30.336584091186523
2016-08-10,679500,36.0,36.02000045776367,35.709999084472656,35.939998626708984,30.76458549499512
2016-08-09,565700,35.43000030517578,35.849998474121094,35.11000061035156,35.84000015258789,30.678985595703125
2016-08-08,425000,35.38999938964844,35.689998626708984,35.130001068115234,35.41999816894531,30.319467544555664
2016-08-05,616200,35.7400016784668,35.7400016784668,35.310001373291016,35.38999938964844,30.29378890991211
2016-08-04,984900,36.08000183105469,36.59999847412109,35.08000183105469,35.709999084472656,30.567710876464844
2016-08-03,803600,35.54999923706055,35.56999969482422,35.04999923706055,35.099998474121094,30.04554748535156
2016-08-02,617100,36.2400016784668,36.43999862670898,35.58000183105469,35.619998931884766,30.490665435791016
2016-08-01,505600,36.09999847412109,36.5099983215332,36.0,36.5,31.243946075439453
2016-07-29,1623100,35.84000015258789,36.5099983215332,35.84000015258789,36.15999984741211,30.95290946960449
2016-07-28,766000,35.290000915527344,36.02000045776367,35.18000030517578,35.93000030517578,30.756027221679688
2016-07-27,534300,35.54999923706055,35.59000015258789,35.150001525878906,35.380001068115234,30.28523635864257
2016-07-26,792100,35.68000030517578,35.77000045776367,35.369998931884766,35.540000915527344,30.42218780517578
2016-07-25,646300,35.77000045776367,35.88999938964844,35.5099983215332,35.68000030517578,30.542028427124023
2016-07-22,639100,35.560001373291016,36.119998931884766,35.560001373291016,35.7599983215332,30.610504150390625
2016-07-21,649200,35.34000015258789,35.59000015258789,35.13999938964844,35.56999969482422,30.4478702545166
2016-07-20,364000,35.29999923706055,35.540000915527344,35.2599983215332,35.439998626708984,30.336584091186523
2016-07-19,634600,35.2400016784668,35.29999923706055,35.13999938964844,35.279998779296875,30.19962882995605
2016-07-18,571700,35.04999923706055,35.2400016784668,35.029998779296875,35.150001525878906,30.08834648132324
2016-07-15,821600,34.97999954223633,35.0,34.59000015258789,34.95000076293945,29.91714668273925
2016-07-14,532200,35.2400016784668,35.33000183105469,34.900001525878906,34.9900016784668,29.951391220092773
2016-07-13,644000,35.540000915527344,35.619998931884766,35.209999084472656,35.45000076293945,30.34514808654785
2016-07-12,615600,35.810001373291016,35.869998931884766,35.27000045776367,35.38999938964844,30.29378890991211
2016-07-11,819300,35.689998626708984,35.9900016784668,35.22999954223633,35.84000015258789,30.678985595703125
2016-07-08,1464500,35.2599983215332,35.709999084472656,35.15999984741211,35.65999984741211,30.52490997314453
2016-07-07,1148000,35.27000045776367,35.27000045776367,34.689998626708984,35.08000183105469,30.028432846069336
2016-07-06,925000,35.709999084472656,35.91999816894531,35.31999969482422,35.439998626708984,30.336584091186523
2016-07-05,908500,35.63999938964844,35.91999816894531,35.45000076293945,35.81999969482422,30.66186141967773
2016-07-01,2081600,35.27000045776367,35.63999938964844,35.040000915527344,35.5,30.38794708251953
2016-06-30,2025300,34.18000030517578,35.0,33.90999984741211,34.9900016784668,29.951391220092773
2016-06-29,8923500,33.43000030517578,34.7400016784668,33.380001068115234,34.08000183105469,29.17242813110352
2016-06-28,774900,34.560001373291016,34.97999954223633,34.15999984741211,34.939998626708984,29.90859031677246
2016-06-27,788600,33.77000045776367,34.58000183105469,33.59000015258789,34.47999954223633,29.51482582092285
2016-06-24,1482600,33.13999938964844,34.27000045776367,32.83000183105469,33.81999969482422,28.949871063232425
2016-06-23,485900,33.25,33.619998931884766,33.25,33.619998931884766,28.77867126464844
2016-06-22,676100,33.33000183105469,33.43000030517578,33.11000061035156,33.2599983215332,28.47051429748535
2016-06-21,653900,33.439998626708984,33.869998931884766,33.29999923706055,33.650001525878906,28.804351806640625
2016-06-20,650400,33.810001373291016,34.02000045776367,33.33000183105469,33.400001525878906,28.590351104736328
2016-06-17,1611800,33.540000915527344,33.720001220703125,33.279998779296875,33.70000076293945,28.847148895263672
2016-06-16,419200,33.40999984741211,33.7599983215332,33.40999984741211,33.7400016784668,28.881385803222656
2016-06-15,446100,33.459999084472656,33.77000045776367,33.43000030517578,33.630001068115234,28.7872257232666
2016-06-14,466100,33.630001068115234,33.66999816894531,33.369998931884766,33.459999084472656,28.641712188720703
2016-06-13,623900,33.61000061035156,33.970001220703125,33.529998779296875,33.59000015258789,28.752992630004883
2016-06-10,621200,33.380001068115234,33.7599983215332,33.380001068115234,33.58000183105469,28.74443244934082
2016-06-09,974900,33.11000061035156,33.70000076293945,33.04999923706055,33.529998779296875,28.701629638671875
2016-06-08,664900,32.86000061035156,33.16999816894531,32.83000183105469,33.119998931884766,28.35067367553711
2016-06-07,460100,32.58000183105469,32.939998626708984,32.5099983215332,32.849998474121094,28.11955070495605
2016-06-06,525900,32.7599983215332,32.869998931884766,32.33000183105469,32.459999084472656,27.78571128845215
2016-06-03,650900,32.54999923706055,32.86000061035156,32.31999969482422,32.72999954223633,28.016830444335938
2016-06-02,630400,31.989999771118164,32.27000045776367,31.799999237060547,32.27000045776367,27.62307357788086
2016-06-01,900600,31.709999084472656,32.13999938964844,31.63999938964844,32.099998474121094,27.47755241394043
2016-05-31,712900,31.700000762939453,31.8799991607666,31.420000076293945,31.790000915527344,27.212194442749023
2016-05-27,514500,31.57999992370605,31.8700008392334,31.549999237060547,31.71999931335449,27.152273178100582
2016-05-26,491900,31.190000534057617,31.559999465942383,31.1200008392334,31.549999237060547,27.00675201416016
2016-05-25,669000,31.25,31.31999969482422,30.81999969482422,31.18000030517578,26.690034866333008
2016-05-24,742700,30.799999237060547,31.280000686645508,30.76000022888184,31.25,26.74995803833008
2016-05-23,420400,30.559999465942383,30.790000915527344,30.459999084472656,30.6200008392334,26.210674285888672
2016-05-20,946600,30.34000015258789,30.530000686645508,30.190000534057617,30.5,26.10795211791992
2016-05-19,522500,30.46999931335449,30.600000381469727,30.1299991607666,30.31999969482422,25.95387458801269
2016-05-18,684600,31.0,31.1299991607666,30.39999961853028,30.739999771118164,26.313396453857425
2016-05-17,822600,31.68000030517578,31.729999542236328,30.82999992370605,31.049999237060547,26.57875633239746
2016-05-16,1039200,31.170000076293945,32.0099983215332,31.170000076293945,31.780000686645508,27.20363426208496
2016-05-13,833500,30.920000076293945,31.200000762939453,30.700000762939453,31.18000030517578,26.690034866333008
2016-05-12,764800,30.8700008392334,31.1299991607666,30.530000686645508,31.0,26.53595542907715
2016-05-11,960200,31.3799991607666,31.46999931335449,30.40999984741211,31.09000015258789,26.3561954498291
2016-05-10,1441300,31.850000381469727,31.850000381469727,31.299999237060547,31.440000534057617,26.652908325195312
2016-05-09,854000,31.51000022888184,31.850000381469727,31.43000030517578,31.709999084472656,26.881792068481445
2016-05-06,658400,31.040000915527344,31.51000022888184,30.8799991607666,31.440000534057617,26.652908325195312
2016-05-05,846900,31.549999237060547,31.57999992370605,30.76000022888184,31.059999465942383,26.33075904846192
2016-05-04,986800,30.739999771118164,31.309999465942383,30.739999771118164,31.100000381469727,26.36467170715332
2016-05-03,372800,30.809999465942383,31.030000686645508,30.56999969482422,30.8700008392334,26.16969490051269
2016-05-02,446500,30.350000381469727,30.790000915527344,30.34000015258789,30.780000686645508,26.09339714050293
2016-04-29,660300,30.209999084472656,30.520000457763672,30.049999237060547,30.280000686645508,25.66952896118164
2016-04-28,348800,30.31999969482422,30.64999961853028,30.31999969482422,30.420000076293945,25.7882137298584
2016-04-27,391100,30.32999992370605,30.57999992370605,30.18000030517578,30.520000457763672,25.87298393249512
2016-04-26,358900,30.270000457763672,30.61000061035156,30.200000762939453,30.43000030517578,25.79668617248535
2016-04-25,279900,29.559999465942383,30.170000076293945,29.559999465942383,30.170000076293945,25.576276779174805
2016-04-22,401900,29.559999465942383,29.89999961853028,29.450000762939453,29.690000534057617,25.169363021850582
2016-04-21,576200,30.209999084472656,30.3700008392334,29.420000076293945,29.450000762939453,24.965904235839844
2016-04-20,529400,30.93000030517578,30.96999931335449,30.239999771118164,30.270000457763672,25.66104888916016
2016-04-19,260200,30.790000915527344,31.01000022888184,30.709999084472656,30.989999771118164,26.271425247192383
2016-04-18,363600,30.71999931335449,30.88999938964844,30.39999961853028,30.8799991607666,26.17816925048828
2016-04-15,436300,30.420000076293945,30.729999542236328,30.420000076293945,30.729999542236328,26.05101203918457
2016-04-14,269700,30.489999771118164,30.51000022888184,30.34000015258789,30.450000762939453,25.81364631652832
2016-04-13,608100,30.770000457763672,30.770000457763672,30.34000015258789,30.530000686645508,25.88146209716797
2016-04-12,334600,30.420000076293945,30.709999084472656,30.420000076293945,30.65999984741211,25.99166679382324
2016-04-11,350000,30.450000762939453,30.64999961853028,30.43000030517578,30.440000534057617,25.80516242980957
2016-04-08,689100,30.26000022888184,30.40999984741211,30.06999969482422,30.36000061035156,25.73734664916992
2016-04-07,607200,30.18000030517578,30.280000686645508,29.979999542236328,30.13999938964844,25.550844192504883
2016-04-06,582200,30.46999931335449,30.479999542236328,30.1200008392334,30.270000457763672,25.66104888916016
2016-04-05,626900,30.670000076293945,30.8799991607666,30.530000686645508,30.540000915527344,25.889942169189453
2016-04-04,545500,30.57999992370605,30.950000762939453,30.57999992370605,30.90999984741211,26.203601837158203
2016-04-01,700300,30.739999771118164,30.82999992370605,30.51000022888184,30.600000381469727,25.940805435180664
2016-03-31,767800,30.559999465942383,30.96999931335449,30.3700008392334,30.88999938964844,26.186643600463867
2016-03-30,378100,31.01000022888184,31.09000015258789,30.64999961853028,30.65999984741211,25.99166679382324
2016-03-29,816200,30.049999237060547,30.989999771118164,30.049999237060547,30.940000534057617,26.22903823852539
2016-03-28,404800,29.90999984741211,30.1299991607666,29.799999237060547,30.040000915527344,25.46607208251953
2016-03-24,623800,29.809999465942383,29.920000076293945,29.530000686645508,29.84000015258789,25.296520233154297
2016-03-23,756900,30.040000915527344,30.1200008392334,29.729999542236328,29.88999938964844,25.33890914916992
2016-03-22,726400,29.51000022888184,29.729999542236328,29.459999084472656,29.65999984741211,25.143922805786133
2016-03-21,871900,30.09000015258789,30.1299991607666,29.489999771118164,29.549999237060547,25.050676345825195
2016-03-18,2168000,30.040000915527344,30.350000381469727,29.8799991607666,30.15999984741211,25.56779861450196
2016-03-17,631800,29.780000686645508,30.14999961853028,29.690000534057617,30.040000915527344,25.46607208251953
2016-03-16,319300,29.530000686645508,29.799999237060547,29.31999969482422,29.76000022888184,25.22870445251465
2016-03-15,417800,29.34000015258789,29.700000762939453,29.34000015258789,29.559999465942383,25.05915260314941
2016-03-14,478900,29.65999984741211,29.790000915527344,29.450000762939453,29.489999771118164,24.999813079833984
2016-03-11,728600,29.57999992370605,29.88999938964844,29.420000076293945,29.75,25.2202262878418
2016-03-10,698300,29.57999992370605,29.670000076293945,29.07999992370605,29.309999465942383,24.84722137451172
2016-03-09,791600,29.280000686645508,29.71999931335449,29.26000022888184,29.39999961853028,24.92351531982422
2016-03-08,787500,29.229999542236328,29.559999465942383,29.18000030517578,29.309999465942383,24.84722137451172
2016-03-07,1040100,29.40999984741211,29.530000686645508,29.030000686645508,29.26000022888184,24.804834365844727
2016-03-04,16861000,29.959999084472656,29.979999542236328,29.5,29.5,25.00829315185547
2016-03-03,571700,29.729999542236328,29.920000076293945,29.549999237060547,29.920000076293945,25.36433982849121
2016-03-02,720200,29.5,29.709999084472656,29.3799991607666,29.68000030517578,25.16088485717773
2016-03-01,604800,29.100000381469727,29.56999969482422,29.100000381469727,29.520000457763672,25.02524375915528
2016-02-29,972800,28.700000762939453,29.26000022888184,28.65999984741211,29.01000022888184,24.592897415161133
2016-02-26,766200,28.8799991607666,29.030000686645508,28.6299991607666,28.709999084472656,24.338573455810547
2016-02-25,473300,28.809999465942383,29.1299991607666,28.809999465942383,28.96999931335449,24.558988571166992
2016-02-24,517500,28.309999465942383,28.76000022888184,28.309999465942383,28.65999984741211,24.29619026184082
2016-02-23,516300,28.32999992370605,28.57999992370605,28.32999992370605,28.40999984741211,24.084253311157227
2016-02-22,843200,28.57999992370605,28.71999931335449,28.13999938964844,28.34000015258789,24.02491569519043
2016-02-19,468700,28.200000762939453,28.700000762939453,28.01000022888184,28.600000381469727,24.245323181152344
2016-02-18,877000,28.040000915527344,28.489999771118164,27.88999938964844,28.200000762939453,23.90622901916504
2016-02-17,1283800,28.299999237060547,28.8799991607666,27.51000022888184,28.07999992370605,23.804502487182617
2016-02-16,1042100,28.350000381469727,28.81999969482422,27.959999084472656,28.729999542236328,24.35553359985352
2016-02-12,1251400,28.239999771118164,28.64999961853028,28.040000915527344,28.479999542236328,23.8892765045166
2016-02-11,4181200,27.63999938964844,28.290000915527344,27.51000022888184,28.1200008392334,23.587305068969727
2016-02-10,703900,27.940000534057617,28.540000915527344,27.850000381469727,28.1200008392334,23.587305068969727
2016-02-09,1273100,28.15999984741211,28.40999984741211,27.770000457763672,27.82999992370605,23.34404754638672
2016-02-08,961400,28.59000015258789,28.88999938964844,27.959999084472656,28.459999084472656,23.872499465942383
2016-02-05,785200,29.15999984741211,29.26000022888184,28.780000686645508,28.790000915527344,24.149303436279297
2016-02-04,724700,29.06999969482422,29.3700008392334,28.93000030517578,29.299999237060547,24.57710075378418
2016-02-03,1204100,28.989999771118164,29.5,28.76000022888184,29.299999237060547,24.57710075378418
2016-02-02,1159700,29.1200008392334,29.32999992370605,28.790000915527344,28.850000381469727,24.19963455200196
2016-02-01,860100,28.96999931335449,29.479999542236328,28.84000015258789,29.21999931335449,24.509994506835938
2016-01-29,1361700,28.65999984741211,29.299999237060547,28.530000686645508,29.040000915527344,24.3590087890625
2016-01-28,1052800,29.15999984741211,29.43000030517578,28.489999771118164,28.5,23.906049728393555
2016-01-27,899200,29.6200008392334,29.63999938964844,28.75,28.979999542236328,24.30867958068848
2016-01-26,917500,29.229999542236328,29.75,29.21999931335449,29.709999084472656,24.92101287841797
2016-01-25,899300,29.520000457763672,29.75,28.940000534057617,29.040000915527344,24.3590087890625
2016-01-22,830400,28.940000534057617,29.8799991607666,28.82999992370605,29.540000915527344,24.778413772583008
2016-01-21,747800,28.56999969482422,29.14999961853028,28.290000915527344,28.65999984741211,24.04026222229004
2016-01-20,1267200,28.790000915527344,28.84000015258789,28.13999938964844,28.440000534057617,23.855722427368164
2016-01-19,737500,28.280000686645508,29.190000534057617,28.170000076293945,29.049999237060547,24.36739730834961
2016-01-15,943700,27.739999771118164,28.200000762939453,27.5,28.170000076293945,23.62924575805664
2016-01-14,784300,28.3700008392334,28.5,28.13999938964844,28.239999771118164,23.687959671020508
2016-01-13,577400,28.71999931335449,29.01000022888184,28.229999542236328,28.32999992370605,23.76345634460449
2016-01-12,1142400,28.989999771118164,29.0,28.530000686645508,28.71999931335449,24.09058952331543
2016-01-11,1122900,28.3799991607666,29.209999084472656,28.32999992370605,28.850000381469727,24.19963455200196
2016-01-08,834000,28.440000534057617,28.51000022888184,28.18000030517578,28.34000015258789,23.771841049194336
2016-01-07,952300,28.209999084472656,28.46999931335449,28.100000381469727,28.40999984741211,23.83055877685547
2016-01-06,748400,28.479999542236328,28.82999992370605,28.36000061035156,28.56999969482422,23.964767456054688
2016-01-05,555100,27.959999084472656,28.84000015258789,27.959999084472656,28.700000762939453,24.07381820678711
2016-01-04,934900,28.01000022888184,28.07999992370605,27.81999969482422,27.920000076293945,23.419544219970703
2015-12-31,1452700,28.450000762939453,28.479999542236328,28.1200008392334,28.31999969482422,23.75506591796875
2015-12-30,832100,28.32999992370605,28.479999542236328,28.1200008392334,28.270000457763672,23.71312713623047
2015-12-29,671900,28.14999961853028,28.51000022888184,28.030000686645508,28.32999992370605,23.76345634460449
2015-12-28,583100,27.81999969482422,28.13999938964844,27.64999961853028,28.06999969482422,23.54535865783692
2015-12-24,193500,27.89999961853028,27.920000076293945,27.700000762939453,27.81999969482422,23.335664749145508
2015-12-23,581000,27.75,27.940000534057617,27.14999961853028,27.89999961853028,23.40276527404785
2015-12-22,583000,27.63999938964844,27.89999961853028,27.549999237060547,27.68000030517578,23.21822929382324
2015-12-21,558700,27.63999938964844,27.959999084472656,27.40999984741211,27.540000915527344,23.100801467895508
2015-12-18,1695700,27.559999465942383,27.690000534057617,27.32999992370605,27.51000022888184,23.07563209533692
2015-12-17,487800,28.0,28.030000686645508,27.709999084472656,27.709999084472656,23.24339485168457
2015-12-16,718800,27.790000915527344,27.989999771118164,27.63999938964844,27.950000762939453,23.44470977783203
2015-12-15,584400,27.600000381469727,27.82999992370605,27.40999984741211,27.700000762939453,23.23500633239746
2015-12-14,554600,26.959999084472656,27.350000381469727,26.959999084472656,27.309999465942383,22.907873153686523
2015-12-11,798600,26.64999961853028,27.13999938964844,26.57999992370605,27.01000022888184,22.656227111816406
2015-12-10,636600,27.13999938964844,27.25,26.790000915527344,26.82999992370605,22.5052433013916
2015-12-09,697500,27.600000381469727,27.729999542236328,26.96999931335449,27.1299991607666,22.756879806518555
2015-12-08,403500,27.09000015258789,27.36000061035156,27.020000457763672,27.290000915527344,22.89109230041504
2015-12-07,452700,27.06999969482422,27.280000686645508,26.959999084472656,27.14999961853028,22.773656845092773
2015-12-04,521500,26.90999984741211,27.38999938964844,26.86000061035156,27.11000061035156,22.740110397338867
2015-12-03,542700,27.09000015258789,27.270000457763672,26.71999931335449,26.84000015258789,22.51362609863281
2015-12-02,772400,27.739999771118164,27.82999992370605,27.13999938964844,27.15999984741211,22.78205108642578
2015-12-01,531900,27.290000915527344,27.81999969482422,27.209999084472656,27.799999237060547,23.318883895874023
2015-11-30,760000,27.15999984741211,27.40999984741211,27.11000061035156,27.190000534057617,22.80721473693848
2015-11-27,396100,26.81999969482422,27.34000015258789,26.81999969482422,27.1200008392334,22.748498916625977
2015-11-25,419400,26.75,27.0,26.64999961853028,26.89999961853028,22.56396484375
2015-11-24,494200,26.670000076293945,26.770000457763672,26.420000076293945,26.68000030517578,22.3794174194336
2015-11-23,859700,26.6200008392334,26.96999931335449,26.46999931335449,26.82999992370605,22.5052433013916
2015-11-20,783200,26.270000457763672,26.780000686645508,26.21999931335449,26.61000061035156,22.32070541381836
2015-11-19,781400,25.809999465942383,26.200000762939453,25.75,26.1200008392334,21.90968894958496
2015-11-18,554300,25.739999771118164,25.88999938964844,25.6299991607666,25.780000686645508,21.62449073791504
2015-11-17,386200,25.71999931335449,26.059999465942383,25.68000030517578,25.68000030517578,21.540611267089844
2015-11-16,455800,25.31999969482422,25.809999465942383,25.209999084472656,25.799999237060547,21.641265869140625
2015-11-13,689600,25.21999931335449,25.559999465942383,25.200000762939453,25.34000015258789,21.255416870117188
2015-11-12,520200,25.280000686645508,25.530000686645508,25.0,25.21999931335449,21.154756546020508
2015-11-11,492300,25.670000076293945,25.770000457763672,25.549999237060547,25.65999984741211,21.27219009399414
2015-11-10,681300,25.3799991607666,25.68000030517578,25.32999992370605,25.59000015258789,21.21415901184082
2015-11-09,951500,25.46999931335449,25.549999237060547,24.940000534057617,25.31999969482422,20.99032974243164
2015-11-06,1474200,25.709999084472656,25.959999084472656,25.36000061035156,25.59000015258789,21.21415901184082
2015-11-05,1846000,25.89999961853028,26.06999969482422,25.56999969482422,25.989999771118164,21.545766830444336
2015-11-04,1573400,26.170000076293945,26.299999237060547,25.790000915527344,25.84000015258789,21.42141342163086
2015-11-03,1154100,26.459999084472656,26.459999084472656,25.979999542236328,26.170000076293945,21.694982528686523
2015-11-02,1034500,26.34000015258789,26.559999465942383,26.18000030517578,26.540000915527344,22.001712799072266
2015-10-30,702300,26.8700008392334,26.96999931335449,26.350000381469727,26.36000061035156,21.85249710083008
2015-10-29,957200,27.209999084472656,27.31999969482422,26.700000762939453,26.86000061035156,22.266998291015625
2015-10-28,1125200,27.170000076293945,27.43000030517578,26.739999771118164,27.31999969482422,22.648334503173828
2015-10-27,1061700,27.06999969482422,27.31999969482422,27.049999237060547,27.200000762939453,22.54885673522949
2015-10-26,1108300,26.96999931335449,27.13999938964844,26.670000076293945,27.1200008392334,22.482540130615234
2015-10-23,767100,27.100000381469727,27.270000457763672,26.64999961853028,26.940000534057617,22.333314895629883
2015-10-22,856700,26.76000022888184,27.1299991607666,26.700000762939453,27.1200008392334,22.482540130615234
2015-10-21,818500,26.96999931335449,26.989999771118164,26.670000076293945,26.690000534057617,22.12606811523437
2015-10-20,1160800,26.57999992370605,26.93000030517578,26.56999969482422,26.90999984741211,22.30844497680664
2015-10-19,721800,26.3799991607666,26.690000534057617,26.36000061035156,26.68000030517578,22.117774963378903
2015-10-16,744000,26.020000457763672,26.43000030517578,26.01000022888184,26.40999984741211,21.893943786621094
2015-10-15,637300,25.709999084472656,26.0,25.6299991607666,25.989999771118164,21.545766830444336
2015-10-14,1165700,26.07999992370605,26.1200008392334,25.559999465942383,25.6299991607666,21.24732208251953
2015-10-13,645900,26.14999961853028,26.309999465942383,25.8799991607666,26.0,21.55405616760254
2015-10-12,979600,26.11000061035156,26.59000015258789,26.06999969482422,26.209999084472656,21.72814178466797
2015-10-09,730300,26.25,26.280000686645508,25.940000534057617,26.07999992370605,21.62037467956543
2015-10-08,891200,26.190000534057617,26.3799991607666,25.8799991607666,26.270000457763672,21.77788352966309
2015-10-07,1164800,25.64999961853028,26.209999084472656,25.46999931335449,26.200000762939453,21.71985626220703
2015-10-06,1353900,25.71999931335449,25.96999931335449,25.059999465942383,25.64999961853028,21.263900756835938
2015-10-05,1004200,25.299999237060547,25.770000457763672,25.26000022888184,25.75,21.3468074798584
2015-10-02,1173300,24.86000061035156,25.21999931335449,24.63999938964844,25.21999931335449,20.90743064880371
2015-10-01,1309300,24.920000076293945,25.040000915527344,24.700000762939453,24.920000076293945,20.65873336791992
2015-09-30,1895600,25.09000015258789,25.100000381469727,24.21999931335449,24.850000381469727,20.600704193115234
2015-09-29,1472400,24.670000076293945,25.06999969482422,24.520000457763672,24.93000030517578,20.66702079772949
2015-09-28,1305300,24.799999237060547,24.86000061035156,24.280000686645508,24.549999237060547,20.352001190185547
2015-09-25,1242700,24.59000015258789,24.8799991607666,24.39999961853028,24.850000381469727,20.600704193115234
2015-09-24,1065300,24.40999984741211,24.56999969482422,24.31999969482422,24.51000022888184,20.3188419342041
2015-09-23,600900,24.1299991607666,24.57999992370605,24.049999237060547,24.459999084472656,20.277387619018555
2015-09-22,529600,24.049999237060547,24.229999542236328,23.96999931335449,24.100000381469727,19.97894859313965
2015-09-21,648400,23.82999992370605,24.270000457763672,23.770000457763672,24.209999084472656,20.07013893127441
2015-09-18,1201700,23.56999969482422,24.270000457763672,23.479999542236328,23.93000030517578,19.8380184173584
2015-09-17,897000,23.21999931335449,24.1299991607666,23.21999931335449,23.809999465942383,19.73853874206543
2015-09-16,663100,22.979999542236328,23.450000762939453,22.979999542236328,23.270000457763672,19.29088020324707
2015-09-15,966700,22.8700008392334,23.21999931335449,22.729999542236328,23.01000022888184,19.075336456298828
2015-09-14,786000,22.46999931335449,22.86000061035156,22.43000030517578,22.84000015258789,18.93440818786621
2015-09-11,829500,22.06999969482422,22.540000915527344,22.01000022888184,22.420000076293945,18.586225509643555
2015-09-10,539500,22.170000076293945,22.40999984741211,22.020000457763672,22.11000061035156,18.32923698425293
2015-09-09,625100,22.520000457763672,22.559999465942383,22.170000076293945,22.229999542236328,18.428714752197266
2015-09-08,645400,22.39999961853028,22.520000457763672,22.229999542236328,22.420000076293945,18.586225509643555
2015-09-04,652200,22.440000534057617,22.540000915527344,22.030000686645508,22.170000076293945,18.37897682189941
2015-09-03,829300,22.700000762939453,22.8799991607666,22.549999237060547,22.6200008392334,18.752029418945312
2015-09-02,881100,22.540000915527344,22.670000076293945,22.31999969482422,22.65999984741211,18.78518295288086
2015-09-01,672900,22.59000015258789,22.729999542236328,22.190000534057617,22.36000061035156,18.53648567199707
2015-08-31,925200,23.3700008392334,23.39999961853028,22.84000015258789,22.89999961853028,18.98414802551269
2015-08-28,572400,23.46999931335449,23.540000915527344,23.239999771118164,23.420000076293945,19.41522979736328
2015-08-27,1065700,23.450000762939453,23.700000762939453,23.13999938964844,23.46999931335449,19.456676483154297
2015-08-26,1102800,23.51000022888184,23.61000061035156,22.93000030517578,23.350000381469727,19.357196807861328
2015-08-25,725500,23.84000015258789,23.850000381469727,22.780000686645508,22.799999237060547,18.9012451171875
2015-08-24,890500,23.600000381469727,23.82999992370605,23.34000015258789,23.39999961853028,19.398651123046875
2015-08-21,1109200,24.59000015258789,25.030000686645508,24.43000030517578,24.450000762939453,20.269100189208984
2015-08-20,878300,24.88999938964844,25.239999771118164,24.709999084472656,24.989999771118164,20.71676445007324
2015-08-19,680900,24.71999931335449,25.049999237060547,24.56999969482422,24.950000762939453,20.6835994720459
2015-08-18,456500,24.68000030517578,24.8700008392334,24.57999992370605,24.850000381469727,20.600704193115234
2015-08-17,596200,24.309999465942383,24.729999542236328,24.25,24.729999542236328,20.50122261047364
2015-08-14,363000,24.0,24.32999992370605,23.93000030517578,24.309999465942383,20.153039932250977
2015-08-13,440000,24.11000061035156,24.25,23.690000534057617,24.07999992370605,19.962366104125977
2015-08-12,768100,24.25,24.3799991607666,24.01000022888184,24.34000015258789,19.92921257019043
2015-08-11,571700,24.26000022888184,24.540000915527344,24.18000030517578,24.3799991607666,19.96196174621582
2015-08-10,558900,24.420000076293945,24.51000022888184,24.1200008392334,24.25,19.855518341064453
2015-08-07,526600,24.209999084472656,24.440000534057617,23.940000534057617,24.3799991607666,19.96196174621582
2015-08-06,1120100,24.059999465942383,24.25,23.520000457763672,24.25,19.855518341064453
2015-08-05,2350300,24.229999542236328,24.31999969482422,23.8700008392334,24.209999084472656,19.8227653503418
2015-08-04,596700,24.350000381469727,24.51000022888184,24.11000061035156,24.290000915527344,19.88827514648437
2015-08-03,578500,24.06999969482422,24.32999992370605,23.96999931335449,24.31999969482422,19.912839889526367
2015-07-31,552600,23.96999931335449,24.190000534057617,23.950000762939453,24.040000915527344,19.683574676513672
2015-07-30,486100,23.940000534057617,24.020000457763672,23.739999771118164,23.780000686645508,19.470691680908203
2015-07-29,564300,23.790000915527344,24.059999465942383,23.540000915527344,23.989999771118164,19.642637252807617
2015-07-28,485900,23.8700008392334,23.959999084472656,23.65999984741211,23.82999992370605,19.51162910461425
2015-07-27,541800,23.88999938964844,24.13999938964844,23.82999992370605,23.8700008392334,19.54438018798828
2015-07-24,636800,23.799999237060547,24.040000915527344,23.770000457763672,23.86000061035156,19.53619384765625
2015-07-23,867800,24.06999969482422,24.07999992370605,23.709999084472656,23.86000061035156,19.53619384765625
2015-07-22,391900,23.850000381469727,24.100000381469727,23.850000381469727,24.059999465942383,19.699949264526367
2015-07-21,545300,23.920000076293945,24.0,23.81999969482422,23.850000381469727,19.52800750732422
2015-07-20,598000,23.690000534057617,23.93000030517578,23.57999992370605,23.920000076293945,19.5853214263916
2015-07-17,508600,23.850000381469727,23.86000061035156,23.65999984741211,23.739999771118164,19.43793678283692
2015-07-16,351300,23.799999237060547,23.959999084472656,23.75,23.86000061035156,19.53619384765625
2015-07-15,563100,23.76000022888184,23.84000015258789,23.64999961853028,23.729999542236328,19.42974853515625
2015-07-14,667500,24.0,24.040000915527344,23.799999237060547,23.82999992370605,19.51162910461425
2015-07-13,650400,24.190000534057617,24.280000686645508,23.89999961853028,23.959999084472656,19.618072509765625
2015-07-10,998500,23.96999931335449,24.270000457763672,23.8799991607666,24.040000915527344,19.683574676513672
2015-07-09,947900,24.26000022888184,24.3700008392334,23.84000015258789,23.89999961853028,19.56894302368164
2015-07-08,597700,24.11000061035156,24.26000022888184,24.0,24.200000762939453,19.81457901000977
2015-07-07,674300,23.979999542236328,24.299999237060547,23.8799991607666,24.15999984741211,19.78182983398437
2015-07-06,708100,23.549999237060547,23.90999984741211,23.489999771118164,23.86000061035156,19.53619384765625
2015-07-02,883000,23.61000061035156,23.950000762939453,23.46999931335449,23.6200008392334,19.33968544006348
2015-07-01,1198700,23.25,23.46999931335449,23.020000457763672,23.459999084472656,19.208675384521484
2015-06-30,968900,23.5,23.520000457763672,23.15999984741211,23.26000022888184,19.044921875
2015-06-29,1071800,23.420000076293945,23.86000061035156,23.3799991607666,23.39999961853028,19.15955352783203
2015-06-26,763700,23.26000022888184,23.549999237060547,23.100000381469727,23.46999931335449,19.21686744689941
2015-06-25,999300,23.459999084472656,23.459999084472656,23.170000076293945,23.280000686645508,19.06129646301269
2015-06-24,1532900,23.420000076293945,23.489999771118164,23.229999542236328,23.43000030517578,19.184120178222656
2015-06-23,450000,23.670000076293945,23.780000686645508,23.39999961853028,23.420000076293945,19.175928115844727
2015-06-22,665100,24.09000015258789,24.13999938964844,23.770000457763672,23.780000686645508,19.470691680908203
2015-06-19,749500,24.0,24.14999961853028,23.739999771118164,24.06999969482422,19.708139419555664
2015-06-18,852400,23.850000381469727,24.13999938964844,23.790000915527344,24.049999237060547,19.691755294799805
2015-06-17,547600,23.780000686645508,23.850000381469727,23.43000030517578,23.790000915527344,19.4788818359375
2015-06-16,597500,23.39999961853028,23.76000022888184,23.31999969482422,23.76000022888184,19.45431137084961
2015-06-15,467000,23.489999771118164,23.530000686645508,23.270000457763672,23.40999984741211,19.16774177551269
2015-06-12,348200,23.459999084472656,23.61000061035156,23.3799991607666,23.5,19.241426467895508
2015-06-11,702700,23.59000015258789,23.670000076293945,23.40999984741211,23.51000022888184,19.24961853027344
2015-06-10,770400,23.31999969482422,23.82999992370605,23.26000022888184,23.46999931335449,19.21686744689941
2015-06-09,489200,23.56999969482422,23.61000061035156,23.200000762939453,23.299999237060547,19.077667236328125
2015-06-08,736700,23.39999961853028,23.61000061035156,23.25,23.59000015258789,19.31512260437012
2015-06-05,1002400,23.5,23.729999542236328,23.18000030517578,23.39999961853028,19.15955352783203
2015-06-04,1746000,23.559999465942383,23.86000061035156,23.43000030517578,23.799999237060547,19.48706817626953
2015-06-03,404600,23.959999084472656,23.989999771118164,23.559999465942383,23.65999984741211,19.37242889404297
2015-06-02,621600,24.059999465942383,24.13999938964844,23.86000061035156,23.989999771118164,19.642637252807617
2015-06-01,540300,23.8799991607666,24.209999084472656,23.76000022888184,24.1299991607666,19.75726318359375
2015-05-29,1103100,24.11000061035156,24.229999542236328,23.770000457763672,23.81999969482422,19.50343894958496
2015-05-28,664100,24.190000534057617,24.290000915527344,23.959999084472656,24.06999969482422,19.708139419555664
2015-05-27,566000,24.100000381469727,24.270000457763672,24.030000686645508,24.239999771118164,19.847335815429688
2015-05-26,769900,24.65999984741211,24.65999984741211,23.950000762939453,24.06999969482422,19.708139419555664
2015-05-22,691800,24.209999084472656,24.299999237060547,24.09000015258789,24.18000030517578,19.79820442199707
2015-05-21,1098100,24.350000381469727,24.51000022888184,24.239999771118164,24.270000457763672,19.87189483642578
2015-05-20,668400,24.440000534057617,24.559999465942383,24.270000457763672,24.309999465942383,19.90464782714844
2015-05-19,428600,24.450000762939453,24.600000381469727,24.40999984741211,24.440000534057617,20.01108741760254
2015-05-18,814000,24.46999931335449,24.59000015258789,24.270000457763672,24.540000915527344,20.09296226501465
2015-05-15,730200,24.520000457763672,24.850000381469727,24.459999084472656,24.559999465942383,20.109336853027344
2015-05-14,554200,24.18000030517578,24.479999542236328,24.100000381469727,24.46999931335449,20.035654067993164
2015-05-13,695300,24.940000534057617,25.049999237060547,24.32999992370605,24.38999938964844,19.72451400756836
2015-05-12,624100,24.709999084472656,24.90999984741211,24.350000381469727,24.799999237060547,20.05608367919922
2015-05-11,643200,25.190000534057617,25.440000534057617,24.809999465942383,24.89999961853028,20.136960983276367
2015-05-08,783000,25.290000915527344,25.770000457763672,25.239999771118164,25.290000915527344,20.452356338500977
2015-05-07,725300,24.739999771118164,25.209999084472656,24.739999771118164,25.059999465942383,20.26635360717773
2015-05-06,683100,25.11000061035156,25.13999938964844,24.63999938964844,24.81999969482422,20.072263717651367
2015-05-05,962000,25.68000030517578,25.690000534057617,24.950000762939453,25.059999465942383,20.26635360717773
2015-05-04,473700,26.06999969482422,26.13999938964844,25.65999984741211,25.76000022888184,20.83245658874512
2015-05-01,930500,25.61000061035156,26.030000686645508,25.540000915527344,25.950000762939453,20.986103057861328
2015-04-30,549800,26.030000686645508,26.030000686645508,25.40999984741211,25.600000381469727,20.703054428100582
2015-04-29,377400,26.51000022888184,26.6299991607666,26.100000381469727,26.18000030517578,21.1721134185791
2015-04-28,417500,26.68000030517578,26.8700008392334,26.479999542236328,26.770000457763672,21.649248123168945
2015-04-27,401300,26.959999084472656,27.14999961853028,26.6299991607666,26.790000915527344,21.665424346923828
2015-04-24,440700,26.89999961853028,27.040000915527344,26.770000457763672,26.959999084472656,21.80290412902832
2015-04-23,385200,26.82999992370605,26.920000076293945,26.65999984741211,26.8799991607666,21.73820686340332
2015-04-22,571100,26.709999084472656,26.8700008392334,26.5,26.86000061035156,21.722034454345703
2015-04-21,718000,26.520000457763672,26.76000022888184,26.420000076293945,26.75,21.633075714111328
2015-04-20,426300,26.40999984741211,26.6200008392334,26.309999465942383,26.420000076293945,21.36620140075684
2015-04-17,1170900,26.31999969482422,26.61000061035156,26.13999938964844,26.309999465942383,21.277238845825195
2015-04-16,538500,26.309999465942383,26.57999992370605,26.100000381469727,26.459999084472656,21.398550033569336
2015-04-15,833100,26.76000022888184,26.81999969482422,26.38999938964844,26.40999984741211,21.35811233520508
2015-04-14,564300,26.86000061035156,26.96999931335449,26.76000022888184,26.84000015258789,21.70585823059082
2015-04-13,413200,26.850000381469727,26.8799991607666,26.729999542236328,26.76000022888184,21.64116477966309
2015-04-10,856900,27.06999969482422,27.239999771118164,26.729999542236328,26.81999969482422,21.689685821533203
2015-04-09,895200,27.459999084472656,27.459999084472656,26.809999465942383,26.850000381469727,21.71394920349121
2015-04-08,574800,27.600000381469727,27.76000022888184,27.479999542236328,27.489999771118164,22.23152542114257
2015-04-07,667100,28.18000030517578,28.18000030517578,27.549999237060547,27.6200008392334,22.336658477783203
2015-04-06,485800,28.030000686645508,28.38999938964844,27.940000534057617,28.26000022888184,22.854228973388672
2015-04-02,760800,27.88999938964844,28.1200008392334,27.780000686645508,27.950000762939453,22.60353279113769
2015-04-01,677300,27.670000076293945,27.93000030517578,27.440000534057617,27.84000015258789,22.51457405090332
2015-03-31,892000,27.89999961853028,28.0,27.670000076293945,27.780000686645508,22.466049194335938
2015-03-30,730600,27.46999931335449,27.950000762939453,27.46999931335449,27.90999984741211,22.57118034362793
2015-03-27,533800,27.3700008392334,27.51000022888184,27.190000534057617,27.39999961853028,22.158737182617188
2015-03-26,430600,27.38999938964844,27.559999465942383,27.190000534057617,27.309999465942383,22.085952758789062
2015-03-25,589100,27.950000762939453,28.020000457763672,27.32999992370605,27.450000762939453,22.19917869567871
2015-03-24,515800,28.030000686645508,28.07999992370605,27.809999465942383,27.88999938964844,22.555009841918945
2015-03-23,511400,28.1200008392334,28.420000076293945,27.940000534057617,28.059999465942383,22.69249153137207
2015-03-20,1524800,27.299999237060547,28.209999084472656,27.18000030517578,28.11000061035156,22.7329216003418
2015-03-19,1054900,27.040000915527344,27.34000015258789,26.959999084472656,27.209999084472656,22.00508689880371
2015-03-18,924200,26.61000061035156,27.229999542236328,26.190000534057617,27.13999938964844,21.948474884033203
2015-03-17,932600,26.700000762939453,26.82999992370605,26.489999771118164,26.57999992370605,21.49559593200684
2015-03-16,458000,26.670000076293945,27.06999969482422,26.670000076293945,26.700000762939453,21.59263610839844
2015-03-13,818300,26.739999771118164,26.770000457763672,26.26000022888184,26.530000686645508,21.45516014099121
2015-03-12,656800,26.51000022888184,26.86000061035156,26.36000061035156,26.729999542236328,21.61690330505371
2015-03-11,761500,26.40999984741211,26.530000686645508,26.07999992370605,26.350000381469727,21.30959701538086
2015-03-10,660600,26.34000015258789,26.6200008392334,26.25,26.420000076293945,21.36620140075684
2015-03-09,589700,26.209999084472656,26.540000915527344,26.190000534057617,26.420000076293945,21.36620140075684
2015-03-06,957100,27.26000022888184,27.26000022888184,26.030000686645508,26.07999992370605,21.091238021850582
2015-03-05,326900,27.700000762939453,27.88999938964844,27.51000022888184,27.549999237060547,22.280044555664062
2015-03-04,523100,27.780000686645508,27.89999961853028,27.479999542236328,27.600000381469727,22.320486068725582
2015-03-03,978900,28.100000381469727,28.36000061035156,27.63999938964844,27.81999969482422,22.49839973449707
2015-03-02,941900,28.56999969482422,28.90999984741211,28.18000030517578,28.229999542236328,22.82996940612793
2015-02-27,638900,28.3799991607666,28.59000015258789,28.06999969482422,28.540000915527344,23.080671310424805
2015-02-26,608600,28.729999542236328,28.729999542236328,28.25,28.34000015258789,22.918933868408203
2015-02-25,614300,28.709999084472656,29.15999984741211,28.65999984741211,28.76000022888184,23.25858497619629
2015-02-24,1083100,29.059999465942383,29.059999465942383,28.459999084472656,28.64999961853028,23.16963005065918
2015-02-23,732300,29.1200008392334,29.299999237060547,28.950000762939453,29.270000457763672,23.67103576660156
2015-02-20,578300,28.799999237060547,29.299999237060547,28.6299991607666,29.07999992370605,23.51737594604492
2015-02-19,863500,29.270000457763672,29.270000457763672,28.670000076293945,28.739999771118164,23.242412567138672
2015-02-18,852000,28.739999771118164,29.270000457763672,28.38999938964844,29.270000457763672,23.67103576660156
2015-02-17,818900,28.709999084472656,29.01000022888184,28.43000030517578,28.709999084472656,23.21815299987793
2015-02-13,741700,28.770000457763672,28.799999237060547,28.420000076293945,28.690000534057617,23.20197486877441
2015-02-12,671400,28.76000022888184,28.920000076293945,28.520000457763672,28.770000457763672,23.266677856445312
2015-02-11,571800,29.1299991607666,29.350000381469727,28.690000534057617,28.950000762939453,23.16963577270508
2015-02-10,746100,28.90999984741211,29.14999961853028,28.59000015258789,29.06999969482422,23.26567268371582
2015-02-09,627100,28.979999542236328,29.239999771118164,28.790000915527344,28.89999961853028,23.129619598388672
2015-02-06,582200,30.11000061035156,30.1299991607666,28.86000061035156,28.979999542236328,23.193639755249023
2015-02-05,387600,29.86000061035156,30.229999542236328,29.71999931335449,30.200000762939453,24.17004776000977
2015-02-04,532000,30.0,30.040000915527344,29.61000061035156,29.82999992370605,23.873926162719727
2015-02-03,401300,29.979999542236328,30.190000534057617,29.709999084472656,30.15999984741211,24.13803100585937
2015-02-02,586600,30.11000061035156,30.170000076293945,29.36000061035156,30.030000686645508,24.03399085998535
2015-01-30,564100,30.64999961853028,30.709999084472656,30.07999992370605,30.09000015258789,24.082008361816406
2015-01-29,520900,30.71999931335449,30.809999465942383,30.31999969482422,30.709999084472656,24.578214645385746
2015-01-28,699300,30.979999542236328,31.200000762939453,30.709999084472656,30.739999771118164,24.602224349975582
2015-01-27,608900,30.71999931335449,31.059999465942383,30.6299991607666,30.940000534057617,24.76229476928711
2015-01-26,810500,30.209999084472656,30.75,30.030000686645508,30.75,24.6102294921875
2015-01-23,454100,30.1200008392334,30.239999771118164,29.940000534057617,30.229999542236328,24.194053649902344
2015-01-22,552800,29.65999984741211,30.09000015258789,29.51000022888184,30.030000686645508,24.03399085998535
2015-01-21,549300,29.489999771118164,29.549999237060547,29.25,29.5,23.609819412231445
2015-01-20,794700,29.56999969482422,29.700000762939453,29.299999237060547,29.459999084472656,23.57779693603516
2015-01-16,883000,28.8700008392334,29.65999984741211,28.75,29.549999237060547,23.64983367919922
2015-01-15,816600,29.06999969482422,29.06999969482422,28.799999237060547,28.950000762939453,23.16963577270508
2015-01-14,655400,28.59000015258789,29.01000022888184,28.3799991607666,28.979999542236328,23.193639755249023
2015-01-13,632600,28.540000915527344,28.920000076293945,28.5,28.71999931335449,22.98555374145508
2015-01-12,862200,28.25,28.709999084472656,28.25,28.59000015258789,22.881511688232425
2015-01-09,845100,28.540000915527344,28.540000915527344,28.059999465942383,28.190000534057617,22.561378479003903
2015-01-08,1101700,28.43000030517578,28.56999969482422,28.200000762939453,28.43000030517578,22.753456115722656
2015-01-07,839200,28.26000022888184,28.57999992370605,28.040000915527344,28.5,22.80948066711425
2015-01-06,823300,28.049999237060547,28.25,27.989999771118164,28.13999938964844,22.5213565826416
2015-01-05,721700,27.64999961853028,28.059999465942383,27.559999465942383,27.959999084472656,22.37730407714844
2015-01-02,703700,27.459999084472656,27.790000915527344,27.26000022888184,27.739999771118164,22.20122718811035
2014-12-31,411200,27.88999938964844,28.0,27.280000686645508,27.31999969482422,21.865089416503903
2014-12-30,379100,27.700000762939453,27.93000030517578,27.64999961853028,27.809999465942383,22.25725173950196
2014-12-29,619700,27.690000534057617,27.93000030517578,27.489999771118164,27.709999084472656,22.177221298217773
2014-12-26,263900,27.63999938964844,27.780000686645508,27.549999237060547,27.75,22.209232330322266
2014-12-24,204700,27.520000457763672,27.670000076293945,27.420000076293945,27.540000915527344,22.041162490844727
2014-12-23,408500,27.709999084472656,27.75,27.420000076293945,27.559999465942383,22.057167053222656
2014-12-22,741200,27.3700008392334,27.709999084472656,27.299999237060547,27.700000762939453,22.1692123413086
2014-12-19,3458100,26.920000076293945,27.3700008392334,26.89999961853028,27.25,21.809064865112305
2014-12-18,774400,27.15999984741211,27.18000030517578,26.88999938964844,27.059999465942383,21.65700340270996
2014-12-17,1271700,26.700000762939453,27.09000015258789,26.6200008392334,27.07999992370605,21.67300605773925
2014-12-16,925600,26.780000686645508,26.84000015258789,26.39999961853028,26.729999542236328,21.392894744873047
2014-12-15,1327900,27.0,27.06999969482422,26.65999984741211,26.739999771118164,21.400897979736328
2014-12-12,979200,26.850000381469727,27.209999084472656,26.850000381469727,27.040000915527344,21.64099884033203
2014-12-11,605300,27.040000915527344,27.11000061035156,26.96999931335449,27.049999237060547,21.648998260498047
2014-12-10,795800,26.89999961853028,27.059999465942383,26.76000022888184,26.940000534057617,21.56096076965332
2014-12-09,715400,26.3700008392334,26.959999084472656,26.3700008392334,26.940000534057617,21.56096076965332
2014-12-08,431700,26.239999771118164,26.71999931335449,26.229999542236328,26.479999542236328,21.19280815124512
2014-12-05,735500,26.59000015258789,26.59000015258789,26.1299991607666,26.309999465942383,21.05674934387207
2014-12-04,704800,26.71999931335449,26.739999771118164,26.40999984741211,26.670000076293945,21.344873428344727
2014-12-03,415600,26.75,26.8799991607666,26.61000061035156,26.729999542236328,21.392894744873047
2014-12-02,648100,26.530000686645508,26.81999969482422,26.36000061035156,26.76000022888184,21.41690444946289
2014-12-01,613600,26.36000061035156,26.770000457763672,26.309999465942383,26.61000061035156,21.29685401916504
2014-11-28,319400,26.39999961853028,26.84000015258789,26.38999938964844,26.40999984741211,21.13678550720215
2014-11-26,525600,26.239999771118164,26.520000457763672,26.13999938964844,26.350000381469727,21.08877182006836
2014-11-25,416100,25.96999931335449,26.200000762939453,25.89999961853028,26.1200008392334,20.90469551086425
2014-11-24,579500,25.93000030517578,26.11000061035156,25.93000030517578,25.979999542236328,20.79264640808105
2014-11-21,856200,25.8700008392334,25.89999961853028,25.65999984741211,25.88999938964844,20.720609664916992
2014-11-20,463600,25.309999465942383,25.6299991607666,25.209999084472656,25.6299991607666,20.512527465820312
2014-11-19,1190500,25.31999969482422,25.530000686645508,25.18000030517578,25.3700008392334,20.304441452026367
2014-11-18,1547100,25.6299991607666,25.71999931335449,25.440000534057617,25.450000762939453,20.36846923828125
2014-11-17,559400,25.690000534057617,25.96999931335449,25.57999992370605,25.600000381469727,20.48851585388184
2014-11-14,383700,25.709999084472656,25.850000381469727,25.6200008392334,25.65999984741211,20.536535263061523
2014-11-13,427700,25.82999992370605,25.989999771118164,25.780000686645508,25.84000015258789,20.68059539794922
2014-11-12,501700,25.920000076293945,25.96999931335449,25.690000534057617,25.739999771118164,20.600566864013672
2014-11-11,415500,26.489999771118164,26.489999771118164,26.100000381469727,26.26000022888184,20.776636123657227
2014-11-10,477400,26.270000457763672,26.51000022888184,26.21999931335449,26.51000022888184,20.97443199157715
2014-11-07,497000,26.1299991607666,26.39999961853028,25.979999542236328,26.31999969482422,20.824106216430664
2014-11-06,434800,26.420000076293945,26.559999465942383,26.100000381469727,26.15999984741211,20.69751739501953
2014-11-05,914900,26.459999084472656,26.940000534057617,26.09000015258789,26.479999542236328,20.9506950378418
2014-11-04,1166900,26.489999771118164,26.6200008392334,26.1299991607666,26.32999992370605,20.832015991210938
2014-11-03,647600,26.46999931335449,26.75,26.39999961853028,26.549999237060547,21.00607681274414
2014-10-31,833100,26.38999938964844,26.489999771118164,25.96999931335449,26.46999931335449,20.942785263061523
2014-10-30,788200,25.780000686645508,26.209999084472656,25.700000762939453,26.1299991607666,20.67378616333008
2014-10-29,588100,25.89999961853028,26.06999969482422,25.68000030517578,25.88999938964844,20.483896255493164
2014-10-28,577700,25.950000762939453,26.0,25.82999992370605,25.940000534057617,20.523452758789062
2014-10-27,450300,25.57999992370605,25.96999931335449,25.57999992370605,25.959999084472656,20.539278030395508
2014-10-24,462000,25.809999465942383,25.8700008392334,25.530000686645508,25.600000381469727,20.25444984436035
2014-10-23,394300,25.71999931335449,25.88999938964844,25.51000022888184,25.790000915527344,20.40477561950684
2014-10-22,424200,25.549999237060547,25.88999938964844,25.450000762939453,25.520000457763672,20.1911563873291
2014-10-21,444600,25.63999938964844,25.700000762939453,25.36000061035156,25.51000022888184,20.18324089050293
2014-10-20,511400,25.030000686645508,25.6200008392334,25.030000686645508,25.61000061035156,20.262365341186523
2014-10-17,730100,25.56999969482422,25.56999969482422,24.979999542236328,25.06999969482422,19.83512115478516
2014-10-16,581000,25.15999984741211,25.57999992370605,25.13999938964844,25.36000061035156,20.064565658569336
2014-10-15,576200,25.059999465942383,25.540000915527344,24.950000762939453,25.3700008392334,20.072481155395508
2014-10-14,569600,24.950000762939453,25.530000686645508,24.82999992370605,25.229999542236328,19.96170997619629
2014-10-13,482700,24.57999992370605,25.030000686645508,24.520000457763672,24.82999992370605,19.645235061645508
2014-10-10,536400,24.40999984741211,24.88999938964844,24.40999984741211,24.479999542236328,19.368314743041992
2014-10-09,1162900,24.34000015258789,24.57999992370605,24.26000022888184,24.40999984741211,19.31293487548828
2014-10-08,862200,23.770000457763672,24.34000015258789,23.770000457763672,24.290000915527344,19.217994689941406
2014-10-07,511400,23.959999084472656,24.1299991607666,23.71999931335449,23.799999237060547,18.830307006835938
2014-10-06,623900,23.780000686645508,24.18000030517578,23.780000686645508,24.020000457763672,19.004369735717773
2014-10-03,553100,23.8700008392334,23.88999938964844,23.56999969482422,23.790000915527344,18.822397232055664
2014-10-02,588900,23.790000915527344,23.8700008392334,23.5,23.690000534057617,18.743284225463867
2014-10-01,1251000,23.670000076293945,23.89999961853028,23.670000076293945,23.780000686645508,18.814483642578125
2014-09-30,759200,23.809999465942383,23.959999084472656,23.5,23.68000030517578,18.73536491394043
2014-09-29,408300,23.709999084472656,23.89999961853028,23.520000457763672,23.850000381469727,18.86986923217773
2014-09-26,314000,23.6299991607666,23.89999961853028,23.46999931335449,23.88999938964844,18.901514053344727
2014-09-25,514400,23.64999961853028,23.709999084472656,23.46999931335449,23.65999984741211,18.719541549682617
2014-09-24,724900,23.40999984741211,23.809999465942383,23.40999984741211,23.61000061035156,18.67998695373535
2014-09-23,479300,23.809999465942383,23.93000030517578,23.440000534057617,23.440000534057617,18.545482635498047
2014-09-22,654200,23.950000762939453,24.1299991607666,23.81999969482422,23.81999969482422,18.84613609313965
2014-09-19,1041900,23.989999771118164,24.1299991607666,23.89999961853028,24.020000457763672,19.004369735717773
2014-09-18,657800,24.09000015258789,24.190000534057617,23.81999969482422,23.940000534057617,18.941076278686523
2014-09-17,399600,24.15999984741211,24.309999465942383,24.040000915527344,24.07999992370605,19.051841735839844
2014-09-16,358500,23.89999961853028,24.200000762939453,23.82999992370605,24.170000076293945,19.12304878234864
2014-09-15,311800,24.059999465942383,24.25,23.920000076293945,23.940000534057617,18.941076278686523
2014-09-12,548900,24.71999931335449,24.809999465942383,23.979999542236328,24.09000015258789,19.05975151062012
2014-09-11,384800,24.770000457763672,24.920000076293945,24.670000076293945,24.81999969482422,19.637325286865234
2014-09-10,368300,24.959999084472656,25.1299991607666,24.76000022888184,24.790000915527344,19.613588333129883
2014-09-09,475300,25.1299991607666,25.15999984741211,24.979999542236328,25.06999969482422,19.83512115478516
2014-09-08,397100,25.11000061035156,25.270000457763672,25.07999992370605,25.209999084472656,19.945884704589844
2014-09-05,284400,25.100000381469727,25.239999771118164,24.96999931335449,25.1200008392334,19.87468147277832
2014-09-04,286100,25.280000686645508,25.290000915527344,24.950000762939453,25.049999237060547,19.819297790527344
2014-09-03,862500,25.07999992370605,25.280000686645508,25.07999992370605,25.26000022888184,19.985445022583008
2014-09-02,529000,25.030000686645508,25.13999938964844,24.989999771118164,25.06999969482422,19.83512115478516
2014-08-29,544600,24.799999237060547,25.09000015258789,24.799999237060547,24.959999084472656,19.748090744018555
2014-08-28,265400,24.600000381469727,24.82999992370605,24.600000381469727,24.81999969482422,19.637325286865234
2014-08-27,152500,24.700000762939453,24.81999969482422,24.6299991607666,24.709999084472656,19.55028915405273
2014-08-26,258600,24.549999237060547,24.71999931335449,24.549999237060547,24.670000076293945,19.51864051818848
2014-08-25,333600,24.63999938964844,24.690000534057617,24.350000381469727,24.6200008392334,19.47908401489257
2014-08-22,254800,24.81999969482422,24.8799991607666,24.520000457763672,24.61000061035156,19.471176147460938
2014-08-21,278500,24.8799991607666,25.030000686645508,24.82999992370605,24.84000015258789,19.653148651123047
2014-08-20,328200,24.790000915527344,25.0,24.6200008392334,24.93000030517578,19.72435569763184
2014-08-19,238100,24.90999984741211,25.030000686645508,24.809999465942383,24.8700008392334,19.676881790161133
2014-08-18,487900,24.709999084472656,24.8700008392334,24.559999465942383,24.8700008392334,19.676881790161133
2014-08-15,574200,24.809999465942383,24.89999961853028,24.450000762939453,24.549999237060547,19.42369842529297
2014-08-14,305000,24.690000534057617,24.84000015258789,24.600000381469727,24.690000534057617,19.534467697143555
2014-08-13,444200,24.420000076293945,24.71999931335449,24.420000076293945,24.6299991607666,19.486995697021484
2014-08-12,544300,24.280000686645508,24.479999542236328,24.200000762939453,24.31999969482422,19.24172782897949
2014-08-11,368300,24.6299991607666,24.739999771118164,24.51000022888184,24.56999969482422,19.20216941833496
2014-08-08,411700,24.530000686645508,24.76000022888184,24.40999984741211,24.549999237060547,19.1865348815918
2014-08-07,359100,24.43000030517578,24.61000061035156,24.38999938964844,24.540000915527344,19.17872428894043
2014-08-06,505200,24.309999465942383,24.6200008392334,24.26000022888184,24.440000534057617,19.100570678710938
2014-08-05,806800,24.3700008392334,24.540000915527344,24.190000534057617,24.32999992370605,19.01460075378418
2014-08-04,768600,24.690000534057617,24.690000534057617,24.309999465942383,24.489999771118164,19.139646530151367
2014-08-01,444600,24.709999084472656,24.81999969482422,24.57999992370605,24.63999938964844,19.25687789916992
2014-07-31,426100,24.790000915527344,25.14999961853028,24.700000762939453,24.700000762939453,19.303770065307617
2014-07-30,572700,25.06999969482422,25.18000030517578,24.81999969482422,24.950000762939453,19.49914932250977
2014-07-29,778600,25.290000915527344,25.299999237060547,24.950000762939453,25.01000022888184,19.546039581298828
2014-07-28,878400,25.350000381469727,25.479999542236328,25.07999992370605,25.280000686645508,19.757055282592773
2014-07-25,675800,25.799999237060547,25.799999237060547,25.32999992370605,25.3700008392334,19.827396392822266
2014-07-24,1252500,25.57999992370605,25.959999084472656,25.36000061035156,25.959999084472656,20.288494110107425
2014-07-23,231000,25.61000061035156,25.700000762939453,25.5,25.549999237060547,19.96806907653809
2014-07-22,245900,25.549999237060547,25.700000762939453,25.459999084472656,25.59000015258789,19.999330520629883
2014-07-21,389000,25.520000457763672,25.61000061035156,25.34000015258789,25.420000076293945,19.866470336914062
2014-07-18,555100,25.32999992370605,25.700000762939453,25.32999992370605,25.6200008392334,20.022781372070312
2014-07-17,342200,25.549999237060547,25.600000381469727,25.3700008392334,25.40999984741211,19.858652114868164
2014-07-16,449200,25.479999542236328,25.6200008392334,25.290000915527344,25.6200008392334,20.022781372070312
2014-07-15,370500,25.229999542236328,25.3799991607666,25.06999969482422,25.36000061035156,19.81957626342773
2014-07-14,400900,25.26000022888184,25.32999992370605,25.059999465942383,25.18000030517578,19.67889976501465
2014-07-11,495300,25.40999984741211,25.40999984741211,25.14999961853028,25.239999771118164,19.725791931152344
2014-07-10,544100,25.100000381469727,25.40999984741211,25.020000457763672,25.39999961853028,19.85083198547364
2014-07-09,286200,25.25,25.270000457763672,24.940000534057617,25.18000030517578,19.67889976501465
2014-07-08,396600,25.040000915527344,25.31999969482422,24.950000762939453,25.21999931335449,19.71016311645508
2014-07-07,453600,25.030000686645508,25.209999084472656,24.88999938964844,24.989999771118164,19.53040885925293
2014-07-03,296500,25.270000457763672,25.270000457763672,24.850000381469727,25.059999465942383,19.58511734008789
2014-07-02,399100,25.31999969482422,25.39999961853028,25.030000686645508,25.309999465942383,19.780498504638672
2014-07-01,564700,25.479999542236328,25.65999984741211,25.31999969482422,25.440000534057617,19.8821029663086
2014-06-30,450200,25.350000381469727,25.43000030517578,25.059999465942383,25.420000076293945,19.866470336914062
2014-06-27,1244700,25.030000686645508,25.40999984741211,25.020000457763672,25.3799991607666,19.83520698547364
2014-06-26,241800,25.100000381469727,25.190000534057617,25.030000686645508,25.190000534057617,19.68671989440918
2014-06-25,370000,25.09000015258789,25.25,25.01000022888184,25.15999984741211,19.663272857666016
2014-06-24,435800,25.18000030517578,25.420000076293945,25.07999992370605,25.18000030517578,19.67889976501465
2014-06-23,427000,25.530000686645508,25.6200008392334,25.13999938964844,25.229999542236328,19.71797752380371
2014-06-20,1217000,25.239999771118164,25.700000762939453,25.020000457763672,25.6200008392334,20.022781372070312
2014-06-19,353500,25.01000022888184,25.239999771118164,24.850000381469727,25.239999771118164,19.725791931152344
2014-06-18,413000,24.809999465942383,24.979999542236328,24.65999984741211,24.950000762939453,19.49914932250977
2014-06-17,522200,24.700000762939453,24.90999984741211,24.63999938964844,24.84000015258789,19.41318321228028
2014-06-16,418200,24.920000076293945,25.0,24.64999961853028,24.75,19.342845916748047
2014-06-13,284600,25.100000381469727,25.13999938964844,24.82999992370605,24.979999542236328,19.52259826660156
2014-06-12,355200,25.07999992370605,25.11000061035156,24.82999992370605,25.020000457763672,19.55385398864746
2014-06-11,511000,25.1299991607666,25.209999084472656,24.8799991607666,25.14999961853028,19.65545654296875
2014-06-10,564300,25.51000022888184,25.57999992370605,25.14999961853028,25.15999984741211,19.663272857666016
2014-06-09,492900,25.799999237060547,25.989999771118164,25.450000762939453,25.51000022888184,19.936803817749023
2014-06-06,490700,26.020000457763672,26.030000686645508,25.700000762939453,25.790000915527344,20.1556339263916
2014-06-05,613200,25.51000022888184,25.89999961853028,25.38999938964844,25.89999961853028,20.24160385131836
2014-06-04,369000,25.459999084472656,25.57999992370605,25.290000915527344,25.489999771118164,19.92117118835449
2014-06-03,598000,25.32999992370605,25.65999984741211,25.290000915527344,25.489999771118164,19.92117118835449
2014-06-02,1798000,25.020000457763672,25.670000076293945,24.96999931335449,25.350000381469727,19.81175994873047
2014-05-30,595500,24.850000381469727,25.040000915527344,24.780000686645508,24.93000030517578,19.4835205078125
2014-05-29,204100,24.86000061035156,24.89999961853028,24.729999542236328,24.84000015258789,19.41318321228028
2014-05-28,480500,24.89999961853028,24.93000030517578,24.549999237060547,24.76000022888184,19.35065460205078
2014-05-27,534800,24.89999961853028,25.100000381469727,24.76000022888184,25.030000686645508,19.561676025390625
2014-05-23,391200,24.3799991607666,24.850000381469727,24.32999992370605,24.770000457763672,19.358474731445312
2014-05-22,398500,24.479999542236328,24.61000061035156,24.31999969482422,24.420000076293945,19.084936141967773
2014-05-21,449900,24.770000457763672,24.81999969482422,24.34000015258789,24.450000762939453,19.108386993408203
2014-05-20,608900,24.81999969482422,24.920000076293945,24.559999465942383,24.670000076293945,19.280317306518555
2014-05-19,341600,25.13999938964844,25.13999938964844,24.71999931335449,24.8700008392334,19.43662643432617
2014-05-16,627500,24.6299991607666,25.14999961853028,24.6200008392334,25.14999961853028,19.65545654296875
2014-05-15,595000,24.479999542236328,24.709999084472656,24.350000381469727,24.690000534057617,19.29595184326172
2014-05-14,478300,24.600000381469727,24.799999237060547,24.450000762939453,24.51000022888184,19.1552791595459
2014-05-13,2070900,25.030000686645508,25.239999771118164,24.86000061035156,24.88999938964844,19.217798233032227
2014-05-12,516900,25.280000686645508,25.31999969482422,24.96999931335449,25.030000686645508,19.325899124145508
2014-05-09,444000,24.979999542236328,25.239999771118164,24.979999542236328,25.229999542236328,19.48031997680664
2014-05-08,497800,25.25,25.38999938964844,24.86000061035156,25.09000015258789,19.372222900390625
2014-05-07,548000,24.979999542236328,25.34000015258789,24.950000762939453,25.21999931335449,19.472591400146484
2014-05-06,564400,24.920000076293945,25.11000061035156,24.790000915527344,25.020000457763672,19.318174362182617
2014-05-05,340800,24.809999465942383,25.06999969482422,24.709999084472656,25.049999237060547,19.34133529663086
2014-05-02,614200,24.71999931335449,24.989999771118164,24.6200008392334,24.96999931335449,19.27956962585449
2014-05-01,1304000,25.09000015258789,25.15999984741211,24.3700008392334,24.75,19.109703063964844
2014-04-30,447200,25.1299991607666,25.170000076293945,24.96999931335449,25.14999961853028,19.41854286193848
2014-04-29,345500,25.26000022888184,25.40999984741211,25.01000022888184,25.13999938964844,19.41082763671875
2014-04-28,476600,25.020000457763672,25.290000915527344,24.950000762939453,25.200000762939453,19.4571533203125
2014-04-25,452100,24.89999961853028,25.11000061035156,24.790000915527344,24.920000076293945,19.240964889526367
2014-04-24,378400,24.84000015258789,24.989999771118164,24.68000030517578,24.979999542236328,19.287288665771484
2014-04-23,599000,24.76000022888184,24.790000915527344,24.530000686645508,24.71999931335449,19.086538314819336
2014-04-22,302300,24.89999961853028,24.920000076293945,24.61000061035156,24.82999992370605,19.171476364135746
2014-04-21,368200,24.75,24.940000534057617,24.64999961853028,24.93000030517578,19.24868392944336
2014-04-17,639400,24.75,24.93000030517578,24.56999969482422,24.90999984741211,19.233243942260746
2014-04-16,300600,24.96999931335449,24.96999931335449,24.700000762939453,24.850000381469727,19.186918258666992
2014-04-15,759300,24.61000061035156,25.049999237060547,24.540000915527344,24.90999984741211,19.233243942260746
2014-04-14,437700,24.63999938964844,24.71999931335449,24.32999992370605,24.61000061035156,19.001605987548828
2014-04-11,447500,24.3799991607666,24.729999542236328,24.26000022888184,24.43000030517578,18.86263084411621
2014-04-10,538500,24.61000061035156,24.8799991607666,24.40999984741211,24.530000686645508,18.93984031677246
2014-04-09,406100,24.56999969482422,24.709999084472656,24.32999992370605,24.65999984741211,19.040218353271484
2014-04-08,518800,24.32999992370605,24.63999938964844,24.280000686645508,24.540000915527344,18.94756507873535
2014-04-07,581100,24.14999961853028,24.51000022888184,24.14999961853028,24.31999969482422,18.77769660949707
2014-04-04,473700,24.239999771118164,24.420000076293945,24.01000022888184,24.190000534057617,18.67732048034668
2014-04-03,336200,24.18000030517578,24.239999771118164,23.959999084472656,24.11000061035156,18.61555290222168
2014-04-02,432600,24.31999969482422,24.31999969482422,23.950000762939453,24.09000015258789,18.60011100769043
2014-04-01,572400,24.299999237060547,24.3700008392334,23.8799991607666,24.36000061035156,18.80858421325684
2014-03-31,531900,24.170000076293945,24.38999938964844,23.86000061035156,24.14999961853028,18.64643859863281
2014-03-28,274500,23.96999931335449,24.239999771118164,23.96999931335449,24.040000915527344,18.561508178710938
2014-03-27,389100,23.65999984741211,24.040000915527344,23.559999465942383,23.979999542236328,18.515182495117188
2014-03-26,464600,23.920000076293945,23.920000076293945,23.520000457763672,23.709999084472656,18.30671119689941
2014-03-25,335500,23.709999084472656,23.920000076293945,23.40999984741211,23.799999237060547,18.37619972229004
2014-03-24,401000,23.540000915527344,23.68000030517578,23.280000686645508,23.549999237060547,18.18317604064941
2014-03-21,1069800,23.46999931335449,23.96999931335449,23.43000030517578,23.43000030517578,18.09052085876465
2014-03-20,428700,23.290000915527344,23.46999931335449,23.07999992370605,23.40999984741211,18.07507705688477
2014-03-19,351500,23.88999938964844,24.040000915527344,23.14999961853028,23.40999984741211,18.07507705688477
2014-03-18,275500,23.88999938964844,23.959999084472656,23.61000061035156,23.920000076293945,18.46885108947754
2014-03-17,259300,24.06999969482422,24.209999084472656,23.809999465942383,23.86000061035156,18.42252540588379
2014-03-14,457900,23.76000022888184,24.06999969482422,23.76000022888184,23.93000030517578,18.47657966613769
2014-03-13,517500,24.190000534057617,24.190000534057617,23.729999542236328,23.8700008392334,18.43025016784668
2014-03-12,326500,23.989999771118164,24.25,23.90999984741211,24.100000381469727,18.60783195495605
2014-03-11,304400,23.84000015258789,24.09000015258789,23.84000015258789,24.0,18.530622482299805
2014-03-10,333100,23.940000534057617,24.049999237060547,23.739999771118164,23.86000061035156,18.42252540588379
2014-03-07,458400,24.170000076293945,24.170000076293945,23.770000457763672,24.059999465942383,18.57694625854492
2014-03-06,312500,24.450000762939453,24.489999771118164,24.06999969482422,24.18000030517578,18.66960334777832
2014-03-05,295500,24.489999771118164,24.65999984741211,24.31999969482422,24.46999931335449,18.89351272583008
2014-03-04,708900,24.11000061035156,24.63999938964844,24.100000381469727,24.520000457763672,18.93211936950684
2014-03-03,389500,23.88999938964844,24.040000915527344,23.700000762939453,23.90999984741211,18.46113014221192
2014-02-28,655900,23.8799991607666,24.06999969482422,23.709999084472656,23.96999931335449,18.50745964050293
2014-02-27,285600,23.71999931335449,23.989999771118164,23.709999084472656,23.89999961853028,18.453413009643555
2014-02-26,417600,23.729999542236328,23.93000030517578,23.61000061035156,23.809999465942383,18.38391494750977
2014-02-25,395100,23.5,23.729999542236328,23.450000762939453,23.64999961853028,18.26038360595703
2014-02-24,738000,23.1200008392334,23.76000022888184,23.11000061035156,23.530000686645508,18.16773223876953
2014-02-21,1219700,22.799999237060547,23.559999465942383,22.6299991607666,23.0,17.758514404296875
2014-02-20,435000,22.350000381469727,22.809999465942383,22.299999237060547,22.729999542236328,17.550045013427734
2014-02-19,340400,22.450000762939453,22.729999542236328,22.299999237060547,22.36000061035156,17.264362335205078
2014-02-18,450500,22.440000534057617,22.559999465942383,22.239999771118164,22.489999771118164,17.364736557006836
2014-02-14,346100,22.309999465942383,22.479999542236328,22.14999961853028,22.3799991607666,17.279808044433594
2014-02-13,455400,22.100000381469727,22.43000030517578,22.059999465942383,22.239999771118164,17.171710968017578
2014-02-12,382400,22.729999542236328,22.799999237060547,22.420000076293945,22.530000686645508,17.16398811340332
2014-02-11,252300,22.57999992370605,22.89999961853028,22.489999771118164,22.729999542236328,17.31635284423828
2014-02-10,345400,22.3799991607666,22.739999771118164,22.270000457763672,22.6299991607666,17.24017333984375
2014-02-07,420800,22.32999992370605,22.46999931335449,22.190000534057617,22.420000076293945,17.080190658569336
2014-02-06,508000,22.32999992370605,22.559999465942383,22.290000915527344,22.31999969482422,17.004005432128906
2014-02-05,341000,22.700000762939453,22.75,22.26000022888184,22.34000015258789,17.019243240356445
2014-02-04,503800,22.450000762939453,22.709999084472656,22.299999237060547,22.709999084472656,17.301118850708008
2014-02-03,462500,22.86000061035156,22.86000061035156,22.350000381469727,22.420000076293945,17.080190658569336
2014-01-31,628300,22.3799991607666,23.030000686645508,22.350000381469727,22.920000076293945,17.461101531982422
2014-01-30,467600,22.6200008392334,22.8700008392334,22.5,22.64999961853028,17.255407333374023
2014-01-29,496700,22.729999542236328,22.780000686645508,22.18000030517578,22.46999931335449,17.1182804107666
2014-01-28,740500,22.21999931335449,22.850000381469727,22.21999931335449,22.799999237060547,17.36968421936035
2014-01-27,505000,22.31999969482422,22.5,22.07999992370605,22.21999931335449,16.92782211303711
2014-01-24,730800,22.21999931335449,22.459999084472656,22.06999969482422,22.25,16.950679779052734
2014-01-23,826400,22.3799991607666,22.40999984741211,22.11000061035156,22.26000022888184,16.958295822143555
2014-01-22,402000,22.440000534057617,22.61000061035156,22.299999237060547,22.46999931335449,17.1182804107666
2014-01-21,728900,22.31999969482422,22.57999992370605,22.18000030517578,22.40999984741211,17.07257080078125
2014-01-17,443800,22.309999465942383,22.40999984741211,22.229999542236328,22.280000686645508,16.97353172302246
2014-01-16,447000,21.8700008392334,22.38999938964844,21.799999237060547,22.3700008392334,17.042098999023438
2014-01-15,347700,22.040000915527344,22.31999969482422,21.84000015258789,22.200000762939453,16.91259002685547
2014-01-14,268600,21.8799991607666,22.030000686645508,21.729999542236328,21.96999931335449,16.73736572265625
2014-01-13,485700,21.65999984741211,21.81999969482422,21.549999237060547,21.799999237060547,16.60785484313965
2014-01-10,746000,21.5,21.89999961853028,21.38999938964844,21.68000030517578,16.516435623168945
2014-01-09,340500,21.57999992370605,21.57999992370605,21.239999771118164,21.520000457763672,16.39454460144043
2014-01-08,390900,21.549999237060547,21.63999938964844,21.229999542236328,21.5,16.379304885864258
2014-01-07,524600,21.549999237060547,21.770000457763672,21.450000762939453,21.57999992370605,16.44025230407715
2014-01-06,406300,21.690000534057617,21.81999969482422,21.520000457763672,21.549999237060547,16.417394638061523
2014-01-03,468700,21.280000686645508,21.799999237060547,21.280000686645508,21.57999992370605,16.44025230407715
2014-01-02,376300,21.239999771118164,21.31999969482422,20.850000381469727,21.21999931335449,16.16599464416504
2013-12-31,478400,21.39999961853028,21.56999969482422,21.26000022888184,21.309999465942383,16.234560012817383
2013-12-30,302100,21.290000915527344,21.5,21.200000762939453,21.43000030517578,16.325979232788086
2013-12-27,216400,21.43000030517578,21.43000030517578,21.1299991607666,21.31999969482422,16.242176055908203
2013-12-26,487400,21.309999465942383,21.559999465942383,21.209999084472656,21.350000381469727,16.265029907226562
2013-12-24,233900,21.270000457763672,21.440000534057617,21.190000534057617,21.36000061035156,16.272653579711914
2013-12-23,307100,21.5,21.549999237060547,21.26000022888184,21.290000915527344,16.219324111938477
2013-12-20,799000,21.13999938964844,21.40999984741211,21.0,21.40999984741211,16.310745239257812
2013-12-19,311700,21.670000076293945,21.670000076293945,21.11000061035156,21.14999961853028,16.112672805786133
2013-12-18,437600,21.309999465942383,21.780000686645508,20.940000534057617,21.76000022888184,16.57738494873047
2013-12-17,641500,21.15999984741211,21.40999984741211,21.01000022888184,21.34000015258789,16.25741195678711
2013-12-16,426000,21.11000061035156,21.350000381469727,20.959999084472656,21.09000015258789,16.066953659057617
2013-12-13,385000,21.049999237060547,21.350000381469727,20.93000030517578,21.09000015258789,16.066953659057617
2013-12-12,451100,21.229999542236328,21.309999465942383,20.90999984741211,20.979999542236328,15.983158111572266
2013-12-11,594700,21.8799991607666,21.8799991607666,21.280000686645508,21.309999465942383,16.234560012817383
2013-12-10,392100,21.96999931335449,22.209999084472656,21.790000915527344,21.90999984741211,16.69165802001953
2013-12-09,388500,21.76000022888184,22.07999992370605,21.56999969482422,21.959999084472656,16.72974967956543
2013-12-06,231900,21.93000030517578,22.100000381469727,21.670000076293945,21.790000915527344,16.600236892700195
2013-12-05,240900,21.59000015258789,21.81999969482422,21.39999961853028,21.729999542236328,16.554527282714844
2013-12-04,288000,21.530000686645508,21.90999984741211,21.36000061035156,21.670000076293945,16.50881576538086
2013-12-03,272800,21.76000022888184,21.88999938964844,21.600000381469727,21.739999771118164,16.562143325805664
2013-12-02,664900,22.1200008392334,22.13999938964844,21.729999542236328,21.780000686645508,16.592613220214844
2013-11-29,216200,22.5,22.5,22.09000015258789,22.1299991607666,16.859256744384766
2013-11-27,611200,22.059999465942383,22.43000030517578,21.89999961853028,22.420000076293945,17.080190658569336
2013-11-26,965300,22.26000022888184,22.26000022888184,21.81999969482422,21.989999771118164,16.752605438232422
2013-11-25,255900,22.350000381469727,22.3799991607666,22.11000061035156,22.25,16.950679779052734
2013-11-22,339500,22.299999237060547,22.40999984741211,22.1200008392334,22.350000381469727,17.0268611907959
2013-11-21,402800,22.170000076293945,22.479999542236328,22.0,22.32999992370605,17.01162338256836
2013-11-20,332100,22.170000076293945,22.450000762939453,22.01000022888184,22.09000015258789,16.82878303527832
2013-11-19,286400,22.40999984741211,22.40999984741211,22.030000686645508,22.14999961853028,16.874496459960938
2013-11-18,409200,22.520000457763672,22.739999771118164,22.3799991607666,22.46999931335449,17.1182804107666
2013-11-15,469100,22.559999465942383,22.82999992370605,22.520000457763672,22.549999237060547,17.17922592163086
2013-11-14,350400,22.75,22.90999984741211,22.59000015258789,22.600000381469727,17.217315673828125
2013-11-13,484200,22.309999465942383,22.709999084472656,22.100000381469727,22.700000762939453,17.29349708557129
2013-11-12,435200,22.530000686645508,22.709999084472656,22.100000381469727,22.3799991607666,17.049713134765625
2013-11-11,365700,22.86000061035156,23.1299991607666,22.76000022888184,22.84000015258789,17.17160987854004
2013-11-08,509800,23.38999938964844,23.38999938964844,22.6299991607666,22.940000534057617,17.246789932250977
2013-11-07,561000,23.700000762939453,23.93000030517578,23.39999961853028,23.459999084472656,17.63773536682129
2013-11-06,352000,23.61000061035156,23.790000915527344,23.38999938964844,23.65999984741211,17.788101196289062
2013-11-05,373500,24.07999992370605,24.11000061035156,23.489999771118164,23.540000915527344,17.6978816986084
2013-11-04,561500,24.170000076293945,24.229999542236328,23.809999465942383,24.14999961853028,18.15649032592773
2013-11-01,597500,23.950000762939453,24.280000686645508,23.729999542236328,24.059999465942383,18.088830947875977
2013-10-31,855700,24.25,24.59000015258789,24.01000022888184,24.01000022888184,18.05123710632324
2013-10-30,628000,24.57999992370605,24.64999961853028,24.030000686645508,24.18000030517578,18.179048538208008
2013-10-29,385600,24.549999237060547,24.670000076293945,24.350000381469727,24.6200008392334,18.50984764099121
2013-10-28,351200,24.709999084472656,24.770000457763672,24.26000022888184,24.540000915527344,18.449705123901367
2013-10-25,398700,24.489999771118164,24.71999931335449,24.26000022888184,24.709999084472656,18.577510833740234
2013-10-24,372900,24.280000686645508,24.459999084472656,24.190000534057617,24.3799991607666,18.32941627502441
2013-10-23,460300,23.940000534057617,24.309999465942383,23.82999992370605,24.280000686645508,18.25423049926757
2013-10-22,430200,23.76000022888184,24.13999938964844,23.57999992370605,24.0,18.043720245361328
2013-10-21,446900,23.959999084472656,23.959999084472656,23.6200008392334,23.709999084472656,17.825695037841797
2013-10-18,679500,24.309999465942383,24.350000381469727,23.93000030517578,23.979999542236328,18.028684616088867
2013-10-17,482600,23.549999237060547,24.21999931335449,23.479999542236328,24.21999931335449,18.20911979675293
2013-10-16,482000,23.31999969482422,23.770000457763672,23.309999465942383,23.61000061035156,17.75051498413086
2013-10-15,423900,23.3700008392334,23.46999931335449,23.209999084472656,23.290000915527344,17.509931564331055
2013-10-14,458200,23.299999237060547,23.520000457763672,23.15999984741211,23.450000762939453,17.630220413208008
2013-10-11,609200,22.88999938964844,23.450000762939453,22.71999931335449,23.440000534057617,17.622699737548828
2013-10-10,435200,22.780000686645508,23.06999969482422,22.65999984741211,23.030000686645508,17.314456939697266
2013-10-09,521000,22.489999771118164,22.84000015258789,22.479999542236328,22.549999237060547,16.953582763671875
2013-10-08,514700,23.049999237060547,23.07999992370605,22.46999931335449,22.46999931335449,16.893434524536133
2013-10-07,260000,22.63999938964844,23.059999465942383,22.5,23.0,17.291900634765625
2013-10-04,1304600,22.700000762939453,22.89999961853028,22.479999542236328,22.729999542236328,17.088909149169922
2013-10-03,535500,23.40999984741211,23.459999084472656,22.65999984741211,22.76000022888184,17.111459732055664
2013-10-02,596000,23.459999084472656,23.59000015258789,23.18000030517578,23.520000457763672,17.682846069335938
2013-10-01,398700,23.07999992370605,23.780000686645508,23.049999237060547,23.709999084472656,17.825695037841797
2013-09-30,493100,23.229999542236328,23.43000030517578,22.989999771118164,23.11000061035156,17.374603271484375
2013-09-27,432600,23.350000381469727,23.520000457763672,23.21999931335449,23.40999984741211,17.600143432617188
2013-09-26,440700,23.309999465942383,23.489999771118164,23.15999984741211,23.46999931335449,17.64525604248047
2013-09-25,455000,23.07999992370605,23.32999992370605,22.959999084472656,23.32999992370605,17.53999900817871
2013-09-24,530500,23.18000030517578,23.229999542236328,22.959999084472656,23.1200008392334,17.382118225097656
2013-09-23,448500,23.14999961853028,23.39999961853028,23.030000686645508,23.209999084472656,17.44978141784668
2013-09-20,1051000,23.3700008392334,23.39999961853028,23.06999969482422,23.200000762939453,17.4422607421875
2013-09-19,607300,23.559999465942383,23.780000686645508,23.280000686645508,23.280000686645508,17.502405166625977
2013-09-18,604800,22.850000381469727,23.559999465942383,22.5,23.549999237060547,17.705398559570312
2013-09-17,272400,22.8700008392334,23.13999938964844,22.64999961853028,22.8700008392334,17.194164276123047
2013-09-16,461500,23.15999984741211,23.3700008392334,22.809999465942383,22.88999938964844,17.209197998046875
2013-09-13,229300,22.770000457763672,22.920000076293945,22.65999984741211,22.799999237060547,17.141536712646484
2013-09-12,321000,22.790000915527344,22.96999931335449,22.68000030517578,22.770000457763672,17.118982315063477
2013-09-11,1088500,22.940000534057617,23.440000534057617,22.59000015258789,22.799999237060547,17.141536712646484
2013-09-10,450000,22.86000061035156,22.8799991607666,22.450000762939453,22.6200008392334,17.006206512451172
2013-09-09,277800,22.39999961853028,22.799999237060547,22.18000030517578,22.799999237060547,17.141536712646484
2013-09-06,492200,22.1200008392334,22.559999465942383,22.030000686645508,22.25,16.728031158447266
2013-09-05,350300,22.32999992370605,22.350000381469727,21.850000381469727,21.90999984741211,16.472412109375
2013-09-04,410200,22.049999237060547,22.350000381469727,21.8799991607666,22.34000015258789,16.795698165893555
2013-09-03,570200,22.65999984741211,22.770000457763672,21.799999237060547,22.049999237060547,16.577665328979492
2013-08-30,532400,22.65999984741211,22.88999938964844,22.450000762939453,22.489999771118164,16.90846824645996
2013-08-29,345300,22.530000686645508,22.670000076293945,22.38999938964844,22.670000076293945,17.04379653930664
2013-08-28,410600,22.770000457763672,22.809999465942383,22.440000534057617,22.57999992370605,16.976131439208984
2013-08-27,685800,22.34000015258789,22.920000076293945,22.309999465942383,22.790000915527344,17.134017944335938
2013-08-26,539700,22.57999992370605,22.71999931335449,22.420000076293945,22.63999938964844,17.0212459564209
2013-08-23,622000,22.309999465942383,22.51000022888184,22.25,22.51000022888184,16.923505783081055
2013-08-22,586800,22.440000534057617,22.479999542236328,22.09000015258789,22.309999465942383,16.773143768310547
2013-08-21,630700,22.07999992370605,22.690000534057617,21.780000686645508,22.3799991607666,16.825769424438477
2013-08-20,799600,21.8700008392334,22.270000457763672,21.8700008392334,22.13999938964844,16.64533042907715
2013-08-19,607500,22.3799991607666,22.43000030517578,21.81999969482422,21.82999992370605,16.412269592285156
2013-08-16,504200,23.049999237060547,23.1299991607666,22.309999465942383,22.3700008392334,16.81825065612793
2013-08-15,471700,23.56999969482422,23.57999992370605,23.1299991607666,23.15999984741211,17.41219139099121
2013-08-14,316100,23.950000762939453,24.06999969482422,23.81999969482422,23.8700008392334,17.945985794067383
2013-08-13,539100,24.31999969482422,24.540000915527344,23.88999938964844,23.979999542236328,18.028684616088867
2013-08-12,836600,24.61000061035156,24.6299991607666,24.299999237060547,24.61000061035156,18.27678871154785
2013-08-09,865500,24.739999771118164,24.920000076293945,24.61000061035156,24.65999984741211,18.313920974731445
2013-08-08,534200,24.8799991607666,24.88999938964844,24.540000915527344,24.75,18.38075828552246
2013-08-07,410600,24.670000076293945,24.809999465942383,24.459999084472656,24.770000457763672,18.39561080932617
2013-08-06,667300,24.89999961853028,24.96999931335449,24.700000762939453,24.799999237060547,18.41788673400879
2013-08-05,580900,25.11000061035156,25.32999992370605,24.959999084472656,25.020000457763672,18.581274032592773
2013-08-02,662100,25.5,25.799999237060547,25.059999465942383,25.13999938964844,18.670392990112305
2013-08-01,835200,25.850000381469727,25.8700008392334,25.26000022888184,25.56999969482422,18.98973655700684
2013-07-31,1422600,26.36000061035156,26.36000061035156,25.01000022888184,25.709999084472656,19.09370994567871
2013-07-30,892400,26.770000457763672,26.84000015258789,26.14999961853028,26.38999938964844,19.598716735839844
2013-07-29,793200,26.89999961853028,27.13999938964844,26.6299991607666,26.76000022888184,19.87350082397461
2013-07-26,1413700,26.6200008392334,27.020000457763672,26.600000381469727,26.96999931335449,20.02945327758789
2013-07-25,1679400,26.5,26.82999992370605,26.059999465942383,26.76000022888184,19.87350082397461
2013-07-24,2075200,26.809999465942383,27.049999237060547,26.14999961853028,26.559999465942383,19.724966049194336
2013-07-23,412700,26.790000915527344,26.93000030517578,26.540000915527344,26.709999084472656,19.836366653442383
2013-07-22,324900,26.56999969482422,26.780000686645508,26.489999771118164,26.75,19.86607551574707
2013-07-19,465600,26.76000022888184,26.76000022888184,26.540000915527344,26.540000915527344,19.710111618041992
2013-07-18,367800,26.709999084472656,26.8799991607666,26.65999984741211,26.82999992370605,19.92548370361328
2013-07-17,653900,26.809999465942383,26.950000762939453,26.57999992370605,26.6200008392334,19.76953125
2013-07-16,2478000,26.89999961853028,26.959999084472656,26.63999938964844,26.799999237060547,19.9031982421875
2013-07-15,608500,26.989999771118164,27.26000022888184,26.81999969482422,27.14999961853028,20.163135528564453
2013-07-12,401600,27.200000762939453,27.270000457763672,26.850000381469727,27.020000457763672,20.06658935546875
2013-07-11,770500,26.700000762939453,27.3700008392334,26.700000762939453,27.270000457763672,20.25225257873535
2013-07-10,564400,26.34000015258789,26.43000030517578,25.93000030517578,26.39999961853028,19.606142044067383
2013-07-09,742300,25.770000457763672,26.489999771118164,25.56999969482422,26.43000030517578,19.628421783447266
2013-07-08,492300,25.520000457763672,25.89999961853028,25.51000022888184,25.729999542236328,19.10856437683105
2013-07-05,464400,25.979999542236328,25.979999542236328,24.809999465942383,25.51000022888184,18.94517707824707
2013-07-03,375300,25.540000915527344,25.739999771118164,25.299999237060547,25.6299991607666,19.034299850463867
2013-07-02,895400,25.31999969482422,25.940000534057617,25.31999969482422,25.690000534057617,19.07885360717773
2013-07-01,654600,25.57999992370605,25.63999938964844,25.21999931335449,25.39999961853028,18.86348342895508
2013-06-28,1499200,25.520000457763672,25.75,25.229999542236328,25.5,18.937747955322266
2013-06-27,691100,25.350000381469727,25.68000030517578,25.200000762939453,25.59000015258789,19.004594802856445
2013-06-26,782900,24.790000915527344,25.26000022888184,24.790000915527344,25.200000762939453,18.714954376220703
2013-06-25,600700,24.38999938964844,24.81999969482422,24.01000022888184,24.670000076293945,18.321348190307617
2013-06-24,1109600,23.780000686645508,24.57999992370605,23.39999961853028,24.21999931335449,17.987150192260742
2013-06-21,1622900,23.850000381469727,24.26000022888184,23.549999237060547,24.06999969482422,17.875751495361328
2013-06-20,709500,24.530000686645508,24.530000686645508,23.559999465942383,23.790000915527344,17.667808532714844
2013-06-19,394900,25.690000534057617,25.799999237060547,24.61000061035156,24.71999931335449,18.358476638793945
2013-06-18,640400,25.6299991607666,25.940000534057617,25.31999969482422,25.75,19.123411178588867
2013-06-17,560500,25.729999542236328,25.89999961853028,25.40999984741211,25.6200008392334,19.026870727539062
2013-06-14,617300,25.459999084472656,25.93000030517578,25.25,25.56999969482422,18.98973655700684
2013-06-13,561400,25.020000457763672,25.59000015258789,24.84000015258789,25.46999931335449,18.91546630859375
2013-06-12,427200,25.709999084472656,25.709999084472656,25.030000686645508,25.100000381469727,18.640687942504883
2013-06-11,785600,25.729999542236328,25.82999992370605,25.229999542236328,25.56999969482422,18.98973655700684
2013-06-10,512300,26.31999969482422,26.31999969482422,25.700000762939453,25.940000534057617,19.264522552490234
2013-06-07,580800,26.799999237060547,26.799999237060547,25.88999938964844,26.21999931335449,19.472461700439453
2013-06-06,499200,26.030000686645508,26.709999084472656,25.93000030517578,26.709999084472656,19.836366653442383
2013-06-05,535700,26.479999542236328,26.6299991607666,26.0,26.170000076293945,19.43533515930176
2013-06-04,613700,26.989999771118164,27.06999969482422,26.540000915527344,26.540000915527344,19.710111618041992
2013-06-03,1092500,26.68000030517578,27.020000457763672,26.299999237060547,26.950000762939453,20.014604568481445
2013-05-31,875100,26.51000022888184,26.84000015258789,26.38999938964844,26.61000061035156,19.762102127075195
2013-05-30,1047100,26.31999969482422,26.84000015258789,26.25,26.6200008392334,19.76953125
2013-05-29,865400,26.770000457763672,26.8700008392334,25.81999969482422,26.309999465942383,19.539304733276367
2013-05-28,1200200,27.40999984741211,27.6200008392334,26.799999237060547,27.040000915527344,20.08144187927246
2013-05-24,1071800,27.59000015258789,27.6299991607666,26.81999969482422,27.229999542236328,20.22254753112793
2013-05-23,976500,28.299999237060547,28.32999992370605,27.530000686645508,27.690000534057617,20.564170837402344
2013-05-22,2239400,29.700000762939453,29.850000381469727,28.13999938964844,28.549999237060547,21.20285415649414
2013-05-21,3719400,29.920000076293945,30.239999771118164,29.65999984741211,29.700000762939453,22.056909561157227
2013-05-20,703000,30.14999961853028,30.46999931335449,29.96999931335449,30.01000022888184,22.28713035583496
2013-05-17,675100,30.200000762939453,30.31999969482422,29.989999771118164,30.229999542236328,22.45052146911621
2013-05-16,812400,29.950000762939453,30.13999938964844,29.950000762939453,30.07999992370605,22.339115142822266
2013-05-15,840200,29.530000686645508,30.059999465942383,29.450000762939453,30.030000686645508,22.301984786987305
2013-05-14,577300,29.690000534057617,29.86000061035156,29.57999992370605,29.63999938964844,22.012351989746094
2013-05-13,466500,29.770000457763672,29.86000061035156,29.61000061035156,29.729999542236328,21.85639190673828
2013-05-10,640500,29.86000061035156,30.01000022888184,29.61000061035156,29.71999931335449,21.84903335571289
2013-05-09,716900,30.309999465942383,30.3700008392334,29.71999931335449,29.790000915527344,21.9005069732666
2013-05-08,446400,30.5,30.520000457763672,30.059999465942383,30.290000915527344,22.26807975769043
2013-05-07,412900,30.3799991607666,30.59000015258789,30.350000381469727,30.520000457763672,22.43717193603516
2013-05-06,347800,30.190000534057617,30.46999931335449,30.11000061035156,30.38999938964844,22.341598510742188
2013-05-03,391100,30.020000457763672,30.440000534057617,29.86000061035156,30.270000457763672,22.253381729125977
2013-05-02,474800,29.6200008392334,30.290000915527344,29.540000915527344,30.239999771118164,22.231325149536133
2013-05-01,850000,29.86000061035156,30.18000030517578,29.600000381469727,29.6200008392334,21.77552604675293
2013-04-30,643300,29.56999969482422,30.020000457763672,29.520000457763672,30.020000457763672,22.06958770751953
2013-04-29,505300,29.299999237060547,29.64999961853028,29.190000534057617,29.549999237060547,21.724056243896484
2013-04-26,468300,29.11000061035156,29.39999961853028,29.049999237060547,29.14999961853028,21.42999649047852
2013-04-25,468100,29.450000762939453,29.540000915527344,29.09000015258789,29.200000762939453,21.466753005981445
2013-04-24,397400,29.38999938964844,29.530000686645508,29.290000915527344,29.440000534057617,21.6431941986084
2013-04-23,489600,29.51000022888184,29.65999984741211,29.25,29.39999961853028,21.613788604736328
2013-04-22,502200,29.549999237060547,29.59000015258789,29.059999465942383,29.34000015258789,21.56967544555664
2013-04-19,952500,28.8799991607666,29.63999938964844,28.76000022888184,29.57999992370605,21.746118545532227
2013-04-18,618900,28.8700008392334,29.07999992370605,28.780000686645508,28.8700008392334,21.22415351867676
2013-04-17,600000,28.979999542236328,29.13999938964844,28.700000762939453,28.90999984741211,21.25355339050293
2013-04-16,795800,28.700000762939453,29.32999992370605,28.5,29.26000022888184,21.51086807250977
2013-04-15,573100,28.96999931335449,29.1200008392334,28.549999237060547,28.559999465942383,20.996252059936523
2013-04-12,433200,28.790000915527344,29.06999969482422,28.75,29.020000457763672,21.33441925048828
2013-04-11,572700,28.93000030517578,29.209999084472656,28.8700008392334,28.959999084472656,21.29031562805176
2013-04-10,601300,28.799999237060547,29.030000686645508,28.690000534057617,29.0,21.31972312927246
2013-04-09,537800,28.86000061035156,29.059999465942383,28.600000381469727,28.81999969482422,21.18739318847656
2013-04-08,446100,28.68000030517578,28.8799991607666,28.51000022888184,28.8799991607666,21.23150634765625
2013-04-05,423200,28.200000762939453,28.6200008392334,28.14999961853028,28.61000061035156,21.03301239013672
2013-04-04,430700,28.3799991607666,28.65999984741211,28.290000915527344,28.59000015258789,21.01830673217773
2013-04-03,597000,28.5,28.64999961853028,28.239999771118164,28.3799991607666,20.863920211791992
2013-04-02,593900,28.600000381469727,28.780000686645508,28.39999961853028,28.450000762939453,20.915388107299805
2013-04-01,418000,28.31999969482422,28.559999465942383,28.170000076293945,28.5,20.9521427154541
2013-03-28,485200,28.280000686645508,28.5,28.059999465942383,28.38999938964844,20.871273040771484
2013-03-27,309200,27.8700008392334,28.229999542236328,27.8700008392334,28.209999084472656,20.738937377929688
2013-03-26,268200,27.82999992370605,28.07999992370605,27.82999992370605,28.059999465942383,20.6286735534668
2013-03-25,298500,27.89999961853028,28.11000061035156,27.739999771118164,27.84000015258789,20.466936111450195
2013-03-22,349300,27.32999992370605,27.90999984741211,27.280000686645508,27.850000381469727,20.47428321838379
2013-03-21,645600,27.239999771118164,27.770000457763672,27.06999969482422,27.3700008392334,20.12140846252441
2013-03-20,282300,27.489999771118164,27.75,27.420000076293945,27.75,20.400768280029297
2013-03-19,693200,27.56999969482422,27.729999542236328,27.21999931335449,27.420000076293945,20.15816116333008
2013-03-18,643300,27.520000457763672,27.780000686645508,27.43000030517578,27.56999969482422,20.268442153930664
2013-03-15,1755600,27.13999938964844,27.86000061035156,27.13999938964844,27.809999465942383,20.44487762451172
2013-03-14,384100,27.1299991607666,27.459999084472656,27.1299991607666,27.290000915527344,20.06259155273437
2013-03-13,303500,27.13999938964844,27.299999237060547,27.020000457763672,27.13999938964844,19.95232009887696
2013-03-12,261300,27.1200008392334,27.239999771118164,27.06999969482422,27.170000076293945,19.97437286376953
2013-03-11,251100,27.049999237060547,27.229999542236328,26.940000534057617,27.229999542236328,20.01848602294922
2013-03-08,315200,27.290000915527344,27.299999237060547,26.959999084472656,27.1299991607666,19.944969177246094
2013-03-07,503500,27.11000061035156,27.270000457763672,27.06999969482422,27.170000076293945,19.97437286376953
2013-03-06,399500,27.13999938964844,27.229999542236328,26.90999984741211,27.1299991607666,19.944969177246094
2013-03-05,645600,27.09000015258789,27.239999771118164,27.049999237060547,27.06999969482422,19.90085792541504
2013-03-04,943700,26.709999084472656,27.200000762939453,26.690000534057617,27.0,19.84939956665039
2013-03-01,443900,26.43000030517578,26.809999465942383,26.290000915527344,26.709999084472656,19.636199951171875
2013-02-28,1036900,26.26000022888184,26.780000686645508,26.25,26.600000381469727,19.555334091186523
2013-02-27,871300,25.81999969482422,26.520000457763672,25.790000915527344,26.350000381469727,19.37154197692871
2013-02-26,347100,25.57999992370605,25.809999465942383,25.38999938964844,25.770000457763672,18.945144653320312
2013-02-25,403000,26.100000381469727,26.200000762939453,25.440000534057617,25.450000762939453,18.709896087646484
2013-02-22,407100,25.790000915527344,26.040000915527344,25.6299991607666,25.940000534057617,19.07012367248535
2013-02-21,680900,25.75,25.89999961853028,24.89999961853028,25.6200008392334,18.834875106811523
2013-02-20,540600,26.020000457763672,26.200000762939453,25.6200008392334,25.6299991607666,18.842226028442383
2013-02-19,335900,25.809999465942383,26.07999992370605,25.790000915527344,26.07999992370605,19.17304801940918
2013-02-15,1034400,25.51000022888184,25.850000381469727,25.38999938964844,25.84000015258789,18.996612548828125
2013-02-14,350800,25.61000061035156,25.84000015258789,25.489999771118164,25.5,18.74665069580078
2013-02-13,793700,25.61000061035156,25.809999465942383,25.46999931335449,25.59000015258789,18.812822341918945
2013-02-12,520600,25.34000015258789,25.6200008392334,25.270000457763672,25.549999237060547,18.78341484069824
2013-02-11,383500,25.549999237060547,25.75,25.549999237060547,25.600000381469727,18.599618911743164
2013-02-08,335900,25.63999938964844,25.65999984741211,25.520000457763672,25.559999465942383,18.57055854797364
2013-02-07,204600,25.489999771118164,25.700000762939453,25.450000762939453,25.61000061035156,18.60688781738281
2013-02-06,397000,25.32999992370605,25.600000381469727,25.299999237060547,25.450000762939453,18.490642547607425
2013-02-05,513300,25.59000015258789,25.76000022888184,25.3700008392334,25.39999961853028,18.45431137084961
2013-02-04,813000,25.56999969482422,25.81999969482422,25.420000076293945,25.440000534057617,18.483373641967773
2013-02-01,433800,25.6200008392334,25.89999961853028,25.46999931335449,25.700000762939453,18.67227554321289
2013-01-31,541000,25.59000015258789,25.6200008392334,25.450000762939453,25.479999542236328,18.512432098388672
2013-01-30,505700,25.51000022888184,25.76000022888184,25.3700008392334,25.59000015258789,18.592361450195312
2013-01-29,572600,25.600000381469727,25.770000457763672,25.530000686645508,25.549999237060547,18.563291549682617
2013-01-28,705700,25.51000022888184,25.68000030517578,25.350000381469727,25.559999465942383,18.57055854797364
2013-01-25,311300,25.38999938964844,25.51000022888184,25.309999465942383,25.5,18.52696418762207
2013-01-24,413200,25.209999084472656,25.40999984741211,25.190000534057617,25.299999237060547,18.38165855407715
2013-01-23,463500,25.1200008392334,25.299999237060547,25.09000015258789,25.200000762939453,18.309005737304688
2013-01-22,553200,25.059999465942383,25.25,24.989999771118164,25.200000762939453,18.309005737304688
2013-01-18,610500,24.89999961853028,25.0,24.809999465942383,25.0,18.1636905670166
2013-01-17,555000,25.07999992370605,25.07999992370605,24.920000076293945,24.93000030517578,18.11283493041992
2013-01-16,557100,25.100000381469727,25.11000061035156,24.940000534057617,24.959999084472656,18.13463020324707
2013-01-15,388100,25.059999465942383,25.059999465942383,24.81999969482422,24.979999542236328,18.149158477783203
2013-01-14,256700,24.959999084472656,25.200000762939453,24.89999961853028,25.0,18.1636905670166
2013-01-11,419800,24.989999771118164,25.01000022888184,24.770000457763672,24.959999084472656,18.13463020324707
2013-01-10,349900,25.1200008392334,25.1200008392334,24.809999465942383,24.88999938964844,18.083770751953125
2013-01-09,318500,24.959999084472656,25.100000381469727,24.799999237060547,25.040000915527344,18.192750930786133
2013-01-08,230900,24.700000762939453,24.940000534057617,24.63999938964844,24.8799991607666,18.076509475708008
2013-01-07,424700,24.809999465942383,25.1299991607666,24.65999984741211,24.690000534057617,17.938461303710938
2013-01-04,476400,24.790000915527344,24.950000762939453,24.56999969482422,24.90999984741211,18.098302841186523
2013-01-03,484600,24.38999938964844,24.75,24.309999465942383,24.68000030517578,17.93119239807129
2013-01-02,625600,24.40999984741211,24.489999771118164,24.06999969482422,24.34000015258789,17.68416976928711
2012-12-31,305800,23.770000457763672,24.049999237060547,23.739999771118164,24.01000022888184,17.444408416748047
2012-12-28,240200,23.799999237060547,24.0,23.65999984741211,23.790000915527344,17.284570693969727
2012-12-27,226900,23.71999931335449,23.940000534057617,23.549999237060547,23.940000534057617,17.3935489654541
2012-12-26,448500,23.920000076293945,23.979999542236328,23.65999984741211,23.709999084472656,17.2264461517334
2012-12-24,182500,23.90999984741211,24.0,23.75,23.88999938964844,17.357219696044922
2012-12-21,1174800,23.82999992370605,24.049999237060547,23.690000534057617,23.86000061035156,17.33542823791504
2012-12-20,354900,23.63999938964844,24.0,23.559999465942383,23.989999771118164,17.429872512817383
2012-12-19,367800,23.63999938964844,23.799999237060547,23.559999465942383,23.57999992370605,17.131996154785156
2012-12-18,418300,23.36000061035156,23.65999984741211,23.36000061035156,23.64999961853028,17.18285369873047
2012-12-17,534800,23.32999992370605,23.530000686645508,23.21999931335449,23.32999992370605,16.950361251831055
2012-12-14,554900,23.489999771118164,23.56999969482422,23.26000022888184,23.34000015258789,16.95762062072754
2012-12-13,506600,23.61000061035156,23.68000030517578,23.21999931335449,23.43000030517578,17.02301025390625
2012-12-12,898600,24.040000915527344,24.1200008392334,23.670000076293945,23.690000534057617,17.2119140625
2012-12-11,638200,24.32999992370605,24.32999992370605,24.049999237060547,24.06999969482422,17.488000869750977
2012-12-10,643200,24.299999237060547,24.440000534057617,24.09000015258789,24.18000030517578,17.567920684814453
2012-12-07,467300,24.21999931335449,24.38999938964844,24.09000015258789,24.309999465942383,17.662370681762695
2012-12-06,308800,23.96999931335449,24.229999542236328,23.96999931335449,24.229999542236328,17.604251861572266
2012-12-05,386200,24.170000076293945,24.170000076293945,23.82999992370605,24.040000915527344,17.466209411621094
2012-12-04,403800,24.06999969482422,24.13999938964844,23.920000076293945,24.030000686645508,17.45894432067871
2012-12-03,778600,23.959999084472656,24.21999931335449,23.89999961853028,24.100000381469727,17.509796142578125
2012-11-30,734900,23.82999992370605,23.959999084472656,23.700000762939453,23.850000381469727,17.328161239624023
2012-11-29,497500,23.88999938964844,23.93000030517578,23.350000381469727,23.790000915527344,17.284570693969727
2012-11-28,640400,23.549999237060547,23.75,23.21999931335449,23.75,17.255508422851562
2012-11-27,502500,24.0,24.0,23.459999084472656,23.549999237060547,17.110197067260742
2012-11-26,352500,23.63999938964844,23.950000762939453,23.63999938964844,23.89999961853028,17.364490509033203
2012-11-23,197000,23.549999237060547,23.700000762939453,23.43000030517578,23.6299991607666,17.16831398010254
2012-11-21,206300,23.65999984741211,23.670000076293945,23.21999931335449,23.440000534057617,17.0302791595459
2012-11-20,256000,23.440000534057617,23.700000762939453,23.15999984741211,23.6299991607666,17.16831398010254
2012-11-19,478300,23.190000534057617,23.5,23.040000915527344,23.440000534057617,17.0302791595459
2012-11-16,1060900,22.93000030517578,23.21999931335449,22.600000381469727,22.959999084472656,16.681533813476562
2012-11-15,792600,22.940000534057617,23.21999931335449,22.780000686645508,22.959999084472656,16.681533813476562
2012-11-14,809700,23.200000762939453,23.36000061035156,22.90999984741211,23.01000022888184,16.717863082885742
2012-11-13,568000,23.25,23.31999969482422,23.01000022888184,23.209999084472656,16.863174438476562
2012-11-12,392600,23.549999237060547,23.6200008392334,23.3799991607666,23.51000022888184,16.863174438476562
2012-11-09,816400,22.600000381469727,23.63999938964844,22.14999961853028,23.46999931335449,16.834484100341797
2012-11-08,783500,23.1200008392334,23.8799991607666,22.65999984741211,22.76000022888184,16.325212478637695
2012-11-07,444100,23.21999931335449,23.43000030517578,23.1200008392334,23.32999992370605,16.73406219482422
2012-11-06,298300,23.239999771118164,23.450000762939453,23.06999969482422,23.350000381469727,16.748411178588867
2012-11-05,319200,23.32999992370605,23.479999542236328,23.030000686645508,23.25,16.676677703857422
2012-11-02,637500,23.56999969482422,23.729999542236328,23.280000686645508,23.290000915527344,16.705371856689453
2012-11-01,534500,23.59000015258789,23.780000686645508,23.299999237060547,23.420000076293945,16.798614501953125
2012-10-31,1525500,23.100000381469727,23.549999237060547,23.06999969482422,23.489999771118164,16.848825454711914
2012-10-26,352700,23.229999542236328,23.229999542236328,22.799999237060547,23.040000915527344,16.526050567626953
2012-10-25,288400,23.18000030517578,23.489999771118164,22.8799991607666,23.170000076293945,16.619295120239258
2012-10-24,313200,23.25,23.309999465942383,22.940000534057617,23.07999992370605,16.554744720458984
2012-10-23,331200,23.1200008392334,23.229999542236328,22.850000381469727,23.1299991607666,16.590604782104492
2012-10-22,307200,23.32999992370605,23.32999992370605,23.06999969482422,23.229999542236328,16.662334442138672
2012-10-19,694600,23.6200008392334,23.770000457763672,23.21999931335449,23.309999465942383,16.71971321105957
2012-10-18,674000,23.14999961853028,23.700000762939453,23.14999961853028,23.68000030517578,16.985107421875
2012-10-17,724400,23.420000076293945,23.440000534057617,22.950000762939453,23.13999938964844,16.597776412963867
2012-10-16,377900,23.489999771118164,23.559999465942383,23.25,23.5,16.855993270874023
2012-10-15,381400,23.18000030517578,23.38999938964844,23.0,23.3700008392334,16.762754440307617
2012-10-12,416200,23.200000762939453,23.32999992370605,23.049999237060547,23.09000015258789,16.561912536621094
2012-10-11,480300,23.39999961853028,23.540000915527344,23.1299991607666,23.229999542236328,16.662334442138672
2012-10-10,546100,23.26000022888184,23.34000015258789,23.059999465942383,23.229999542236328,16.662334442138672
2012-10-09,481800,23.489999771118164,23.57999992370605,23.350000381469727,23.40999984741211,16.791444778442383
2012-10-08,345700,23.39999961853028,23.51000022888184,23.15999984741211,23.43000030517578,16.805788040161133
2012-10-05,683300,23.530000686645508,23.559999465942383,23.3700008392334,23.40999984741211,16.791444778442383
2012-10-04,400700,23.709999084472656,23.81999969482422,23.32999992370605,23.459999084472656,16.827302932739258
2012-10-03,533100,23.59000015258789,23.8799991607666,23.520000457763672,23.61000061035156,16.93489646911621
2012-10-02,1120900,23.13999938964844,23.6299991607666,23.030000686645508,23.6200008392334,16.942073822021484
2012-10-01,740700,23.1299991607666,23.14999961853028,22.809999465942383,23.100000381469727,16.569087982177734
2012-09-28,718800,23.06999969482422,23.209999084472656,23.0,23.049999237060547,16.533226013183594
2012-09-27,955300,23.020000457763672,23.31999969482422,23.01000022888184,23.200000762939453,16.64080810546875
2012-09-26,1264700,22.979999542236328,23.3799991607666,22.96999931335449,23.020000457763672,16.51171112060547
2012-09-25,6051400,23.170000076293945,23.43000030517578,22.950000762939453,22.96999931335449,16.475845336914062
2012-09-24,552100,23.8700008392334,24.1200008392334,23.84000015258789,23.8700008392334,17.121389389038086
2012-09-21,794300,24.030000686645508,24.09000015258789,23.780000686645508,23.89999961853028,17.142911911010742
2012-09-20,702000,24.15999984741211,24.40999984741211,23.65999984741211,23.729999542236328,17.020977020263672
2012-09-19,955400,24.100000381469727,24.18000030517578,23.799999237060547,23.799999237060547,17.07118034362793
2012-09-18,1115900,24.38999938964844,24.440000534057617,23.950000762939453,24.06999969482422,17.264842987060547
2012-09-17,245900,24.75,24.780000686645508,24.43000030517578,24.489999771118164,17.566102981567383
2012-09-14,858400,24.88999938964844,25.15999984741211,24.770000457763672,24.780000686645508,17.77411651611328
2012-09-13,429400,24.549999237060547,25.09000015258789,24.520000457763672,24.850000381469727,17.824321746826172
2012-09-12,331700,24.670000076293945,24.670000076293945,24.36000061035156,24.5,17.57327651977539
2012-09-11,263600,24.32999992370605,24.6299991607666,24.32999992370605,24.57999992370605,17.630659103393555
2012-09-10,387300,24.63999938964844,24.690000534057617,24.350000381469727,24.350000381469727,17.46568489074707
2012-09-07,247000,25.020000457763672,25.020000457763672,24.670000076293945,24.739999771118164,17.745424270629883
2012-09-06,409700,24.700000762939453,24.93000030517578,24.670000076293945,24.93000030517578,17.88170623779297
2012-09-05,357100,24.71999931335449,24.790000915527344,24.530000686645508,24.559999465942383,17.616317749023438
2012-09-04,432000,24.280000686645508,24.68000030517578,24.1299991607666,24.61000061035156,17.65217399597168
2012-08-31,409100,24.479999542236328,24.5,24.18000030517578,24.26000022888184,17.4011287689209
2012-08-30,206600,24.15999984741211,24.36000061035156,24.1299991607666,24.36000061035156,17.472862243652344
2012-08-29,201900,24.290000915527344,24.38999938964844,24.170000076293945,24.290000915527344,17.422643661499023
2012-08-28,179500,24.170000076293945,24.26000022888184,24.09000015258789,24.26000022888184,17.4011287689209
2012-08-27,172600,24.11000061035156,24.190000534057617,23.989999771118164,24.13999938964844,17.3150577545166
2012-08-24,164400,23.8700008392334,24.020000457763672,23.809999465942383,23.979999542236328,17.20029067993164
2012-08-23,196100,24.11000061035156,24.190000534057617,23.90999984741211,23.90999984741211,17.150081634521484
2012-08-22,272100,24.09000015258789,24.25,23.920000076293945,24.209999084472656,17.36526870727539
2012-08-21,237400,24.1200008392334,24.26000022888184,24.059999465942383,24.14999961853028,17.322229385375977
2012-08-20,351500,24.229999542236328,24.229999542236328,23.8700008392334,24.06999969482422,17.264842987060547
2012-08-17,310500,24.07999992370605,24.239999771118164,24.07999992370605,24.21999931335449,17.372438430786133
2012-08-16,393800,24.200000762939453,24.21999931335449,24.020000457763672,24.09000015258789,17.27919578552246
2012-08-15,380800,24.06999969482422,24.229999542236328,24.020000457763672,24.13999938964844,17.3150577545166
2012-08-14,691400,24.670000076293945,24.670000076293945,24.100000381469727,24.13999938964844,17.3150577545166
2012-08-13,910600,24.5,24.76000022888184,24.5,24.76000022888184,17.544586181640625
2012-08-10,449600,24.43000030517578,24.57999992370605,24.25,24.549999237060547,17.39577865600586
2012-08-09,749700,24.270000457763672,24.65999984741211,24.209999084472656,24.440000534057617,17.317838668823242
2012-08-08,941800,24.209999084472656,24.549999237060547,24.13999938964844,24.36000061035156,17.261154174804688
2012-08-07,1781200,24.350000381469727,24.36000061035156,23.8799991607666,24.299999237060547,17.2186336517334
2012-08-06,287200,24.309999465942383,24.520000457763672,24.25,24.3799991607666,17.275320053100586
2012-08-03,410800,24.34000015258789,24.61000061035156,24.21999931335449,24.299999237060547,17.2186336517334
2012-08-02,457800,23.799999237060547,24.26000022888184,23.799999237060547,24.26000022888184,17.190290451049805
2012-08-01,631800,24.600000381469727,25.0,24.239999771118164,24.280000686645508,17.20446014404297
2012-07-31,464200,24.40999984741211,24.6299991607666,24.299999237060547,24.559999465942383,17.402868270874023
2012-07-30,303800,24.549999237060547,24.63999938964844,24.38999938964844,24.489999771118164,17.3532657623291
2012-07-27,362100,24.200000762939453,24.59000015258789,24.13999938964844,24.51000022888184,17.367433547973633
2012-07-26,436500,24.32999992370605,24.36000061035156,24.0,24.14999961853028,17.112348556518555
2012-07-25,398200,24.420000076293945,24.479999542236328,24.0,24.049999237060547,17.041484832763672
2012-07-24,538200,24.3700008392334,24.440000534057617,24.11000061035156,24.25,17.183202743530273
2012-07-23,362100,23.93000030517578,24.36000061035156,23.89999961853028,24.290000915527344,17.211549758911133
2012-07-20,408200,24.07999992370605,24.26000022888184,23.850000381469727,24.170000076293945,17.126523971557617
2012-07-19,380400,24.450000762939453,24.549999237060547,24.040000915527344,24.280000686645508,17.20446014404297
2012-07-18,548000,24.440000534057617,24.51000022888184,24.299999237060547,24.38999938964844,17.282407760620117
2012-07-17,575800,24.5,24.670000076293945,24.270000457763672,24.5,17.3603515625
2012-07-16,456400,24.290000915527344,24.489999771118164,24.14999961853028,24.36000061035156,17.261154174804688
2012-07-13,394300,24.0,24.350000381469727,23.959999084472656,24.34000015258789,17.246978759765625
2012-07-12,398300,23.81999969482422,24.200000762939453,23.59000015258789,23.989999771118164,16.998973846435547
2012-07-11,477100,23.809999465942383,23.989999771118164,23.64999961853028,23.950000762939453,16.970624923706055
2012-07-10,333700,24.1200008392334,24.25,23.64999961853028,23.799999237060547,16.86433982849121
2012-07-09,531700,23.96999931335449,24.100000381469727,23.8799991607666,24.07999992370605,17.062746047973633
2012-07-06,650800,23.700000762939453,24.06999969482422,23.57999992370605,23.959999084472656,16.977712631225586
2012-07-05,537200,24.020000457763672,24.25,23.93000030517578,23.93000030517578,16.956459045410156
2012-07-03,368800,24.0,24.13999938964844,23.89999961853028,24.0,17.006061553955078
2012-07-02,916800,23.86000061035156,24.200000762939453,23.790000915527344,24.030000686645508,17.027318954467773
2012-06-29,548000,23.959999084472656,23.959999084472656,23.65999984741211,23.84000015258789,16.892684936523438
2012-06-28,502400,22.96999931335449,23.600000381469727,22.86000061035156,23.59000015258789,16.71554183959961
2012-06-27,433600,23.030000686645508,23.25,22.96999931335449,23.059999465942383,16.339988708496094
2012-06-26,258800,22.90999984741211,23.26000022888184,22.8799991607666,23.020000457763672,16.3116455078125
2012-06-25,362100,22.81999969482422,22.959999084472656,22.68000030517578,22.8799991607666,16.212444305419922
2012-06-22,776900,23.229999542236328,23.290000915527344,22.959999084472656,23.0,16.297473907470703
2012-06-21,524500,23.3700008392334,23.3799991607666,22.989999771118164,23.07999992370605,16.354164123535156
2012-06-20,487300,23.3700008392334,23.63999938964844,23.209999084472656,23.299999237060547,16.510046005249023
2012-06-19,1017900,23.14999961853028,23.700000762939453,23.059999465942383,23.38999938964844,16.573820114135742
2012-06-18,677700,22.979999542236328,23.39999961853028,22.90999984741211,23.15999984741211,16.410846710205078
2012-06-15,865300,23.1299991607666,23.309999465942383,22.88999938964844,23.059999465942383,16.339988708496094
2012-06-14,771600,22.229999542236328,23.1299991607666,22.21999931335449,22.96999931335449,16.27621841430664
2012-06-13,604200,22.06999969482422,22.64999961853028,22.040000915527344,22.170000076293945,15.709349632263184
2012-06-12,307900,22.030000686645508,22.21999931335449,21.850000381469727,22.170000076293945,15.709349632263184
2012-06-11,491400,22.56999969482422,22.57999992370605,21.88999938964844,21.90999984741211,15.525117874145508
2012-06-08,484400,21.81999969482422,22.5,21.81999969482422,22.479999542236328,15.92900848388672
2012-06-07,998400,22.38999938964844,22.51000022888184,21.809999465942383,21.86000061035156,15.489686965942385
2012-06-06,1325900,22.450000762939453,22.5,21.950000762939453,22.15999984741211,15.702260971069336
2012-06-05,909200,21.700000762939453,22.39999961853028,21.63999938964844,22.309999465942383,15.808550834655762
2012-06-04,1176800,21.96999931335449,22.290000915527344,21.71999931335449,21.82999992370605,15.468428611755373
2012-06-01,1461600,21.51000022888184,22.07999992370605,21.40999984741211,22.0,15.588881492614746
2012-05-31,594900,21.700000762939453,22.06999969482422,21.420000076293945,21.8799991607666,15.503859519958496
2012-05-30,916700,21.940000534057617,22.01000022888184,21.57999992370605,21.700000762939453,15.376312255859377
2012-05-29,609900,21.75,22.13999938964844,21.709999084472656,22.1299991607666,15.681001663208008
2012-05-25,549500,21.65999984741211,21.84000015258789,21.57999992370605,21.64999961853028,15.340879440307615
2012-05-24,743100,21.559999465942383,21.700000762939453,21.25,21.700000762939453,15.376312255859377
2012-05-23,521000,21.190000534057617,21.59000015258789,21.059999465942383,21.59000015258789,15.298369407653809
2012-05-22,652300,21.25,21.56999969482422,21.229999542236328,21.38999938964844,15.156649589538574
2012-05-21,843000,20.770000457763672,21.309999465942383,20.709999084472656,21.26000022888184,15.064534187316896
2012-05-18,565200,21.01000022888184,21.209999084472656,20.709999084472656,20.770000457763672,14.717327117919922
2012-05-17,713100,21.520000457763672,21.549999237060547,21.0,21.0,14.880309104919434
2012-05-16,750000,21.8700008392334,21.96999931335449,21.420000076293945,21.51000022888184,15.241683959960938
2012-05-15,878700,22.049999237060547,22.200000762939453,21.690000534057617,21.86000061035156,15.489686965942385
2012-05-14,1227400,21.950000762939453,22.479999542236328,21.86000061035156,22.39999961853028,15.659743309020996
2012-05-11,529700,21.57999992370605,21.950000762939453,21.549999237060547,21.88999938964844,15.303207397460938
2012-05-10,384300,22.14999961853028,22.18000030517578,21.75,21.770000457763672,15.219314575195312
2012-05-09,562900,21.86000061035156,22.18000030517578,21.71999931335449,21.950000762939453,15.345152854919434
2012-05-08,1586400,21.64999961853028,22.030000686645508,21.64999961853028,22.0,15.38010311126709
2012-05-07,364800,21.440000534057617,21.88999938964844,21.3700008392334,21.770000457763672,15.219314575195312
2012-05-04,452200,21.420000076293945,21.57999992370605,21.34000015258789,21.489999771118164,15.023568153381348
2012-05-03,561000,21.65999984741211,21.709999084472656,21.450000762939453,21.489999771118164,15.023568153381348
2012-05-02,433800,21.690000534057617,21.71999931335449,21.25,21.600000381469727,15.100472450256348
2012-05-01,532300,21.549999237060547,22.049999237060547,21.549999237060547,21.76000022888184,15.212323188781738
2012-04-30,692800,21.5,21.559999465942383,21.25,21.479999542236328,15.016572952270508
2012-04-27,726000,21.40999984741211,21.59000015258789,21.239999771118164,21.530000686645508,15.051533699035645
2012-04-26,726500,21.26000022888184,21.56999969482422,21.15999984741211,21.39999961853028,14.960648536682127
2012-04-25,775600,21.3700008392334,21.479999542236328,21.26000022888184,21.299999237060547,14.89074420928955
2012-04-24,777600,21.049999237060547,21.21999931335449,20.940000534057617,21.18000030517578,14.80685043334961
2012-04-23,446800,21.040000915527344,21.06999969482422,20.780000686645508,21.0,14.681015014648438
2012-04-20,515600,21.309999465942383,21.350000381469727,21.1200008392334,21.290000915527344,14.883752822875977
2012-04-19,1020000,21.11000061035156,21.14999961853028,20.90999984741211,21.059999465942383,14.72295379638672
2012-04-18,902500,21.299999237060547,21.31999969482422,21.01000022888184,21.049999237060547,14.715964317321776
2012-04-17,655300,21.309999465942383,21.530000686645508,21.170000076293945,21.39999961853028,14.960648536682127
2012-04-16,813900,21.190000534057617,21.350000381469727,21.059999465942383,21.15999984741211,14.79286766052246
2012-04-13,623300,21.11000061035156,21.25,21.01000022888184,21.049999237060547,14.715964317321776
2012-04-12,798800,21.049999237060547,21.239999771118164,20.940000534057617,21.200000762939453,14.82083225250244
2012-04-11,1334300,21.18000030517578,21.25,20.8700008392334,20.959999084472656,14.653045654296877
2012-04-10,1078900,21.63999938964844,21.790000915527344,20.89999961853028,20.96999931335449,14.660036087036133
2012-04-09,902400,21.450000762939453,21.8700008392334,21.31999969482422,21.64999961853028,15.135421752929688
2012-04-05,478200,21.76000022888184,21.90999984741211,21.6299991607666,21.75,15.205337524414062
2012-04-04,485200,21.950000762939453,22.040000915527344,21.700000762939453,21.850000381469727,15.275246620178224
2012-04-03,397800,22.200000762939453,22.32999992370605,21.989999771118164,22.11000061035156,15.457009315490724
2012-04-02,483700,22.0,22.239999771118164,21.850000381469727,22.239999771118164,15.547892570495604
2012-03-30,929000,22.0,22.25,21.979999542236328,22.0,15.38010311126709
2012-03-29,725300,21.809999465942383,22.049999237060547,21.71999931335449,21.93000030517578,15.33117389678955
2012-03-28,882300,21.850000381469727,21.959999084472656,21.690000534057617,21.940000534057617,15.33816146850586
2012-03-27,438700,21.739999771118164,22.030000686645508,21.739999771118164,21.8700008392334,15.289227485656738
2012-03-26,446400,21.979999542236328,22.0,21.68000030517578,21.700000762939453,15.17037582397461
2012-03-23,528200,21.57999992370605,21.739999771118164,21.420000076293945,21.739999771118164,15.19834041595459
2012-03-22,681900,21.8799991607666,21.8799991607666,21.51000022888184,21.64999961853028,15.135421752929688
2012-03-21,1501500,21.850000381469727,22.520000457763672,21.76000022888184,22.020000457763672,15.394087791442873
2012-03-20,810400,21.290000915527344,21.850000381469727,21.21999931335449,21.850000381469727,15.275246620178224
2012-03-19,453400,20.989999771118164,21.46999931335449,20.90999984741211,21.38999938964844,14.953660011291504
2012-03-16,480000,20.979999542236328,21.030000686645508,20.809999465942383,21.0,14.681015014648438
2012-03-15,410000,20.89999961853028,21.0,20.71999931335449,20.88999938964844,14.60411262512207
2012-03-14,553600,21.170000076293945,21.239999771118164,20.88999938964844,20.96999931335449,14.660036087036133
2012-03-13,416600,20.8799991607666,21.200000762939453,20.809999465942383,21.18000030517578,14.80685043334961
2012-03-12,296700,20.68000030517578,20.76000022888184,20.57999992370605,20.709999084472656,14.478273391723633
2012-03-09,312400,20.51000022888184,20.75,20.450000762939453,20.68000030517578,14.457298278808594
2012-03-08,288800,20.59000015258789,20.690000534057617,20.270000457763672,20.530000686645508,14.352435111999512
2012-03-07,318900,20.59000015258789,20.690000534057617,20.36000061035156,20.51000022888184,14.338452339172363
2012-03-06,629300,20.459999084472656,20.68000030517578,20.420000076293945,20.51000022888184,14.338452339172363
2012-03-05,412700,20.36000061035156,20.690000534057617,20.18000030517578,20.63999938964844,14.429336547851562
2012-03-02,1003300,20.71999931335449,20.739999771118164,20.239999771118164,20.36000061035156,14.233591079711914
2012-03-01,548000,20.700000762939453,20.809999465942383,20.600000381469727,20.729999542236328,14.492253303527832
2012-02-29,688400,20.84000015258789,21.01000022888184,20.6299991607666,20.670000076293945,14.450310707092283
2012-02-28,238300,20.959999084472656,20.959999084472656,20.63999938964844,20.739999771118164,14.49924659729004
2012-02-27,436000,20.63999938964844,20.8799991607666,20.420000076293945,20.86000061035156,14.583136558532717
2012-02-24,264200,20.96999931335449,21.040000915527344,20.700000762939453,20.809999465942383,14.548185348510742
2012-02-23,549000,20.39999961853028,21.1299991607666,20.25,20.82999992370605,14.562170028686523
2012-02-22,478700,20.600000381469727,20.71999931335449,20.34000015258789,20.549999237060547,14.36641788482666
2012-02-21,639400,20.96999931335449,20.96999931335449,20.549999237060547,20.59000015258789,14.39438247680664
2012-02-17,355300,21.049999237060547,21.1200008392334,20.84000015258789,21.020000457763672,14.694992065429688
2012-02-16,641300,20.690000534057617,21.190000534057617,20.68000030517578,20.979999542236328,14.667030334472656
2012-02-15,509800,20.89999961853028,20.93000030517578,20.6200008392334,20.65999984741211,14.443315505981444
2012-02-14,521800,20.549999237060547,20.8799991607666,20.38999938964844,20.809999465942383,14.548185348510742
2012-02-13,1262500,21.01000022888184,21.13999938964844,20.809999465942383,20.86000061035156,14.373409271240234
2012-02-10,926800,21.100000381469727,21.239999771118164,20.770000457763672,20.799999237060547,14.33206844329834
2012-02-09,525900,21.489999771118164,21.600000381469727,21.209999084472656,21.280000686645508,14.662806510925291
2012-02-08,593500,21.43000030517578,21.57999992370605,21.280000686645508,21.479999542236328,14.800613403320312
2012-02-07,510800,21.270000457763672,21.51000022888184,21.229999542236328,21.40999984741211,14.752385139465332
2012-02-06,502300,21.1200008392334,21.34000015258789,21.059999465942383,21.299999237060547,14.67658519744873
2012-02-03,611500,21.450000762939453,21.56999969482422,21.11000061035156,21.14999961853028,14.573229789733888
2012-02-02,519700,21.25,21.3700008392334,21.1200008392334,21.21999931335449,14.621465682983398
2012-02-01,1620700,20.790000915527344,21.34000015258789,20.770000457763672,21.309999465942383,14.683478355407717
2012-01-31,1137600,21.020000457763672,21.09000015258789,20.8700008392334,21.06999969482422,14.518106460571287
2012-01-30,971600,20.850000381469727,21.07999992370605,20.770000457763672,21.0,14.469881057739258
2012-01-27,911200,20.5,21.1299991607666,20.5,21.059999465942383,14.51121711730957
2012-01-26,952200,20.670000076293945,21.11000061035156,20.59000015258789,20.959999084472656,14.44231414794922
2012-01-25,952400,20.209999084472656,20.64999961853028,20.100000381469727,20.6299991607666,14.214927673339844
2012-01-24,801800,19.770000457763672,20.32999992370605,19.75,20.290000915527344,13.980656623840332
2012-01-23,563700,19.739999771118164,19.950000762939453,19.68000030517578,19.940000534057617,13.739490509033203
2012-01-20,929200,19.549999237060547,19.739999771118164,19.450000762939453,19.739999771118164,13.601683616638184
2012-01-19,591800,19.43000030517578,19.63999938964844,19.39999961853028,19.559999465942383,13.477657318115234
2012-01-18,508300,19.01000022888184,19.450000762939453,19.0,19.450000762939453,13.401864051818848
2012-01-17,793400,19.059999465942383,19.1299991607666,18.90999984741211,19.049999237060547,13.12624168395996
2012-01-13,305400,18.88999938964844,19.020000457763672,18.76000022888184,18.920000076293945,13.036669731140137
2012-01-12,554900,19.18000030517578,19.239999771118164,18.920000076293945,19.0,13.091788291931152
2012-01-11,311300,19.049999237060547,19.21999931335449,18.979999542236328,19.190000534057617,13.222713470458984
2012-01-10,482500,18.790000915527344,19.18000030517578,18.64999961853028,19.06999969482422,13.140024185180664
2012-01-09,448000,18.82999992370605,18.93000030517578,18.520000457763672,18.559999465942383,12.788613319396973
2012-01-06,404100,18.979999542236328,19.059999465942383,18.76000022888184,18.82999992370605,12.974653244018556
2012-01-05,827200,18.82999992370605,19.01000022888184,18.76000022888184,18.959999084472656,13.06422996520996
2012-01-04,945800,19.030000686645508,19.09000015258789,18.790000915527344,18.88999938964844,13.015995979309082
2012-01-03,874000,19.059999465942383,19.21999931335449,18.8799991607666,19.06999969482422,13.140024185180664
2011-12-30,415500,18.76000022888184,18.979999542236328,18.56999969482422,18.59000015258789,12.809282302856444
2011-12-29,384300,18.739999771118164,18.82999992370605,18.690000534057617,18.770000457763672,12.933313369750977
2011-12-28,476100,19.030000686645508,19.030000686645508,18.700000762939453,18.729999542236328,12.90574836730957
2011-12-27,517900,18.549999237060547,19.209999084472656,18.520000457763672,18.989999771118164,13.084904670715332
2011-12-23,189300,18.559999465942383,18.700000762939453,18.420000076293945,18.600000381469727,12.816174507141112
2011-12-22,341400,18.420000076293945,18.68000030517578,18.420000076293945,18.459999084472656,12.719708442687988
2011-12-21,381000,18.059999465942383,18.440000534057617,18.0,18.36000061035156,12.650805473327637
2011-12-20,636500,17.84000015258789,18.15999984741211,17.809999465942383,18.1200008392334,12.485441207885742
2011-12-19,480900,17.93000030517578,17.950000762939453,17.559999465942383,17.559999465942383,12.099574089050291
2011-12-16,976400,17.940000534057617,18.200000762939453,17.649999618530273,17.81999969482422,12.278722763061523
2011-12-15,635500,17.59000015258789,17.850000381469727,17.469999313354492,17.780000686645508,12.2511625289917
2011-12-14,617000,16.989999771118164,17.5,16.989999771118164,17.350000381469727,11.954872131347656
2011-12-13,569900,17.40999984741211,17.59000015258789,17.030000686645508,17.110000610351562,11.78950309753418
2011-12-12,612500,17.469999313354492,17.530000686645508,17.190000534057617,17.299999237060547,11.92042350769043
2011-12-09,679400,17.579999923706055,17.790000915527344,17.469999313354492,17.709999084472656,12.202927589416504
2011-12-08,695600,18.020000457763672,18.020000457763672,17.450000762939453,17.5,12.058231353759766
2011-12-07,692600,17.959999084472656,18.09000015258789,17.739999771118164,18.059999465942383,12.444091796875
2011-12-06,689300,17.690000534057617,18.1299991607666,17.649999618530273,18.020000457763672,12.416529655456545
2011-12-05,421600,17.8700008392334,17.93000030517578,17.520000457763672,17.719999313354492,12.209816932678224
2011-12-02,612500,17.559999465942383,17.889999389648438,17.559999465942383,17.65999984741211,12.168476104736328
2011-12-01,339900,17.59000015258789,17.600000381469727,17.350000381469727,17.43000030517578,12.009997367858888
2011-11-30,1349200,17.43000030517578,17.6200008392334,17.290000915527344,17.6200008392334,12.14091682434082
2011-11-29,448500,16.93000030517578,16.969999313354492,16.770000457763672,16.84000015258789,11.60346221923828
2011-11-28,654000,16.760000228881836,16.959999084472656,16.600000381469727,16.93000030517578,11.665475845336914
2011-11-25,214200,16.309999465942383,16.729999542236328,16.260000228881836,16.290000915527344,11.224488258361816
2011-11-23,477700,16.549999237060547,16.649999618530273,16.329999923706055,16.360000610351562,11.272722244262695
2011-11-22,711500,16.709999084472656,16.850000381469727,16.520000457763672,16.709999084472656,11.513885498046877
2011-11-21,626300,17.059999465942383,17.100000381469727,16.600000381469727,16.68000030517578,11.493213653564451
2011-11-18,497900,17.059999465942383,17.34000015258789,16.950000762939453,17.31999969482422,11.934202194213867
2011-11-17,557600,17.299999237060547,17.510000228881836,16.959999084472656,17.049999237060547,11.748161315917969
2011-11-16,590400,17.190000534057617,17.579999923706055,17.100000381469727,17.25,11.885967254638672
2011-11-15,748000,16.950000762939453,17.489999771118164,16.93000030517578,17.31999969482422,11.934202194213867
2011-11-14,1057900,17.760000228881836,17.760000228881836,17.219999313354492,17.290000915527344,11.706817626953123
2011-11-11,877300,17.489999771118164,17.860000610351562,17.389999389648438,17.829999923706055,12.072442054748535
2011-11-10,1264600,17.969999313354492,18.010000228881836,17.260000228881836,17.329999923706055,11.733901977539062
2011-11-09,1052400,18.010000228881836,18.18000030517578,17.639999389648438,17.690000534057617,11.977652549743652
2011-11-08,952000,18.36000061035156,18.5,18.07999992370605,18.459999084472656,12.49900722503662
2011-11-07,375700,18.57999992370605,18.739999771118164,18.15999984741211,18.280000686645508,12.377131462097168
2011-11-04,798100,18.520000457763672,18.68000030517578,18.239999771118164,18.559999465942383,12.56671905517578
2011-11-03,984700,18.6200008392334,18.850000381469727,18.21999931335449,18.780000686645508,12.715676307678224
2011-11-02,1074000,18.36000061035156,18.51000022888184,18.040000915527344,18.489999771118164,12.519322395324709
2011-11-01,1564800,19.299999237060547,19.38999938964844,17.860000610351562,17.899999618530273,12.11984157562256
2011-10-31,796100,18.940000534057617,19.15999984741211,18.799999237060547,18.88999938964844,12.790153503417969
2011-10-28,859300,18.950000762939453,19.26000022888184,18.950000762939453,19.18000030517578,12.98651123046875
2011-10-27,1629200,18.979999542236328,19.13999938964844,18.729999542236328,19.040000915527344,12.891721725463867
2011-10-26,711500,18.46999931335449,18.46999931335449,18.11000061035156,18.32999992370605,12.41098690032959
2011-10-25,752600,18.75,18.75,18.18000030517578,18.21999931335449,12.33651065826416
2011-10-24,711300,18.100000381469727,18.88999938964844,17.989999771118164,18.8700008392334,12.776613235473633
2011-10-21,1121500,17.979999542236328,18.170000076293945,17.799999237060547,18.170000076293945,12.302653312683104
2011-10-20,834800,17.600000381469727,17.690000534057617,17.149999618530273,17.68000030517578,11.9708833694458
2011-10-19,1192700,17.690000534057617,17.809999465942383,17.40999984741211,17.559999465942383,11.889633178710938
2011-10-18,1452400,17.0,17.760000228881836,17.0,17.649999618530273,11.95057201385498
2011-10-17,980700,17.670000076293945,17.670000076293945,16.959999084472656,17.020000457763672,11.524003982543944
2011-10-14,705900,17.6299991607666,17.950000762939453,17.489999771118164,17.829999923706055,12.072442054748535
2011-10-13,861300,17.56999969482422,17.68000030517578,17.309999465942383,17.43000030517578,11.801609992980955
2011-10-12,847300,17.489999771118164,17.899999618530273,17.31999969482422,17.739999771118164,12.011509895324709
2011-10-11,724300,17.299999237060547,17.510000228881836,17.18000030517578,17.350000381469727,11.747443199157717
2011-10-10,997000,16.770000457763672,17.420000076293945,16.690000534057617,17.40999984741211,11.788070678710938
2011-10-07,708300,17.309999465942383,17.309999465942383,16.5,16.520000457763672,11.185461044311523
2011-10-06,1015100,17.100000381469727,17.309999465942383,16.860000610351562,17.239999771118164,11.672962188720703
2011-10-05,1058600,17.600000381469727,17.639999389648438,16.6200008392334,17.219999313354492,11.65942096710205
2011-10-04,1406400,16.049999237060547,17.6299991607666,16.040000915527344,17.610000610351562,11.92348575592041
2011-10-03,1175300,16.709999084472656,17.09000015258789,16.149999618530273,16.170000076293945,10.948481559753418
2011-09-30,797000,16.969999313354492,17.25,16.829999923706055,16.850000381469727,11.408900260925291
2011-09-29,689000,17.209999084472656,17.299999237060547,16.899999618530273,17.270000457763672,11.693276405334473
2011-09-28,694100,17.639999389648438,17.700000762939453,16.93000030517578,16.950000762939453,11.476608276367188
2011-09-27,931200,17.670000076293945,17.979999542236328,17.3700008392334,17.6200008392334,11.930255889892578
2011-09-26,938900,17.100000381469727,17.3799991607666,16.84000015258789,17.350000381469727,11.747443199157717
2011-09-23,1054100,16.84000015258789,17.0,16.56999969482422,16.90999984741211,11.449524879455566
2011-09-22,1402800,16.68000030517578,17.270000457763672,16.520000457763672,16.8799991607666,11.429213523864746
2011-09-21,1426600,17.84000015258789,17.8799991607666,17.260000228881836,17.299999237060547,11.713590621948242
2011-09-20,920000,17.639999389648438,18.100000381469727,17.510000228881836,17.809999465942383,12.058903694152832
2011-09-19,1084100,17.389999389648438,17.809999465942383,17.299999237060547,17.610000610351562,11.92348575592041
2011-09-16,1461100,17.579999923706055,17.729999542236328,17.3700008392334,17.670000076293945,11.964111328125
2011-09-15,1092000,17.350000381469727,17.559999465942383,17.1200008392334,17.489999771118164,11.84223461151123
2011-09-14,893800,17.079999923706055,17.329999923706055,16.770000457763672,17.170000076293945,11.625567436218262
2011-09-13,901900,16.760000228881836,17.040000915527344,16.639999389648438,16.969999313354492,11.490150451660156
2011-09-12,685500,16.479999542236328,16.780000686645508,16.3700008392334,16.760000228881836,11.347960472106934
2011-09-09,1129600,17.0,17.149999618530273,16.540000915527344,16.690000534057617,11.300570487976074
2011-09-08,626300,17.520000457763672,17.709999084472656,17.209999084472656,17.260000228881836,11.686506271362305
2011-09-07,1065300,17.030000686645508,17.520000457763672,16.889999389648438,17.520000457763672,11.862549781799316
2011-09-06,1050100,16.3799991607666,16.940000534057617,16.360000610351562,16.84000015258789,11.40213108062744
2011-09-02,833400,16.760000228881836,17.139999389648438,16.760000228881836,16.81999969482422,11.388586044311523
2011-09-01,1032800,17.540000915527344,17.600000381469727,16.979999542236328,17.059999465942383,11.551084518432615
2011-08-31,2142300,17.649999618530273,17.889999389648438,17.479999542236328,17.489999771118164,11.84223461151123
2011-08-30,939800,17.139999389648438,17.59000015258789,16.920000076293945,17.520000457763672,11.862549781799316
2011-08-29,1064300,16.59000015258789,17.260000228881836,16.59000015258789,17.229999542236328,11.666193962097168
2011-08-26,1135300,16.209999084472656,16.459999084472656,15.90999984741211,16.43000030517578,11.12452507019043
2011-08-25,941600,16.530000686645508,16.639999389648438,16.09000015258789,16.299999237060547,11.036502838134766
2011-08-24,2248000,16.389999389648438,16.559999465942383,16.270000457763672,16.3799991607666,11.090670585632324
2011-08-23,2133400,16.260000228881836,16.440000534057617,16.030000686645508,16.3700008392334,11.083898544311523
2011-08-22,1572700,16.31999969482422,16.43000030517578,15.800000190734863,16.219999313354492,10.982336044311523
2011-08-19,1239800,15.8100004196167,16.329999923706055,15.5,16.010000228881836,10.840149879455566
2011-08-18,1627400,16.290000915527344,16.709999084472656,15.9399995803833,16.06999969482422,10.88077163696289
2011-08-17,1819600,16.780000686645508,16.959999084472656,16.65999984741211,16.809999465942383,11.381816864013672
2011-08-16,1718000,16.469999313354492,16.969999313354492,16.020000457763672,16.649999618530273,11.273484230041504
2011-08-15,2062800,16.280000686645508,17.06999969482422,16.280000686645508,16.84000015258789,11.199003219604492
2011-08-12,1218500,16.1299991607666,16.280000686645508,15.779999732971191,16.100000381469727,10.706886291503906
2011-08-11,2259100,15.289999961853027,16.049999237060547,15.0600004196167,15.829999923706056,10.527329444885254
2011-08-10,2099900,15.06999969482422,16.079999923706055,14.960000038146973,15.15999984741211,10.081764221191406
2011-08-09,2076400,14.149999618530272,15.75,13.829999923706056,15.75,10.474126815795898
2011-08-08,1568100,16.549999237060547,17.200000762939453,15.279999732971191,15.800000190734863,10.50737762451172
2011-08-05,1476100,17.950000762939453,17.950000762939453,17.219999313354492,17.510000228881836,11.644570350646973
2011-08-04,1090600,18.1200008392334,18.309999465942383,17.760000228881836,17.780000686645508,11.824126243591309
2011-08-03,864400,18.26000022888184,18.450000762939453,17.829999923706055,18.32999992370605,12.189888954162598
2011-08-02,1148200,18.780000686645508,18.790000915527344,18.18000030517578,18.209999084472656,12.110087394714355
2011-08-01,1393300,19.31999969482422,19.440000534057617,18.770000457763672,18.940000534057617,12.59555435180664
2011-07-29,431100,19.43000030517578,19.670000076293945,19.32999992370605,19.600000381469727,13.034470558166504
2011-07-28,347600,19.739999771118164,19.88999938964844,19.549999237060547,19.600000381469727,13.034470558166504
2011-07-27,717400,20.1200008392334,20.190000534057617,19.739999771118164,19.75,13.13422393798828
2011-07-26,270400,20.209999084472656,20.350000381469727,20.11000061035156,20.200000762939453,13.433479309082031
2011-07-25,295200,20.309999465942383,20.39999961853028,20.209999084472656,20.229999542236328,13.453436851501465
2011-07-22,374700,20.459999084472656,20.479999542236328,20.38999938964844,20.440000534057617,13.593090057373049
2011-07-21,722500,20.459999084472656,20.57999992370605,20.350000381469727,20.440000534057617,13.593090057373049
2011-07-20,471200,20.440000534057617,20.479999542236328,20.32999992370605,20.350000381469727,13.533233642578123
2011-07-19,548300,20.309999465942383,20.440000534057617,20.170000076293945,20.39999961853028,13.566489219665527
2011-07-18,408100,20.209999084472656,20.299999237060547,19.979999542236328,20.15999984741211,13.406886100769045
2011-07-15,425800,20.229999542236328,20.309999465942383,20.1299991607666,20.280000686645508,13.486686706542969
2011-07-14,539600,20.39999961853028,20.39999961853028,20.190000534057617,20.200000762939453,13.433479309082031
2011-07-13,407900,20.75,20.82999992370605,20.350000381469727,20.36000061035156,13.53989028930664
2011-07-12,461400,20.6299991607666,20.940000534057617,20.6299991607666,20.65999984741211,13.739392280578612
2011-07-11,917300,21.040000915527344,21.1299991607666,20.64999961853028,20.709999084472656,13.772642135620115
2011-07-08,276100,21.020000457763672,21.270000457763672,20.989999771118164,21.26000022888184,14.138408660888672
2011-07-07,439900,21.200000762939453,21.290000915527344,21.1200008392334,21.229999542236328,14.118462562561035
2011-07-06,457000,20.979999542236328,21.13999938964844,20.940000534057617,21.049999237060547,13.99875545501709
2011-07-05,721100,20.739999771118164,21.100000381469727,20.739999771118164,21.040000915527344,13.992104530334473
2011-07-01,498400,20.68000030517578,20.770000457763672,20.59000015258789,20.700000762939453,13.765997886657717
2011-06-30,549200,20.520000457763672,20.670000076293945,20.39999961853028,20.6299991607666,13.719444274902344
2011-06-29,389300,20.479999542236328,20.56999969482422,20.350000381469727,20.46999931335449,13.61303997039795
2011-06-28,328000,20.40999984741211,20.420000076293945,20.14999961853028,20.420000076293945,13.579788208007812
2011-06-27,295400,20.459999084472656,20.64999961853028,20.34000015258789,20.420000076293945,13.579788208007812
2011-06-24,754100,20.520000457763672,20.68000030517578,20.38999938964844,20.46999931335449,13.61303997039795
2011-06-23,569800,20.88999938964844,20.88999938964844,20.3799991607666,20.5,13.632988929748535
2011-06-22,673700,21.299999237060547,21.46999931335449,21.07999992370605,21.09000015258789,14.02535343170166
2011-06-21,1085000,21.13999938964844,21.36000061035156,20.96999931335449,21.350000381469727,14.198261260986328
2011-06-20,643300,20.530000686645508,21.06999969482422,20.5,21.020000457763672,13.978801727294922
2011-06-17,1333900,20.459999084472656,20.6299991607666,20.229999542236328,20.549999237060547,13.666241645812988
2011-06-16,883700,20.06999969482422,20.40999984741211,20.06999969482422,20.38999938964844,13.559839248657228
2011-06-15,976900,20.209999084472656,20.34000015258789,19.920000076293945,20.030000686645508,13.320429801940918
2011-06-14,519700,20.43000030517578,20.540000915527344,20.299999237060547,20.3799991607666,13.553189277648926
2011-06-13,693000,20.3799991607666,20.549999237060547,20.18000030517578,20.26000022888184,13.473386764526367
2011-06-10,724700,20.729999542236328,20.799999237060547,20.229999542236328,20.299999237060547,13.49998664855957
2011-06-09,472400,21.190000534057617,21.190000534057617,20.780000686645508,20.84000015258789,13.859101295471191
2011-06-08,585600,20.989999771118164,21.350000381469727,20.940000534057617,21.14999961853028,14.065258026123049
2011-06-07,427600,21.040000915527344,21.1200008392334,20.96999931335449,20.979999542236328,13.952200889587402
2011-06-06,429100,21.06999969482422,21.1200008392334,20.89999961853028,20.979999542236328,13.952200889587402
2011-06-03,452400,20.920000076293945,21.190000534057617,20.809999465942383,21.07999992370605,14.01870346069336
2011-06-02,384800,21.350000381469727,21.459999084472656,21.01000022888184,21.09000015258789,14.02535343170166
2011-06-01,672900,21.959999084472656,22.07999992370605,21.280000686645508,21.290000915527344,14.158366203308104
2011-05-31,1187600,22.040000915527344,22.1299991607666,21.850000381469727,22.020000457763672,14.64383029937744
2011-05-27,353800,21.850000381469727,21.940000534057617,21.809999465942383,21.89999961853028,14.564026832580566
2011-05-26,391100,21.59000015258789,21.850000381469727,21.46999931335449,21.81999969482422,14.510820388793944
2011-05-25,389400,21.40999984741211,21.670000076293945,21.239999771118164,21.61000061035156,14.371169090270996
2011-05-24,437200,21.14999961853028,21.5,21.14999961853028,21.40999984741211,14.238163948059082
2011-05-23,451100,21.170000076293945,21.309999465942383,21.049999237060547,21.14999961853028,14.065258026123049
2011-05-20,637300,21.18000030517578,21.420000076293945,21.18000030517578,21.38999938964844,14.224859237670898
2011-05-19,440800,21.46999931335449,21.479999542236328,21.190000534057617,21.270000457763672,14.145059585571287
2011-05-18,1202200,21.39999961853028,21.5,21.100000381469727,21.350000381469727,14.198261260986328
2011-05-17,788100,21.479999542236328,21.479999542236328,21.270000457763672,21.350000381469727,14.198261260986328
2011-05-16,1113700,21.61000061035156,21.780000686645508,21.59000015258789,21.729999542236328,14.251463890075684
2011-05-13,875500,22.1200008392334,22.209999084472656,21.739999771118164,21.809999465942383,14.303930282592772
2011-05-12,988000,22.07999992370605,22.200000762939453,21.989999771118164,22.200000762939453,14.559709548950195
2011-05-11,835900,22.18000030517578,22.290000915527344,22.07999992370605,22.190000534057617,14.553153038024902
2011-05-10,752700,22.809999465942383,23.0,22.09000015258789,22.170000076293945,14.54003620147705
2011-05-09,554900,22.38999938964844,22.540000915527344,22.170000076293945,22.43000030517578,14.710551261901855
2011-05-06,546800,22.809999465942383,22.809999465942383,22.46999931335449,22.5,14.756464004516602
2011-05-05,510200,22.790000915527344,22.88999938964844,22.540000915527344,22.63999938964844,14.848280906677246
2011-05-04,467900,22.690000534057617,23.059999465942383,22.6299991607666,22.88999938964844,15.012240409851074
2011-05-03,381200,22.81999969482422,22.940000534057617,22.51000022888184,22.68000030517578,14.874518394470217
2011-05-02,504200,22.96999931335449,23.13999938964844,22.68000030517578,22.809999465942383,14.959769248962402
2011-04-29,541000,23.14999961853028,23.14999961853028,22.670000076293945,22.84000015258789,14.979448318481444
2011-04-28,657000,23.100000381469727,23.200000762939453,23.040000915527344,23.14999961853028,15.18276023864746
2011-04-27,502600,23.100000381469727,23.200000762939453,23.01000022888184,23.100000381469727,15.149962425231934
2011-04-26,655500,23.049999237060547,23.209999084472656,22.959999084472656,23.100000381469727,15.149962425231934
2011-04-25,556200,23.0,23.100000381469727,22.90999984741211,23.0,15.08438491821289
2011-04-21,668400,23.440000534057617,23.440000534057617,22.96999931335449,23.100000381469727,15.149962425231934
2011-04-20,567800,23.530000686645508,23.530000686645508,23.15999984741211,23.36000061035156,15.320486068725586
2011-04-19,380800,23.1299991607666,23.350000381469727,23.1299991607666,23.270000457763672,15.26146411895752
2011-04-18,571000,22.8700008392334,23.15999984741211,22.82999992370605,23.049999237060547,15.117172241210938
2011-04-15,845800,22.780000686645508,23.15999984741211,22.729999542236328,23.1200008392334,15.16308307647705
2011-04-14,623500,22.39999961853028,22.81999969482422,22.38999938964844,22.81999969482422,14.96632957458496
2011-04-13,565500,22.670000076293945,22.71999931335449,22.40999984741211,22.46999931335449,14.736788749694824
2011-04-12,435500,22.479999542236328,22.71999931335449,22.479999542236328,22.56999969482422,14.8023681640625
2011-04-11,257100,22.65999984741211,22.8799991607666,22.43000030517578,22.520000457763672,14.769583702087402
2011-04-08,320600,22.959999084472656,22.96999931335449,22.63999938964844,22.68000030517578,14.874518394470217
2011-04-07,682700,22.89999961853028,23.0,22.799999237060547,22.86000061035156,14.992565155029297
2011-04-06,434400,22.8799991607666,22.959999084472656,22.770000457763672,22.89999961853028,15.018802642822266
2011-04-05,437800,22.700000762939453,22.809999465942383,22.700000762939453,22.809999465942383,14.959769248962402
2011-04-04,529200,22.709999084472656,22.799999237060547,22.63999938964844,22.75,14.920425415039062
2011-04-01,750800,22.86000061035156,22.86000061035156,22.64999961853028,22.75,14.920425415039062
2011-03-31,544800,22.549999237060547,22.75,22.520000457763672,22.700000762939453,14.887632369995115
2011-03-30,855000,22.56999969482422,22.799999237060547,22.40999984741211,22.540000915527344,14.782695770263672
2011-03-29,715100,22.36000061035156,22.46999931335449,22.200000762939453,22.459999084472656,14.730224609375
2011-03-28,680000,22.209999084472656,22.479999542236328,22.200000762939453,22.420000076293945,14.703994750976562
2011-03-25,809500,22.07999992370605,22.239999771118164,22.059999465942383,22.13999938964844,14.520360946655272
2011-03-24,582100,22.100000381469727,22.1299991607666,21.920000076293945,22.049999237060547,14.461332321166992
2011-03-23,799100,22.01000022888184,22.100000381469727,21.770000457763672,22.01000022888184,14.435099601745604
2011-03-22,632600,22.200000762939453,22.299999237060547,21.979999542236328,22.049999237060547,14.461332321166992
2011-03-21,898000,22.489999771118164,22.489999771118164,22.170000076293945,22.209999084472656,14.566266059875488
2011-03-18,1383200,22.36000061035156,22.459999084472656,22.13999938964844,22.229999542236328,14.579380989074709
2011-03-17,702600,22.75,22.75,22.1200008392334,22.270000457763672,14.605615615844728
2011-03-16,949100,22.809999465942383,22.809999465942383,22.3799991607666,22.459999084472656,14.730224609375
2011-03-15,910700,22.5,23.040000915527344,22.350000381469727,22.809999465942383,14.959769248962402
2011-03-14,442200,23.049999237060547,23.190000534057617,22.920000076293945,23.040000915527344,15.11061668395996
2011-03-11,482800,23.11000061035156,23.489999771118164,23.11000061035156,23.21999931335449,15.228668212890623
2011-03-10,429400,23.299999237060547,23.479999542236328,23.200000762939453,23.26000022888184,15.254901885986328
2011-03-09,720100,23.3700008392334,23.729999542236328,23.32999992370605,23.6299991607666,15.497562408447266
2011-03-08,839400,22.89999961853028,23.540000915527344,22.84000015258789,23.489999771118164,15.40574073791504
2011-03-07,634300,22.950000762939453,23.09000015258789,22.82999992370605,22.920000076293945,15.031916618347168
2011-03-04,939200,22.790000915527344,23.049999237060547,22.76000022888184,22.959999084472656,15.058151245117188
2011-03-03,881100,22.559999465942383,22.790000915527344,22.43000030517578,22.739999771118164,14.913865089416504
2011-03-02,898600,22.450000762939453,22.479999542236328,22.1299991607666,22.290000915527344,14.618735313415527
2011-03-01,1032000,23.3700008392334,23.57999992370605,22.540000915527344,22.57999992370605,14.808931350708008
2011-02-28,2071200,22.5,23.71999931335449,22.459999084472656,23.299999237060547,15.281140327453612
2011-02-25,455400,21.790000915527344,22.209999084472656,21.790000915527344,22.209999084472656,14.566266059875488
2011-02-24,422400,21.959999084472656,21.959999084472656,21.489999771118164,21.61000061035156,14.17276382446289
2011-02-23,569400,21.479999542236328,22.36000061035156,20.81999969482422,21.96999931335449,14.408865928649902
2011-02-22,452400,22.11000061035156,22.299999237060547,22.0,22.100000381469727,14.494129180908203
2011-02-18,490600,21.989999771118164,22.39999961853028,21.739999771118164,22.31999969482422,14.63841438293457
2011-02-17,348900,21.920000076293945,22.06999969482422,21.84000015258789,21.920000076293945,14.376075744628906
2011-02-16,351600,21.770000457763672,22.06999969482422,21.76000022888184,21.989999771118164,14.42198085784912
2011-02-15,403000,21.739999771118164,21.799999237060547,21.56999969482422,21.64999961853028,14.198992729187012
2011-02-14,273800,22.06999969482422,22.190000534057617,21.89999961853028,22.030000686645508,14.251460075378418
2011-02-11,324900,21.920000076293945,22.07999992370605,21.739999771118164,22.049999237060547,14.26440143585205
2011-02-10,433000,21.86000061035156,22.11000061035156,21.84000015258789,21.959999084472656,14.206178665161133
2011-02-09,451700,21.709999084472656,22.01000022888184,21.64999961853028,21.989999771118164,14.2255859375
2011-02-08,362300,21.549999237060547,21.81999969482422,21.479999542236328,21.81999969482422,14.115612983703612
2011-02-07,424900,21.170000076293945,21.57999992370605,21.170000076293945,21.56999969482422,13.953886985778809
2011-02-04,555500,21.31999969482422,21.31999969482422,21.01000022888184,21.170000076293945,13.695117950439451
2011-02-03,299700,21.14999961853028,21.309999465942383,21.11000061035156,21.290000915527344,13.772751808166504
2011-02-02,313200,20.959999084472656,21.299999237060547,20.920000076293945,21.14999961853028,13.682181358337402
2011-02-01,570700,21.06999969482422,21.100000381469727,20.770000457763672,21.0,13.585144996643066
2011-01-31,721300,20.90999984741211,21.0,20.86000061035156,21.0,13.585144996643066
2011-01-28,770800,21.200000762939453,21.200000762939453,20.25,20.82999992370605,13.47517204284668
2011-01-27,602900,21.09000015258789,21.299999237060547,20.96999931335449,21.209999084472656,13.720995903015137
2011-01-26,643400,20.84000015258789,21.1299991607666,20.790000915527344,21.0,13.585144996643066
2011-01-25,431800,20.299999237060547,20.82999992370605,20.25,20.82999992370605,13.47517204284668
2011-01-24,431400,20.3799991607666,20.51000022888184,20.25,20.43000030517578,13.216403007507324
2011-01-21,569400,20.489999771118164,20.600000381469727,20.239999771118164,20.309999465942383,13.13877773284912
2011-01-20,369700,20.5,20.75,20.5,20.5,13.261686325073242
2011-01-19,483600,20.799999237060547,20.86000061035156,20.450000762939453,20.56999969482422,13.306970596313477
2011-01-18,375500,20.670000076293945,20.8799991607666,20.520000457763672,20.8799991607666,13.507515907287598
2011-01-14,406600,20.770000457763672,20.799999237060547,20.600000381469727,20.780000686645508,13.442824363708496
2011-01-13,372900,20.68000030517578,20.75,20.520000457763672,20.68000030517578,13.378132820129396
2011-01-12,327600,20.8799991607666,20.8799991607666,20.520000457763672,20.670000076293945,13.371665954589844
2011-01-11,427000,20.850000381469727,20.86000061035156,20.530000686645508,20.700000762939453,13.391074180603027
2011-01-10,721000,20.940000534057617,20.96999931335449,20.68000030517578,20.799999237060547,13.45576000213623
2011-01-07,261300,21.14999961853028,21.270000457763672,20.809999465942383,21.030000686645508,13.60455322265625
2011-01-06,293700,21.309999465942383,21.350000381469727,21.11000061035156,21.15999984741211,13.68864917755127
2011-01-05,377200,21.290000915527344,21.40999984741211,21.100000381469727,21.34000015258789,13.805093765258787
2011-01-04,756700,21.790000915527344,21.790000915527344,21.239999771118164,21.3799991607666,13.830968856811523
2011-01-03,608700,21.309999465942383,21.729999542236328,21.270000457763672,21.709999084472656,14.044450759887695
2010-12-31,285800,21.46999931335449,21.57999992370605,21.170000076293945,21.170000076293945,13.695117950439451
2010-12-30,233700,21.32999992370605,21.61000061035156,21.26000022888184,21.530000686645508,13.928007125854492
2010-12-29,206100,21.540000915527344,21.61000061035156,21.31999969482422,21.36000061035156,13.818025588989258
2010-12-28,257400,21.46999931335449,21.57999992370605,21.25,21.530000686645508,13.928007125854492
2010-12-27,339800,21.059999465942383,21.40999984741211,21.030000686645508,21.40999984741211,13.850375175476074
2010-12-23,278700,21.100000381469727,21.15999984741211,21.01000022888184,21.09000015258789,13.643362998962402
2010-12-22,571000,20.940000534057617,21.190000534057617,20.8700008392334,21.1200008392334,13.662776947021484
2010-12-21,972300,20.63999938964844,20.8799991607666,20.57999992370605,20.8799991607666,13.507515907287598
2010-12-20,657900,20.3799991607666,20.6200008392334,20.3799991607666,20.540000915527344,13.28756332397461
2010-12-17,1215800,20.280000686645508,20.39999961853028,20.200000762939453,20.3799991607666,13.184056282043455
2010-12-16,322600,20.11000061035156,20.31999969482422,20.059999465942383,20.239999771118164,13.09348964691162
2010-12-15,477500,20.3799991607666,20.46999931335449,20.06999969482422,20.09000015258789,12.996456146240234
2010-12-14,594800,20.68000030517578,20.780000686645508,20.309999465942383,20.3799991607666,13.184056282043455
2010-12-13,327000,20.6200008392334,20.709999084472656,20.530000686645508,20.64999961853028,13.358724594116213
2010-12-10,311600,20.3799991607666,20.63999938964844,20.32999992370605,20.57999992370605,13.313440322875977
2010-12-09,330400,20.729999542236328,20.799999237060547,20.32999992370605,20.350000381469727,13.164648056030272
2010-12-08,791000,20.799999237060547,20.89999961853028,20.540000915527344,20.61000061035156,13.332852363586426
2010-12-07,627700,20.979999542236328,21.290000915527344,20.709999084472656,20.790000915527344,13.44929313659668
2010-12-06,264800,20.68000030517578,20.71999931335449,20.40999984741211,20.540000915527344,13.28756332397461
2010-12-03,292600,20.540000915527344,20.81999969482422,20.450000762939453,20.76000022888184,13.429884910583496
2010-12-02,556300,20.43000030517578,20.65999984741211,20.350000381469727,20.63999938964844,13.352255821228027
2010-12-01,557000,20.89999961853028,20.959999084472656,20.31999969482422,20.440000534057617,13.222872734069824
2010-11-30,377400,20.6299991607666,20.780000686645508,20.530000686645508,20.63999938964844,13.352255821228027
2010-11-29,319000,20.6299991607666,20.8799991607666,20.450000762939453,20.8700008392334,13.501046180725098
2010-11-26,87000,20.690000534057617,20.81999969482422,20.64999961853028,20.739999771118164,13.416948318481444
2010-11-24,545500,20.559999465942383,20.93000030517578,20.549999237060547,20.8700008392334,13.501046180725098
2010-11-23,384300,20.450000762939453,20.540000915527344,20.280000686645508,20.3700008392334,13.177594184875488
2010-11-22,405200,20.600000381469727,20.790000915527344,20.530000686645508,20.68000030517578,13.378132820129396
2010-11-19,454900,20.600000381469727,20.71999931335449,20.39999961853028,20.709999084472656,13.397538185119627
2010-11-18,344200,20.950000762939453,20.989999771118164,20.57999992370605,20.670000076293945,13.371665954589844
2010-11-17,493700,20.690000534057617,20.90999984741211,20.63999938964844,20.75,13.42341423034668
2010-11-16,741000,21.209999084472656,21.229999542236328,20.43000030517578,20.600000381469727,13.326382637023926
2010-11-15,880800,22.030000686645508,22.270000457763672,21.479999542236328,21.51000022888184,13.720995903015137
2010-11-12,821400,22.36000061035156,22.670000076293945,21.81999969482422,22.01000022888184,14.039939880371094
2010-11-11,494700,22.6200008392334,23.0,22.450000762939453,22.520000457763672,14.365264892578123
2010-11-10,608100,23.38999938964844,23.530000686645508,22.780000686645508,22.940000534057617,14.633179664611816
2010-11-09,763200,24.489999771118164,24.51000022888184,23.200000762939453,23.440000534057617,14.952120780944824
2010-11-08,512600,24.81999969482422,24.88999938964844,24.309999465942383,24.43000030517578,15.58362865447998
2010-11-05,261400,24.76000022888184,25.0,24.64999961853028,24.940000534057617,15.908954620361328
2010-11-04,357600,24.290000915527344,24.75,24.21999931335449,24.75,15.78775691986084
2010-11-03,179700,24.209999084472656,24.239999771118164,23.809999465942383,24.040000915527344,15.334856033325195
2010-11-02,273800,24.07999992370605,24.270000457763672,23.959999084472656,24.170000076293945,15.417780876159668
2010-11-01,300600,24.239999771118164,24.309999465942383,23.709999084472656,23.88999938964844,15.239169120788574
2010-10-29,440200,23.68000030517578,24.25,23.63999938964844,24.13999938964844,15.398642539978027
2010-10-28,243600,23.8799991607666,24.030000686645508,23.63999938964844,23.75,15.14986801147461
2010-10-27,368300,23.729999542236328,23.86000061035156,23.46999931335449,23.770000457763672,15.16262149810791
2010-10-26,215100,23.790000915527344,23.950000762939453,23.559999465942383,23.8700008392334,15.226415634155272
2010-10-25,195500,24.049999237060547,24.190000534057617,23.90999984741211,23.959999084472656,15.28382396697998
2010-10-22,172500,24.059999465942383,24.25,23.82999992370605,23.920000076293945,15.258307456970217
2010-10-21,357400,24.36000061035156,24.43000030517578,23.90999984741211,24.059999465942383,15.347609519958496
2010-10-20,417100,24.020000457763672,24.39999961853028,23.950000762939453,24.270000457763672,15.481565475463867
2010-10-19,380600,23.81999969482422,24.190000534057617,23.770000457763672,23.88999938964844,15.239169120788574
2010-10-18,307300,23.84000015258789,24.100000381469727,23.84000015258789,24.100000381469727,15.373126983642578
2010-10-15,335700,23.940000534057617,24.1200008392334,23.790000915527344,23.82999992370605,15.200897216796877
2010-10-14,360600,23.690000534057617,23.8700008392334,23.59000015258789,23.86000061035156,15.220036506652832
2010-10-13,516800,23.6299991607666,23.850000381469727,23.479999542236328,23.729999542236328,15.137104988098145
2010-10-12,496900,23.84000015258789,23.8700008392334,23.440000534057617,23.559999465942383,15.028666496276855
2010-10-11,316100,23.86000061035156,23.96999931335449,23.809999465942383,23.850000381469727,15.213651657104492
2010-10-08,219200,23.89999961853028,23.950000762939453,23.690000534057617,23.8799991607666,15.232794761657717
2010-10-07,353500,23.88999938964844,24.100000381469727,23.690000534057617,23.82999992370605,15.200897216796877
2010-10-06,428400,23.709999084472656,23.86000061035156,23.6200008392334,23.729999542236328,15.137104988098145
2010-10-05,421100,23.64999961853028,23.84000015258789,23.36000061035156,23.809999465942383,15.188140869140623
2010-10-04,484200,23.280000686645508,23.51000022888184,23.190000534057617,23.440000534057617,14.952120780944824
2010-10-01,422200,23.549999237060547,23.57999992370605,23.100000381469727,23.459999084472656,14.96487808227539
2010-09-30,568000,23.3799991607666,23.6200008392334,23.030000686645508,23.38999938964844,14.920223236083984
2010-09-29,497800,23.06999969482422,23.270000457763672,23.020000457763672,23.26000022888184,14.83730125427246
2010-09-28,558900,22.959999084472656,23.209999084472656,22.56999969482422,23.190000534057617,14.792649269104004
2010-09-27,415300,23.309999465942383,23.309999465942383,22.86000061035156,22.959999084472656,14.645934104919434
2010-09-24,390200,22.82999992370605,23.34000015258789,22.82999992370605,23.32999992370605,14.881954193115234
2010-09-23,388400,22.780000686645508,23.01000022888184,22.51000022888184,22.559999465942383,14.390774726867676
2010-09-22,569900,23.25,23.38999938964844,22.850000381469727,22.959999084472656,14.645934104919434
2010-09-21,607900,23.6200008392334,23.6200008392334,23.21999931335449,23.290000915527344,14.856439590454102
2010-09-20,776900,23.229999542236328,23.809999465942383,23.170000076293945,23.670000076293945,15.09883975982666
2010-09-17,744100,23.43000030517578,23.43000030517578,23.06999969482422,23.190000534057617,14.792649269104004
2010-09-16,538600,23.549999237060547,23.6299991607666,23.209999084472656,23.309999465942383,14.869195938110352
2010-09-15,516000,23.46999931335449,23.799999237060547,23.200000762939453,23.6200008392334,15.066944122314451
2010-09-14,477100,23.75,23.780000686645508,23.540000915527344,23.559999465942383,15.028666496276855
2010-09-13,485700,23.790000915527344,24.01000022888184,23.700000762939453,23.799999237060547,15.181756019592283
2010-09-10,526600,23.68000030517578,23.850000381469727,23.56999969482422,23.59000015258789,15.047807693481444
2010-09-09,521200,24.280000686645508,24.290000915527344,23.57999992370605,23.65999984741211,15.092453956604004
2010-09-08,387100,23.940000534057617,24.1299991607666,23.88999938964844,23.96999931335449,15.290202140808104
2010-09-07,351400,24.1299991607666,24.25,23.8700008392334,23.89999961853028,15.245549201965332
2010-09-03,682400,24.25,24.5,24.09000015258789,24.32999992370605,15.519843101501465
2010-09-02,603500,23.959999084472656,24.020000457763672,23.739999771118164,24.020000457763672,15.32209014892578
2010-09-01,611100,23.739999771118164,23.940000534057617,23.46999931335449,23.920000076293945,15.258307456970217
2010-08-31,476600,23.25,23.61000061035156,23.1299991607666,23.40999984741211,14.932985305786133
2010-08-30,370600,23.56999969482422,23.780000686645508,23.32999992370605,23.34000015258789,14.888331413269045
2010-08-27,628900,23.450000762939453,23.68000030517578,23.0,23.68000030517578,15.105210304260254
2010-08-26,697100,23.170000076293945,23.38999938964844,23.06999969482422,23.290000915527344,14.856439590454102
2010-08-25,548100,22.36000061035156,23.200000762939453,22.190000534057617,23.1299991607666,14.754371643066406
2010-08-24,372400,22.1299991607666,22.65999984741211,21.96999931335449,22.489999771118164,14.346126556396484
2010-08-23,331000,22.690000534057617,22.770000457763672,22.420000076293945,22.440000534057617,14.314234733581545
2010-08-20,408700,22.34000015258789,22.63999938964844,22.270000457763672,22.600000381469727,14.416293144226074
2010-08-19,434800,23.11000061035156,23.13999938964844,22.450000762939453,22.51000022888184,14.358880043029783
2010-08-18,456900,23.299999237060547,23.39999961853028,23.14999961853028,23.26000022888184,14.83730125427246
2010-08-17,609800,23.420000076293945,23.420000076293945,23.1200008392334,23.270000457763672,14.843673706054688
2010-08-16,405900,23.309999465942383,23.700000762939453,23.1299991607666,23.450000762939453,14.767131805419922
2010-08-13,369000,23.600000381469727,23.670000076293945,23.36000061035156,23.46999931335449,14.779725074768066
2010-08-12,376600,23.32999992370605,23.86000061035156,23.239999771118164,23.63999938964844,14.8867826461792
2010-08-11,642900,23.6200008392334,23.8700008392334,23.280000686645508,23.709999084472656,14.930862426757812
2010-08-10,511900,23.84000015258789,24.299999237060547,23.600000381469727,24.07999992370605,15.163857460021973
2010-08-09,333800,24.030000686645508,24.25,23.84000015258789,24.07999992370605,15.163857460021973
2010-08-06,335200,23.68000030517578,23.959999084472656,23.420000076293945,23.81999969482422,15.000136375427246
2010-08-05,473500,24.34000015258789,24.63999938964844,24.0,24.0,15.11348819732666
2010-08-04,479700,24.13999938964844,24.690000534057617,24.09000015258789,24.530000686645508,15.447242736816406
2010-08-03,368900,23.979999542236328,24.420000076293945,23.770000457763672,24.059999465942383,15.15126895904541
2010-08-02,430700,23.90999984741211,24.200000762939453,23.799999237060547,24.170000076293945,15.220537185668944
2010-07-30,357600,23.059999465942383,23.6200008392334,23.059999465942383,23.46999931335449,14.779725074768066
2010-07-29,462600,23.81999969482422,23.940000534057617,23.170000076293945,23.420000076293945,14.74824333190918
2010-07-28,438100,23.799999237060547,23.989999771118164,23.39999961853028,23.6299991607666,14.880485534667969
2010-07-27,432900,23.75,23.950000762939453,23.61000061035156,23.82999992370605,15.006433486938477
2010-07-26,571400,23.299999237060547,23.56999969482422,23.030000686645508,23.549999237060547,14.83010482788086
2010-07-23,511600,22.89999961853028,23.200000762939453,22.59000015258789,23.15999984741211,14.584514617919922
2010-07-22,629000,22.51000022888184,23.11000061035156,22.299999237060547,23.020000457763672,14.496352195739746
2010-07-21,467400,22.90999984741211,22.90999984741211,22.059999465942383,22.18000030517578,13.967378616333008
2010-07-20,405000,22.040000915527344,22.799999237060547,21.920000076293945,22.770000457763672,14.338919639587402
2010-07-19,401900,22.18000030517578,22.440000534057617,21.82999992370605,22.39999961853028,14.105915069580078
2010-07-16,635200,22.57999992370605,22.59000015258789,22.030000686645508,22.14999961853028,13.948488235473633
2010-07-15,351600,22.93000030517578,22.93000030517578,22.38999938964844,22.770000457763672,14.338919639587402
2010-07-14,334300,22.950000762939453,23.14999961853028,22.75,22.940000534057617,14.44597339630127
2010-07-13,797700,23.0,23.15999984741211,22.549999237060547,23.1200008392334,14.559321403503418
2010-07-12,273900,22.799999237060547,22.86000061035156,22.3799991607666,22.690000534057617,14.288538932800291
2010-07-09,267500,22.540000915527344,22.850000381469727,22.420000076293945,22.850000381469727,14.389294624328612
2010-07-08,406000,22.8700008392334,23.049999237060547,22.18000030517578,22.59000015258789,14.225565910339355
2010-07-07,677100,21.86000061035156,22.670000076293945,21.780000686645508,22.61000061035156,14.238163948059082
2010-07-06,760200,22.420000076293945,22.71999931335449,21.520000457763672,21.780000686645508,13.71548843383789
2010-07-02,659000,22.18000030517578,22.520000457763672,21.940000534057617,22.209999084472656,13.986270904541016
2010-07-01,447800,22.0,22.209999084472656,21.36000061035156,22.06999969482422,13.898106575012209
2010-06-30,621500,22.290000915527344,22.61000061035156,21.84000015258789,21.96999931335449,13.835138320922852
2010-06-29,565100,22.459999084472656,22.739999771118164,22.06999969482422,22.229999542236328,13.998861312866213
2010-06-28,486400,22.88999938964844,23.09000015258789,22.64999961853028,22.8700008392334,14.401896476745604
2010-06-25,720100,22.440000534057617,22.979999542236328,22.190000534057617,22.790000915527344,14.351513862609863
2010-06-24,538700,22.100000381469727,22.59000015258789,22.020000457763672,22.270000457763672,14.024054527282717
2010-06-23,517400,21.8799991607666,22.540000915527344,21.64999961853028,22.21999931335449,13.992568016052246
2010-06-22,431000,22.46999931335449,22.6200008392334,21.84000015258789,21.88999938964844,13.78475856781006
2010-06-21,307000,22.940000534057617,22.940000534057617,22.290000915527344,22.39999961853028,14.105915069580078
2010-06-18,574400,22.799999237060547,22.89999961853028,22.489999771118164,22.63999938964844,14.257055282592772
2010-06-17,290000,22.96999931335449,23.049999237060547,22.600000381469727,22.88999938964844,14.414484977722168
2010-06-16,556300,22.739999771118164,23.13999938964844,22.700000762939453,22.82999992370605,14.376703262329102
2010-06-15,465100,22.489999771118164,23.09000015258789,22.489999771118164,23.030000686645508,14.502647399902344
2010-06-14,546600,22.459999084472656,22.6299991607666,22.239999771118164,22.489999771118164,14.16259479522705
2010-06-11,341900,21.489999771118164,22.21999931335449,21.43000030517578,22.209999084472656,13.986270904541016
2010-06-10,535100,21.57999992370605,21.850000381469727,21.26000022888184,21.81999969482422,13.740675926208496
2010-06-09,462100,21.729999542236328,21.8700008392334,21.030000686645508,21.1299991607666,13.306164741516112
2010-06-08,643500,21.059999465942383,21.51000022888184,20.46999931335449,21.489999771118164,13.532859802246094
2010-06-07,444500,21.049999237060547,21.540000915527344,20.8799991607666,20.90999984741211,13.167619705200195
2010-06-04,750700,21.799999237060547,22.06999969482422,20.950000762939453,21.0,13.224302291870115
2010-06-03,465900,22.65999984741211,22.739999771118164,22.229999542236328,22.43000030517578,14.124811172485352
2010-06-02,664900,22.26000022888184,22.56999969482422,21.89999961853028,22.559999465942383,14.206672668457031
2010-06-01,605000,22.729999542236328,22.799999237060547,22.170000076293945,22.190000534057617,13.973675727844238
2010-05-28,817500,23.059999465942383,23.299999237060547,22.690000534057617,22.93000030517578,14.439675331115724
2010-05-27,657500,22.36000061035156,23.15999984741211,22.01000022888184,23.1200008392334,14.559321403503418
2010-05-26,524000,22.09000015258789,22.39999961853028,21.59000015258789,21.790000915527344,13.721782684326172
2010-05-25,484400,20.8700008392334,21.90999984741211,20.690000534057617,21.84000015258789,13.753273963928224
2010-05-24,428000,21.959999084472656,22.14999961853028,21.440000534057617,21.459999084472656,13.513975143432615
2010-05-21,1022300,21.0,22.020000457763672,20.8799991607666,21.989999771118164,13.847728729248049
2010-05-20,996700,22.020000457763672,22.34000015258789,21.299999237060547,21.309999465942383,13.419516563415527
2010-05-19,586600,22.6299991607666,23.1200008392334,22.31999969482422,22.549999237060547,14.200380325317385
2010-05-18,985900,23.90999984741211,24.21999931335449,22.65999984741211,22.770000457763672,14.338919639587402
2010-05-17,688600,24.440000534057617,24.8799991607666,23.670000076293945,24.34000015258789,15.138676643371582
2010-05-14,583500,24.8799991607666,24.90999984741211,24.1299991607666,24.40999984741211,15.182209968566896
2010-05-13,741600,25.049999237060547,25.239999771118164,24.8799991607666,25.11000061035156,15.617588996887209
2010-05-12,708000,24.39999961853028,25.18000030517578,24.36000061035156,25.170000076293945,15.654905319213867
2010-05-11,651900,23.81999969482422,24.59000015258789,23.63999938964844,24.32999992370605,15.132451057434082
2010-05-10,634700,23.559999465942383,24.270000457763672,23.440000534057617,24.26000022888184,15.088912010192873
2010-05-07,943300,22.8799991607666,23.31999969482422,22.0,22.43000030517578,13.950713157653809
2010-05-06,1043600,23.540000915527344,23.739999771118164,21.1200008392334,22.90999984741211,14.249258995056152
2010-05-05,502400,23.989999771118164,24.100000381469727,23.6200008392334,23.690000534057617,14.734397888183594
2010-05-04,823100,24.479999542236328,24.6200008392334,23.90999984741211,24.1299991607666,15.008060455322266
2010-05-03,638900,24.209999084472656,25.0,24.200000762939453,24.920000076293945,15.499415397644045
2010-04-30,615400,24.82999992370605,24.93000030517578,24.13999938964844,24.13999938964844,15.01427936553955
2010-04-29,662200,24.56999969482422,24.89999961853028,24.51000022888184,24.88999938964844,15.480758666992188
2010-04-28,1312200,24.15999984741211,24.440000534057617,24.040000915527344,24.309999465942383,15.120010375976562
2010-04-27,1417600,23.850000381469727,24.190000534057617,23.82999992370605,24.020000457763672,14.939640998840332
2010-04-26,1036400,23.57999992370605,24.030000686645508,23.57999992370605,24.01000022888184,14.933422088623049
2010-04-23,464100,23.530000686645508,23.780000686645508,23.43000030517578,23.739999771118164,14.765491485595703
2010-04-22,407400,23.200000762939453,23.68000030517578,23.06999969482422,23.63999938964844,14.70329475402832
2010-04-21,438000,23.18000030517578,23.540000915527344,23.15999984741211,23.440000534057617,14.578903198242188
2010-04-20,425200,23.01000022888184,23.280000686645508,22.799999237060547,23.21999931335449,14.44206428527832
2010-04-19,686800,22.690000534057617,23.14999961853028,22.549999237060547,23.14999961853028,14.398533821105955
2010-04-16,728400,23.34000015258789,23.39999961853028,22.690000534057617,22.75,14.149747848510742
2010-04-15,405100,24.0,24.0,23.350000381469727,23.350000381469727,14.522930145263672
2010-04-14,475100,24.3799991607666,24.450000762939453,23.920000076293945,24.040000915527344,14.952083587646484
2010-04-13,564800,23.809999465942383,24.26000022888184,23.59000015258789,24.200000762939453,15.051593780517578
2010-04-12,627600,24.01000022888184,24.15999984741211,23.90999984741211,23.959999084472656,14.902318000793455
2010-04-09,492000,23.86000061035156,24.11000061035156,23.5,24.09000015258789,14.983184814453123
2010-04-08,372700,23.729999542236328,23.850000381469727,23.59000015258789,23.670000076293945,14.721956253051758
2010-04-07,358200,24.030000686645508,24.059999465942383,23.68000030517578,23.770000457763672,14.78415298461914
2010-04-06,613100,23.700000762939453,24.09000015258789,23.6200008392334,24.030000686645508,14.9458646774292
2010-04-05,517700,23.5,23.84000015258789,23.350000381469727,23.84000015258789,14.827689170837402
2010-04-01,440600,23.51000022888184,23.540000915527344,23.14999961853028,23.31999969482422,14.504266738891602
2010-03-31,454200,23.59000015258789,23.729999542236328,23.290000915527344,23.290000915527344,14.485607147216797
2010-03-30,309700,23.709999084472656,23.88999938964844,23.56999969482422,23.63999938964844,14.70329475402832
2010-03-29,380400,23.959999084472656,23.959999084472656,23.64999961853028,23.799999237060547,14.802804946899414
2010-03-26,594700,24.1200008392334,24.450000762939453,23.88999938964844,23.940000534057617,14.889885902404783
2010-03-25,679200,24.26000022888184,24.56999969482422,24.049999237060547,24.07999992370605,14.97695541381836
2010-03-24,612700,23.90999984741211,24.39999961853028,23.90999984741211,24.1299991607666,15.008060455322266
2010-03-23,936900,24.049999237060547,24.290000915527344,23.82999992370605,24.020000457763672,14.939640998840332
2010-03-22,666900,23.64999961853028,24.3799991607666,23.559999465942383,24.3799991607666,15.163551330566406
2010-03-19,1009100,23.93000030517578,24.06999969482422,23.51000022888184,23.93000030517578,14.883667945861816
2010-03-18,660700,23.93000030517578,23.979999542236328,23.690000534057617,23.88999938964844,14.85878849029541
2010-03-17,804300,23.850000381469727,23.979999542236328,23.6200008392334,23.920000076293945,14.877443313598633
2010-03-16,546500,22.89999961853028,23.780000686645508,22.84000015258789,23.71999931335449,14.753053665161133
2010-03-15,743400,22.51000022888184,22.989999771118164,22.51000022888184,22.89999961853028,14.24304485321045
2010-03-12,462800,22.81999969482422,23.1299991607666,22.63999938964844,23.049999237060547,14.336334228515623
2010-03-11,518500,22.440000534057617,22.739999771118164,22.350000381469727,22.729999542236328,14.137307167053224
2010-03-10,587100,22.25,22.59000015258789,22.049999237060547,22.57999992370605,14.044010162353516
2010-03-09,654000,22.01000022888184,22.64999961853028,21.90999984741211,22.239999771118164,13.832541465759276
2010-03-08,360500,21.6299991607666,22.1200008392334,21.600000381469727,22.059999465942383,13.72059154510498
2010-03-05,608800,21.299999237060547,21.709999084472656,21.14999961853028,21.690000534057617,13.490460395812988
2010-03-04,429600,21.06999969482422,21.21999931335449,20.88999938964844,21.21999931335449,13.198135375976562
2010-03-03,399500,21.07999992370605,21.15999984741211,20.90999984741211,20.950000762939453,13.030205726623535
2010-03-02,495300,21.06999969482422,21.1200008392334,20.82999992370605,21.09000015258789,13.117279052734377
2010-03-01,466400,21.049999237060547,21.1299991607666,20.88999938964844,21.040000915527344,13.086183547973633
2010-02-26,626600,20.6299991607666,21.1200008392334,20.520000457763672,20.88999938964844,12.992886543273926
2010-02-25,551300,20.5,20.700000762939453,20.32999992370605,20.670000076293945,12.85605812072754
2010-02-24,419600,20.479999542236328,20.84000015258789,20.450000762939453,20.68000030517578,12.86227321624756
2010-02-23,593600,20.90999984741211,20.940000534057617,20.40999984741211,20.420000076293945,12.700565338134766
2010-02-22,506500,20.86000061035156,21.0,20.63999938964844,20.90999984741211,13.005327224731444
2010-02-19,519700,20.790000915527344,21.0,20.700000762939453,20.84000015258789,12.961790084838867
2010-02-18,446900,20.520000457763672,20.81999969482422,20.34000015258789,20.799999237060547,12.936908721923828
2010-02-17,467700,20.39999961853028,20.549999237060547,20.36000061035156,20.540000915527344,12.77519702911377
2010-02-16,529800,20.1200008392334,20.38999938964844,20.049999237060547,20.3700008392334,12.669469833374023
2010-02-12,717300,19.8700008392334,20.280000686645508,19.799999237060547,20.26000022888184,12.414457321166992
2010-02-11,722900,19.93000030517578,20.15999984741211,19.700000762939453,20.09000015258789,12.31029224395752
2010-02-10,538700,19.920000076293945,20.290000915527344,19.61000061035156,20.0,12.255141258239746
2010-02-09,548700,20.3700008392334,20.43000030517578,19.950000762939453,20.01000022888184,12.261270523071287
2010-02-08,479700,20.790000915527344,20.96999931335449,20.11000061035156,20.1299991607666,12.334795951843262
2010-02-05,637300,20.709999084472656,20.89999961853028,20.25,20.8700008392334,12.78823947906494
2010-02-04,684300,21.39999961853028,21.549999237060547,20.670000076293945,20.68000030517578,12.671817779541016
2010-02-03,566900,21.5,21.770000457763672,21.280000686645508,21.59000015258789,13.229422569274902
2010-02-02,491200,21.40999984741211,21.729999542236328,21.15999984741211,21.68000030517578,13.284573554992676
2010-02-01,724600,21.100000381469727,21.43000030517578,20.950000762939453,21.36000061035156,13.08848476409912
2010-01-29,767300,21.299999237060547,21.540000915527344,20.88999938964844,20.96999931335449,12.84951400756836
2010-01-28,658600,21.450000762939453,21.51000022888184,20.86000061035156,21.13999938964844,12.953683853149414
2010-01-27,622600,21.15999984741211,21.3799991607666,20.940000534057617,21.34000015258789,13.07623291015625
2010-01-26,714100,21.309999465942383,21.5,21.06999969482422,21.26000022888184,13.027215003967283
2010-01-25,516500,21.32999992370605,21.3799991607666,20.950000762939453,21.34000015258789,13.07623291015625
2010-01-22,850000,21.450000762939453,21.709999084472656,21.09000015258789,21.1200008392334,12.94143009185791
2010-01-21,686000,22.0,22.059999465942383,21.46999931335449,21.46999931335449,13.155892372131348
2010-01-20,408900,22.07999992370605,22.15999984741211,21.770000457763672,21.940000534057617,13.443888664245604
2010-01-19,839700,21.68000030517578,22.26000022888184,21.6200008392334,22.239999771118164,13.627715110778809
2010-01-15,579800,21.6299991607666,21.729999542236328,21.489999771118164,21.6200008392334,13.247804641723633
2010-01-14,505500,21.540000915527344,21.770000457763672,21.420000076293945,21.65999984741211,13.272319793701172
2010-01-13,762700,21.059999465942383,21.75,21.059999465942383,21.700000762939453,13.29682731628418
2010-01-12,567800,21.229999542236328,21.440000534057617,20.89999961853028,21.06999969482422,12.910791397094728
2010-01-11,302800,21.40999984741211,21.420000076293945,21.190000534057617,21.350000381469727,13.08236312866211
2010-01-08,304300,21.34000015258789,21.34000015258789,21.1299991607666,21.209999084472656,12.996575355529783
2010-01-07,610800,21.15999984741211,21.39999961853028,21.0,21.3700008392334,13.094616889953612
2010-01-06,461500,21.540000915527344,21.690000534057617,21.11000061035156,21.200000762939453,12.990448951721191
2010-01-05,831200,21.540000915527344,21.700000762939453,21.32999992370605,21.540000915527344,13.198785781860352
2010-01-04,625500,21.729999542236328,21.809999465942383,21.32999992370605,21.520000457763672,13.186531066894531
2009-12-31,574100,21.920000076293945,22.0,21.459999084472656,21.459999084472656,13.149768829345703
2009-12-30,561800,21.709999084472656,21.93000030517578,21.6299991607666,21.920000076293945,13.431639671325684
2009-12-29,455200,21.81999969482422,21.86000061035156,21.64999961853028,21.770000457763672,13.339719772338867
2009-12-28,542600,21.84000015258789,21.93000030517578,21.68000030517578,21.809999465942383,13.364232063293455
2009-12-24,295600,21.790000915527344,21.86000061035156,21.670000076293945,21.799999237060547,13.358098983764648
2009-12-23,491600,21.81999969482422,21.989999771118164,21.71999931335449,21.75,13.327467918395996
2009-12-22,782100,21.690000534057617,21.81999969482422,21.6299991607666,21.729999542236328,13.315213203430176
2009-12-21,448100,21.770000457763672,21.8700008392334,21.57999992370605,21.690000534057617,13.29069995880127
2009-12-18,1038900,21.709999084472656,21.71999931335449,21.5,21.68000030517578,13.284573554992676
2009-12-17,517300,21.600000381469727,21.799999237060547,21.5,21.64999961853028,13.266185760498049
2009-12-16,754700,21.670000076293945,21.82999992370605,21.57999992370605,21.739999771118164,13.321334838867188
2009-12-15,495000,21.75,21.75,21.5,21.549999237060547,13.204909324645996
2009-12-14,627800,21.739999771118164,21.809999465942383,21.489999771118164,21.790000915527344,13.351978302001951
2009-12-11,470000,21.739999771118164,21.84000015258789,21.5,21.65999984741211,13.272319793701172
2009-12-10,336400,22.01000022888184,22.049999237060547,21.5,21.63999938964844,13.260065078735352
2009-12-09,490500,22.11000061035156,22.21999931335449,21.90999984741211,21.959999084472656,13.456148147583008
2009-12-08,537700,22.11000061035156,22.3799991607666,22.030000686645508,22.11000061035156,13.548057556152344
2009-12-07,711100,22.420000076293945,22.479999542236328,22.11000061035156,22.280000686645508,13.652227401733398
2009-12-04,712300,22.5,22.770000457763672,22.0,22.40999984741211,13.731884002685549
2009-12-03,539100,22.3700008392334,22.76000022888184,22.040000915527344,22.1299991607666,13.560315132141112
2009-12-02,832600,21.8700008392334,22.549999237060547,21.82999992370605,22.31999969482422,13.676734924316406
2009-12-01,439200,22.31999969482422,22.43000030517578,22.0,22.239999771118164,13.627715110778809
2009-11-30,844700,21.280000686645508,22.18000030517578,21.049999237060547,22.09000015258789,13.535806655883787
2009-11-27,391400,20.850000381469727,21.59000015258789,20.82999992370605,21.270000457763672,13.033342361450195
2009-11-25,324700,21.75,21.75,21.5,21.5,13.174277305603027
2009-11-24,472300,21.700000762939453,21.76000022888184,21.489999771118164,21.63999938964844,13.260065078735352
2009-11-23,562900,21.940000534057617,22.200000762939453,21.600000381469727,21.739999771118164,13.321334838867188
2009-11-20,456900,21.3799991607666,21.729999542236328,21.3700008392334,21.57999992370605,13.22329807281494
2009-11-19,741600,21.68000030517578,21.75,21.479999542236328,21.540000915527344,13.198785781860352
2009-11-18,815400,21.799999237060547,21.920000076293945,21.440000534057617,21.8799991607666,13.407127380371094
2009-11-17,919300,22.09000015258789,22.549999237060547,21.959999084472656,22.01000022888184,13.250869750976562
2009-11-16,834600,21.56999969482422,22.36000061035156,21.489999771118164,22.170000076293945,13.347201347351074
2009-11-13,701400,21.26000022888184,21.38999938964844,20.96999931335449,21.36000061035156,12.859541893005373
2009-11-12,927000,21.239999771118164,21.489999771118164,21.059999465942383,21.11000061035156,12.70903778076172
2009-11-11,609700,21.209999084472656,21.450000762939453,20.88999938964844,21.290000915527344,12.81740665435791
2009-11-10,782900,20.780000686645508,21.1200008392334,20.13999938964844,21.0,12.642812728881836
2009-11-09,961900,20.229999542236328,20.959999084472656,20.100000381469727,20.88999938964844,12.57658863067627
2009-11-06,843400,19.88999938964844,20.229999542236328,19.75,19.979999542236328,12.028730392456056
2009-11-05,955000,20.34000015258789,20.34000015258789,19.850000381469727,20.170000076293945,12.143121719360352
2009-11-04,1030200,20.770000457763672,20.88999938964844,19.979999542236328,20.020000457763672,12.052817344665527
2009-11-03,1303300,20.049999237060547,20.68000030517578,20.020000457763672,20.65999984741211,12.438117027282717
2009-11-02,1617100,20.959999084472656,21.39999961853028,20.07999992370605,20.21999931335449,12.173222541809082
2009-10-30,1153500,20.93000030517578,21.200000762939453,20.51000022888184,20.82999992370605,12.540465354919434
2009-10-29,945500,20.739999771118164,21.46999931335449,20.549999237060547,21.290000915527344,12.81740665435791
2009-10-28,792900,20.90999984741211,21.200000762939453,20.350000381469727,20.3799991607666,12.269548416137695
2009-10-27,678100,21.059999465942383,21.31999969482422,20.809999465942383,20.96999931335449,12.624750137329102
2009-10-26,714700,20.93000030517578,21.43000030517578,20.86000061035156,20.950000762939453,12.612709999084473
2009-10-23,782900,21.21999931335449,21.299999237060547,20.65999984741211,20.84000015258789,12.546486854553224
2009-10-22,887400,20.940000534057617,21.200000762939453,20.530000686645508,21.170000076293945,12.745157241821287
2009-10-21,655700,21.38999938964844,21.770000457763672,20.8700008392334,20.93000030517578,12.60067081451416
2009-10-20,483900,21.709999084472656,21.709999084472656,21.25,21.420000076293945,12.895668029785156
2009-10-19,517000,21.540000915527344,21.950000762939453,21.309999465942383,21.770000457763672,13.106380462646484
2009-10-16,662800,21.479999542236328,21.64999961853028,21.07999992370605,21.3700008392334,12.86556339263916
2009-10-15,418000,21.549999237060547,21.84000015258789,21.5,21.709999084472656,13.07025909423828
2009-10-14,507300,21.39999961853028,21.8700008392334,21.15999984741211,21.76000022888184,13.100361824035645
2009-10-13,439900,21.350000381469727,21.43000030517578,20.8799991607666,21.13999938964844,12.72709846496582
2009-10-12,218300,21.600000381469727,21.64999961853028,21.290000915527344,21.450000762939453,12.913726806640623
2009-10-09,652800,21.18000030517578,21.489999771118164,20.90999984741211,21.479999542236328,12.93178939819336
2009-10-08,857500,21.09000015258789,21.3700008392334,20.979999542236328,21.13999938964844,12.72709846496582
2009-10-07,333400,20.6200008392334,20.8799991607666,20.36000061035156,20.81999969482422,12.53444480895996
2009-10-06,543600,21.059999465942383,21.34000015258789,20.3799991607666,20.670000076293945,12.444144248962402
2009-10-05,729600,20.5,20.90999984741211,20.32999992370605,20.850000381469727,12.552504539489746
2009-10-02,745100,20.040000915527344,20.89999961853028,19.850000381469727,20.520000457763672,12.353833198547363
2009-10-01,910100,20.959999084472656,21.13999938964844,20.170000076293945,20.299999237060547,12.221385955810549
2009-09-30,755900,21.309999465942383,21.46999931335449,20.84000015258789,21.1299991607666,12.721078872680664
2009-09-29,457900,21.64999961853028,21.81999969482422,21.190000534057617,21.25,12.793322563171388
2009-09-28,888000,21.229999542236328,21.739999771118164,21.020000457763672,21.690000534057617,13.058219909667969
2009-09-25,388500,21.1200008392334,21.440000534057617,20.8700008392334,21.1299991607666,12.721078872680664
2009-09-24,735100,21.729999542236328,21.84000015258789,20.88999938964844,21.270000457763672,12.805360794067385
2009-09-23,620500,22.57999992370605,22.59000015258789,21.559999465942383,21.61000061035156,13.01005744934082
2009-09-22,601700,21.989999771118164,22.440000534057617,21.8700008392334,22.40999984741211,13.491686820983888
2009-09-21,504200,21.82999992370605,22.09000015258789,21.690000534057617,21.82999992370605,13.142501831054688
2009-09-18,914800,22.34000015258789,22.489999771118164,21.81999969482422,22.059999465942383,13.280975341796877
2009-09-17,956700,22.51000022888184,23.26000022888184,21.940000534057617,22.209999084472656,13.371277809143066
2009-09-16,908400,22.290000915527344,22.600000381469727,22.1299991607666,22.5,13.545876502990724
2009-09-15,1255800,21.989999771118164,22.6299991607666,21.780000686645508,22.1299991607666,13.32311725616455
2009-09-14,451900,21.420000076293945,22.15999984741211,21.32999992370605,22.1200008392334,13.317094802856444
2009-09-11,492300,21.670000076293945,21.86000061035156,21.34000015258789,21.63999938964844,13.028119087219238
2009-09-10,590300,21.440000534057617,21.709999084472656,21.030000686645508,21.700000762939453,13.064239501953123
2009-09-09,547200,20.940000534057617,21.530000686645508,20.76000022888184,21.520000457763672,12.955873489379885
2009-09-08,661300,20.61000061035156,21.01000022888184,20.420000076293945,21.01000022888184,12.648833274841309
2009-09-04,942700,20.09000015258789,20.459999084472656,19.700000762939453,20.43000030517578,12.299650192260742
2009-09-03,734100,19.8700008392334,20.11000061035156,19.549999237060547,20.09000015258789,12.094959259033203
2009-09-02,1076800,20.280000686645508,20.3799991607666,19.76000022888184,19.790000915527344,11.914346694946287
2009-09-01,1292200,21.56999969482422,21.56999969482422,20.3799991607666,20.3799991607666,12.269548416137695
2009-08-31,660800,21.690000534057617,21.89999961853028,21.479999542236328,21.64999961853028,13.03413200378418
2009-08-28,674400,21.8700008392334,22.1200008392334,21.64999961853028,21.979999542236328,13.23280906677246
2009-08-27,791200,21.36000061035156,21.809999465942383,21.020000457763672,21.76000022888184,13.100361824035645
2009-08-26,779800,21.239999771118164,21.459999084472656,21.030000686645508,21.40999984741211,12.889646530151367
2009-08-25,658300,21.13999938964844,21.540000915527344,21.13999938964844,21.239999771118164,12.78730297088623
2009-08-24,584900,21.36000061035156,21.5,21.049999237060547,21.1299991607666,12.721078872680664
2009-08-21,1061400,21.1200008392334,21.920000076293945,20.979999542236328,21.21999931335449,12.775260925292969
2009-08-20,813900,20.21999931335449,20.82999992370605,20.1200008392334,20.799999237060547,12.5224027633667
2009-08-19,775500,20.229999542236328,20.270000457763672,19.90999984741211,20.170000076293945,12.143121719360352
2009-08-18,738200,20.3700008392334,20.790000915527344,20.25,20.549999237060547,12.140109062194824
2009-08-17,1126000,20.309999465942383,20.799999237060547,20.18000030517578,20.280000686645508,11.980605125427246
2009-08-14,866600,21.059999465942383,21.07999992370605,20.520000457763672,20.979999542236328,12.39413356781006
2009-08-13,1015500,21.51000022888184,21.51000022888184,20.8799991607666,21.040000915527344,12.42958164215088
2009-08-12,1549000,21.82999992370605,22.15999984741211,21.0,21.100000381469727,12.465032577514648
2009-08-11,1783600,20.700000762939453,21.059999465942383,20.32999992370605,20.959999084472656,12.382320404052734
2009-08-10,1197000,21.34000015258789,21.420000076293945,20.770000457763672,20.809999465942383,12.293707847595217
2009-08-07,1255300,20.82999992370605,21.89999961853028,20.450000762939453,21.61000061035156,12.766316413879396
2009-08-06,1281000,20.93000030517578,21.309999465942383,20.270000457763672,20.38999938964844,12.045588493347168
2009-08-05,958500,19.75,20.850000381469727,19.75,20.729999542236328,12.246441841125488
2009-08-04,1415800,19.440000534057617,20.209999084472656,19.239999771118164,20.01000022888184,11.821101188659668
2009-08-03,721700,19.75,19.799999237060547,19.229999542236328,19.64999961853028,11.608428001403809
2009-07-31,626400,19.5,19.799999237060547,19.280000686645508,19.40999984741211,11.46664333343506
2009-07-30,1168000,19.36000061035156,19.84000015258789,19.07999992370605,19.56999969482422,11.561159133911133
2009-07-29,491900,18.920000076293945,19.190000534057617,18.799999237060547,18.96999931335449,11.206711769104004
2009-07-28,594800,18.979999542236328,19.21999931335449,18.88999938964844,19.07999992370605,11.271692276000977
2009-07-27,639100,18.96999931335449,19.299999237060547,18.76000022888184,19.26000022888184,11.378029823303224
2009-07-24,615100,18.89999961853028,19.09000015258789,18.729999542236328,18.940000534057617,11.188986778259276
2009-07-23,1109200,18.530000686645508,19.46999931335449,18.280000686645508,19.13999938964844,11.307138442993164
2009-07-22,627800,18.07999992370605,18.700000762939453,18.040000915527344,18.520000457763672,10.940866470336914
2009-07-21,952900,18.57999992370605,18.57999992370605,18.100000381469727,18.270000457763672,10.793176651000977
2009-07-20,1216100,18.170000076293945,18.46999931335449,17.940000534057617,18.420000076293945,10.881793975830078
2009-07-17,1254000,18.3799991607666,18.57999992370605,17.809999465942383,17.920000076293945,10.58640956878662
2009-07-16,6970200,18.09000015258789,18.57999992370605,17.6299991607666,18.57999992370605,10.976310729980469
2009-07-15,1134300,17.940000534057617,18.280000686645508,17.700000762939453,18.18000030517578,10.740009307861328
2009-07-14,812400,17.530000686645508,17.719999313354492,17.15999984741211,17.709999084472656,10.462353706359863
2009-07-13,1388100,17.049999237060547,17.6299991607666,16.729999542236328,17.559999465942383,10.373736381530762
2009-07-10,1787500,16.84000015258789,17.010000228881836,16.489999771118164,16.81999969482422,9.936575889587402
2009-07-09,737000,16.600000381469727,16.639999389648438,16.079999923706055,16.1200008392334,9.523045539855955
2009-07-08,813700,16.389999389648438,16.59000015258789,16.09000015258789,16.510000228881836,9.753440856933594
2009-07-07,969900,16.6299991607666,16.799999237060547,16.239999771118164,16.309999465942383,9.63528537750244
2009-07-06,934700,15.960000038146973,16.639999389648438,15.779999732971191,16.579999923706055,9.794791221618652
2009-07-02,1318100,17.079999923706055,17.079999923706055,15.90999984741211,15.90999984741211,9.398984909057615
2009-07-01,644900,16.920000076293945,17.579999923706055,16.68000030517578,17.489999771118164,10.332385063171388
2009-06-30,604600,16.889999389648438,16.969999313354492,16.690000534057617,16.829999923706055,9.942484855651855
2009-06-29,477500,16.610000610351562,16.860000610351562,16.40999984741211,16.81999969482422,9.936575889587402
2009-06-26,1019200,16.43000030517578,16.670000076293945,16.040000915527344,16.59000015258789,9.800702095031738
2009-06-25,633700,16.209999084472656,16.469999313354492,15.9399995803833,16.459999084472656,9.723901748657228
2009-06-24,829100,16.1200008392334,16.420000076293945,16.010000228881836,16.200000762939453,9.570305824279783
2009-06-23,648700,15.960000038146973,16.15999984741211,15.760000228881836,15.880000114440918,9.381261825561523
2009-06-22,941800,16.559999465942383,16.649999618530273,15.770000457763672,15.850000381469728,9.363539695739746
2009-06-19,1257600,16.5,16.81999969482422,16.299999237060547,16.670000076293945,9.847963333129885
2009-06-18,573700,16.170000076293945,16.389999389648438,15.899999618530272,16.280000686645508,9.617566108703612
2009-06-17,869300,16.209999084472656,16.469999313354492,15.699999809265137,15.979999542236328,9.440337181091309
2009-06-16,569400,16.25,16.579999923706055,15.760000228881836,16.170000076293945,9.552583694458008
2009-06-15,1013700,17.1200008392334,17.290000915527344,16.06999969482422,16.219999313354492,9.582120895385742
2009-06-12,826600,16.510000228881836,17.389999389648438,16.350000381469727,17.360000610351562,10.25558376312256
2009-06-11,626600,17.190000534057617,17.290000915527344,16.639999389648438,16.639999389648438,9.830238342285156
2009-06-10,1222900,18.030000686645508,18.040000915527344,16.6200008392334,17.0,10.042912483215332
2009-06-09,537900,18.280000686645508,18.280000686645508,17.81999969482422,17.8700008392334,10.556870460510254
2009-06-08,522900,17.969999313354492,18.290000915527344,17.81999969482422,18.040000915527344,10.657301902770996
2009-06-05,663600,18.040000915527344,18.350000381469727,17.780000686645508,17.969999313354492,10.615948677062988
2009-06-04,816400,17.280000686645508,18.1299991607666,17.219999313354492,18.06999969482422,10.675025939941406
2009-06-03,472800,16.920000076293945,17.3799991607666,16.8700008392334,17.329999923706055,10.23786449432373
2009-06-02,1148400,17.31999969482422,17.469999313354492,16.889999389648438,17.15999984741211,10.137434005737305
2009-06-01,1413500,16.56999969482422,17.520000457763672,16.56999969482422,17.229999542236328,10.178789138793944
2009-05-29,1089000,16.09000015258789,16.520000457763672,15.65999984741211,16.469999313354492,9.729812622070312
2009-05-28,851200,16.100000381469727,16.190000534057617,15.43000030517578,16.100000381469727,9.511231422424316
2009-05-27,1295600,16.309999465942383,16.440000534057617,15.649999618530272,15.779999732971191,9.322185516357422
2009-05-26,1397300,15.5,16.520000457763672,15.380000114440918,16.420000076293945,9.700271606445312
2009-05-22,660800,16.1200008392334,16.18000030517578,15.5600004196167,15.609999656677246,9.221755027770996
2009-05-21,759800,15.489999771118164,16.209999084472656,15.350000381469728,15.979999542236328,9.440337181091309
2009-05-20,1395600,16.81999969482422,17.1299991607666,15.770000457763672,15.8100004196167,9.339909553527832
2009-05-19,955700,17.200000762939453,17.489999771118164,16.760000228881836,16.959999084472656,9.791837692260742
2009-05-18,1484200,16.360000610351562,17.389999389648438,16.100000381469727,17.280000686645508,9.976593017578123
2009-05-15,1348100,16.520000457763672,16.799999237060547,15.779999732971191,16.0,9.237584114074709
2009-05-14,1234900,16.290000915527344,16.920000076293945,16.0,16.770000457763672,9.682144165039062
2009-05-13,1673500,16.690000534057617,16.709999084472656,16.170000076293945,16.239999771118164,9.376148223876951
2009-05-12,995900,16.739999771118164,17.34000015258789,16.270000457763672,16.920000076293945,9.768746376037598
2009-05-11,1366100,16.690000534057617,17.049999237060547,16.540000915527344,16.559999465942383,9.560900688171388
2009-05-08,1468600,16.579999923706055,17.479999542236328,16.139999389648438,17.309999465942383,9.993910789489746
2009-05-07,1851400,17.049999237060547,17.25,15.8100004196167,16.1200008392334,9.306867599487305
2009-05-06,1639900,16.65999984741211,17.149999618530273,16.09000015258789,16.809999465942383,9.705239295959473
2009-05-05,1426200,17.25,17.25,16.420000076293945,16.450000762939453,9.497392654418944
2009-05-04,2239900,16.760000228881836,17.510000228881836,16.25,17.360000610351562,10.022778511047363
2009-05-01,1200300,16.770000457763672,16.770000457763672,16.030000686645508,16.190000534057617,9.347282409667969
2009-04-30,1018300,17.6200008392334,17.6200008392334,16.459999084472656,16.790000915527344,9.693690299987791
2009-04-29,1250900,16.6200008392334,17.530000686645508,16.329999923706055,17.360000610351562,10.022778511047363
2009-04-28,764100,15.699999809265137,16.739999771118164,15.68000030517578,16.3799991607666,9.45697784423828
2009-04-27,1753900,16.229999542236328,16.780000686645508,15.420000076293944,15.960000038146973,9.214488983154297
2009-04-24,1728500,16.079999923706055,17.229999542236328,15.640000343322754,16.68000030517578,9.630182266235352
2009-04-23,1324300,15.289999961853027,16.079999923706055,14.960000038146973,15.979999542236328,9.22603702545166
2009-04-22,1466800,15.859999656677246,16.229999542236328,14.920000076293944,15.220000267028809,8.787256240844727
2009-04-21,2128300,14.390000343322754,16.190000534057617,14.06999969482422,16.110000610351562,9.30109405517578
2009-04-20,1899300,15.050000190734863,15.420000076293944,14.479999542236328,14.520000457763672,8.383110046386719
2009-04-17,1531100,15.789999961853027,16.399999618530273,15.18000030517578,15.970000267028809,9.22026538848877
2009-04-16,1505000,15.640000343322754,16.549999237060547,14.829999923706056,15.989999771118164,9.2318115234375
2009-04-15,1620500,14.40999984741211,15.850000381469728,14.100000381469728,15.75,9.093246459960938
2009-04-14,1829000,15.6899995803833,15.6899995803833,14.40999984741211,14.510000228881836,8.377333641052246
2009-04-13,1197400,15.479999542236328,16.34000015258789,15.149999618530272,16.079999923706055,9.283773422241213
2009-04-09,1792600,14.6899995803833,15.869999885559082,14.399999618530272,15.84000015258789,9.145211219787598
2009-04-08,1572700,14.479999542236328,14.979999542236328,13.93000030517578,14.229999542236328,8.215676307678223
2009-04-07,1446100,15.609999656677246,15.619999885559082,14.470000267028809,14.479999542236328,8.360015869140625
2009-04-06,1417500,15.31999969482422,16.260000228881836,15.100000381469728,15.970000267028809,9.22026538848877
2009-04-03,1754000,15.109999656677246,16.229999542236328,14.420000076293944,16.18000030517578,9.341506004333496
2009-04-02,1840600,14.899999618530272,15.300000190734863,14.529999732971191,15.130000114440918,8.735292434692383
2009-04-01,1262100,14.520000457763672,14.970000267028809,14.25,14.460000038146973,8.348466873168945
2009-03-31,1905400,14.420000076293944,15.199999809265137,14.039999961853027,14.989999771118164,8.654461860656738
2009-03-30,1410600,14.149999618530272,14.520000457763672,13.899999618530272,14.15999984741211,8.175259590148926
2009-03-27,1305300,14.9399995803833,15.31999969482422,14.56999969482422,14.710000038146973,8.492806434631348
2009-03-26,1685800,14.710000038146973,15.369999885559082,14.109999656677246,15.3100004196167,8.839214324951172
2009-03-25,1593100,14.479999542236328,14.970000267028809,13.390000343322754,14.65999984741211,8.463936805725098
2009-03-24,1848100,15.5,15.779999732971191,14.279999732971191,14.34000015258789,8.279186248779297
2009-03-23,2411500,13.920000076293944,16.06999969482422,13.789999961853027,16.040000915527344,9.2606782913208
2009-03-20,1644800,14.539999961853027,14.550000190734863,13.359999656677246,13.390000343322754,7.730705261230469
2009-03-19,1561800,15.119999885559082,15.510000228881836,14.329999923706056,14.460000038146973,8.348466873168945
2009-03-18,2467400,14.31999969482422,15.260000228881836,14.0600004196167,15.18000030517578,8.764158248901367
2009-03-17,1492700,13.3100004196167,14.729999542236328,13.039999961853027,14.720000267028809,8.498577117919922
2009-03-16,1617500,14.449999809265137,14.470000267028809,13.300000190734863,13.31999969482422,7.690287113189697
2009-03-13,1341700,14.770000457763672,14.800000190734863,13.90999984741211,14.43000030517578,8.331147193908691
2009-03-12,2027100,13.949999809265137,14.859999656677246,13.600000381469728,14.739999771118164,8.510125160217285
2009-03-11,1611400,14.40999984741211,14.5,13.760000228881836,14.0,8.0828857421875
2009-03-10,2775000,13.539999961853027,14.399999618530272,13.170000076293944,14.350000381469728,8.284957885742188
2009-03-09,1065700,12.550000190734863,13.100000381469728,12.470000267028809,12.979999542236328,7.493990898132324
2009-03-06,1764900,12.960000038146973,13.34000015258789,12.0600004196167,12.779999732971191,7.378518581390381
2009-03-05,1724600,13.449999809265137,13.829999923706056,12.81999969482422,12.960000038146973,7.482442855834961
2009-03-04,1646100,13.989999771118164,14.300000190734863,13.5,13.949999809265137,8.0540189743042
2009-03-03,2161600,14.109999656677246,14.359999656677246,12.850000381469728,13.6899995803833,7.903908252716064
2009-03-02,2323800,14.130000114440918,14.539999961853027,13.649999618530272,13.81999969482422,7.978963375091553
2009-02-27,2227400,14.510000228881836,15.0600004196167,14.380000114440918,14.489999771118164,8.365788459777832
2009-02-26,2043000,15.100000381469728,16.049999237060547,14.739999771118164,14.890000343322754,8.596728324890137
2009-02-25,2028100,15.15999984741211,15.789999961853027,14.479999542236328,15.15999984741211,8.75261402130127
2009-02-24,3034600,13.210000038146973,15.279999732971191,13.210000038146973,15.130000114440918,8.735292434692383
2009-02-23,2335700,15.4399995803833,15.479999542236328,13.220000267028809,13.399999618530272,7.736477851867676
2009-02-20,2404900,13.420000076293944,14.869999885559082,13.109999656677246,14.630000114440918,8.446614265441895
2009-02-19,1342900,15.229999542236328,15.229999542236328,13.619999885559082,13.729999542236328,7.927000045776367
2009-02-18,1050000,14.829999923706056,14.899999618530272,14.15999984741211,14.729999542236328,8.504350662231445
2009-02-17,1687500,15.34000015258789,15.479999542236328,14.6899995803833,14.760000228881836,8.299393653869629
2009-02-13,1626600,16.559999465942383,16.799999237060547,15.720000267028809,15.779999732971191,8.872925758361816
2009-02-12,1864800,15.9399995803833,16.799999237060547,15.510000228881836,16.68000030517578,9.378988265991213
2009-02-11,1545000,16.68000030517578,16.920000076293945,15.84000015258789,16.540000915527344,9.300268173217772
2009-02-10,1760000,18.020000457763672,18.309999465942383,16.3799991607666,16.479999542236328,9.26653003692627
2009-02-09,849900,18.100000381469727,18.32999992370605,17.540000915527344,18.200000762939453,10.233668327331545
2009-02-06,1660000,16.739999771118164,18.239999771118164,16.729999542236328,18.059999465942383,10.154947280883787
2009-02-05,2044300,16.459999084472656,17.260000228881836,15.859999656677246,16.739999771118164,9.412724494934082
2009-02-04,1431100,16.93000030517578,17.3700008392334,16.469999313354492,16.690000534057617,9.384613990783691
2009-02-03,1211200,17.329999923706055,17.329999923706055,16.40999984741211,16.75,9.418347358703612
2009-02-02,1471200,16.239999771118164,16.93000030517578,15.619999885559082,16.799999237060547,9.44646453857422
2009-01-30,2292900,17.450000762939453,17.649999618530273,16.079999923706055,16.510000228881836,9.283397674560549
2009-01-29,1910700,18.40999984741211,18.799999237060547,16.969999313354492,17.06999969482422,9.598281860351562
2009-01-28,2345200,18.0,18.90999984741211,17.389999389648438,18.770000457763672,10.554171562194824
2009-01-27,1385400,17.479999542236328,18.170000076293945,17.18000030517578,17.489999771118164,9.834444046020508
2009-01-26,804300,17.31999969482422,18.280000686645508,17.190000534057617,17.75,9.980639457702637
2009-01-23,1527700,16.559999465942383,17.809999465942383,16.190000534057617,17.639999389648438,9.918784141540527
2009-01-22,1423300,17.360000610351562,18.200000762939453,17.040000915527344,17.1299991607666,9.63201904296875
2009-01-21,1891300,17.030000686645508,18.299999237060547,16.5,17.829999923706055,10.025620460510254
2009-01-20,1981300,19.61000061035156,20.280000686645508,16.770000457763672,16.979999542236328,9.54767608642578
2009-01-16,1434000,19.600000381469727,19.600000381469727,18.0,19.13999938964844,10.762221336364746
2009-01-15,1084300,17.829999923706055,19.170000076293945,17.110000610351562,18.75,10.54293155670166
2009-01-14,1144700,18.020000457763672,18.6299991607666,17.6299991607666,17.829999923706055,10.025620460510254
2009-01-13,1103200,18.13999938964844,18.82999992370605,17.899999618530273,18.670000076293945,10.497944831848145
2009-01-12,1179900,18.799999237060547,18.8700008392334,17.790000915527344,18.280000686645508,10.278650283813477
2009-01-09,1157100,20.06999969482422,20.13999938964844,18.559999465942383,18.709999084472656,10.520435333251951
2009-01-08,816700,19.75,20.309999465942383,19.549999237060547,19.96999931335449,11.22891902923584
2009-01-07,1423700,20.26000022888184,20.64999961853028,19.739999771118164,19.96999931335449,11.22891902923584
2009-01-06,1923600,21.32999992370605,21.56999969482422,19.96999931335449,20.780000686645508,11.68437385559082
2009-01-05,967600,21.8799991607666,22.15999984741211,21.020000457763672,21.1299991607666,11.88117790222168
2009-01-02,863500,23.459999084472656,23.59000015258789,21.809999465942383,21.979999542236328,12.359122276306152
2008-12-31,1013700,22.459999084472656,23.75,22.34000015258789,23.479999542236328,13.202557563781738
2008-12-30,728600,21.63999938964844,22.489999771118164,21.350000381469727,22.46999931335449,12.63464641571045
2008-12-29,1005900,22.280000686645508,22.280000686645508,20.84000015258789,21.40999984741211,12.038616180419922
2008-12-26,437500,22.049999237060547,22.809999465942383,21.63999938964844,22.440000534057617,12.61777687072754
2008-12-24,454500,22.3700008392334,22.489999771118164,21.63999938964844,22.18000030517578,12.47157859802246
2008-12-23,835400,22.170000076293945,22.76000022888184,21.43000030517578,22.5,12.651517868041992
2008-12-22,942700,22.270000457763672,22.61000061035156,20.56999969482422,21.979999542236328,12.359122276306152
2008-12-19,1352500,21.01000022888184,22.65999984741211,21.0,22.229999542236328,12.499693870544434
2008-12-18,1305900,23.75,23.75,20.450000762939453,20.690000534057617,11.633771896362305
2008-12-17,1658000,21.530000686645508,23.479999542236328,20.51000022888184,22.82999992370605,12.837066650390623
2008-12-16,1910000,20.209999084472656,23.11000061035156,20.14999961853028,23.11000061035156,12.994511604309082
2008-12-15,1112200,20.6200008392334,20.81999969482422,19.040000915527344,19.82999992370605,11.15019989013672
2008-12-12,1939800,17.760000228881836,20.59000015258789,17.510000228881836,20.520000457763672,11.538179397583008
2008-12-11,2054200,20.89999961853028,21.450000762939453,18.0,18.18000030517578,10.222421646118164
2008-12-10,1139300,20.56999969482422,21.739999771118164,19.739999771118164,21.51000022888184,12.094847679138184
2008-12-09,1554100,20.770000457763672,21.540000915527344,19.549999237060547,19.739999771118164,11.099595069885254
2008-12-08,1878700,19.600000381469727,21.200000762939453,19.06999969482422,21.200000762939453,11.920536041259766
2008-12-05,1782700,16.25,19.36000061035156,16.25,19.040000915527344,10.70599365234375
2008-12-04,1671700,16.84000015258789,17.8799991607666,16.270000457763672,16.540000915527344,9.300268173217772
2008-12-03,1704700,16.799999237060547,17.489999771118164,16.030000686645508,17.110000610351562,9.620772361755373
2008-12-02,2343400,15.529999732971191,17.459999084472656,15.529999732971191,17.270000457763672,9.71074104309082
2008-12-01,1469300,18.86000061035156,18.8799991607666,15.06999969482422,15.170000076293944,8.52993106842041
2008-11-28,792800,18.729999542236328,19.5,18.700000762939453,19.18000030517578,10.784710884094238
2008-11-26,1513600,18.76000022888184,20.040000915527344,18.26000022888184,19.520000457763672,10.975890159606934
2008-11-25,1445300,19.809999465942383,21.209999084472656,17.59000015258789,19.280000686645508,10.840941429138184
2008-11-24,1986500,17.530000686645508,20.450000762939453,16.540000915527344,19.790000915527344,11.127711296081545
2008-11-21,2108300,15.68000030517578,18.030000686645508,14.289999961853027,17.049999237060547,9.587034225463867
2008-11-20,1691500,17.719999313354492,18.64999961853028,15.390000343322754,15.899999618530272,8.940401077270508
2008-11-19,1253000,20.01000022888184,20.200000762939453,17.59000015258789,17.959999084472656,10.09872055053711
2008-11-18,993100,19.90999984741211,20.690000534057617,19.06999969482422,20.3700008392334,11.45384120941162
2008-11-17,905900,19.799999237060547,20.959999084472656,19.270000457763672,19.90999984741211,11.195183753967283
2008-11-14,1041900,22.190000534057617,22.84000015258789,20.479999542236328,20.690000534057617,11.417290687561035
2008-11-13,1626700,20.209999084472656,22.65999984741211,19.06999969482422,22.21999931335449,12.261581420898438
2008-11-12,993500,19.540000915527344,20.540000915527344,19.0,19.76000022888184,10.904090881347656
2008-11-11,881600,20.5,21.39999961853028,19.299999237060547,19.84000015258789,10.948235511779783
2008-11-10,804000,23.420000076293945,23.46999931335449,20.770000457763672,21.09000015258789,11.638016700744627
2008-11-07,873100,21.3700008392334,23.25,20.89999961853028,23.040000915527344,12.714081764221191
2008-11-06,956700,22.14999961853028,22.46999931335449,21.020000457763672,21.14999961853028,11.671127319335938
2008-11-05,1036500,24.690000534057617,25.020000457763672,21.950000762939453,22.229999542236328,12.267095565795898
2008-11-04,681000,25.520000457763672,25.690000534057617,24.39999961853028,25.049999237060547,13.823251724243164
2008-11-03,711400,25.229999542236328,25.530000686645508,24.64999961853028,24.84000015258789,13.70736598968506
2008-10-31,1725500,24.780000686645508,25.57999992370605,24.040000915527344,25.549999237060547,14.099165916442873
2008-10-30,732300,24.239999771118164,24.989999771118164,23.3700008392334,24.989999771118164,13.79014015197754
2008-10-29,971600,24.040000915527344,25.14999961853028,23.239999771118164,23.440000534057617,12.934808731079102
2008-10-28,1340900,21.809999465942383,24.549999237060547,20.56999969482422,24.299999237060547,13.40937614440918
2008-10-27,679200,21.950000762939453,23.450000762939453,21.100000381469727,21.170000076293945,11.682165145874023
2008-10-24,819800,21.89999961853028,23.26000022888184,20.6299991607666,22.440000534057617,12.38298797607422
2008-10-23,1139300,23.229999542236328,23.799999237060547,21.40999984741211,23.209999084472656,12.80789279937744
2008-10-22,1084100,23.489999771118164,24.31999969482422,22.46999931335449,23.100000381469727,12.747188568115234
2008-10-21,638500,23.850000381469727,24.799999237060547,23.65999984741211,23.920000076293945,13.199687957763672
2008-10-20,459900,24.5,24.549999237060547,22.950000762939453,24.200000762939453,13.354202270507812
2008-10-17,1140800,23.36000061035156,25.450000762939453,23.049999237060547,24.0,13.2438325881958
2008-10-16,1283100,23.799999237060547,24.700000762939453,21.420000076293945,24.5,13.519750595092772
2008-10-15,1116200,25.26000022888184,25.65999984741211,22.25,22.799999237060547,12.58164119720459
2008-10-14,992700,28.670000076293945,28.670000076293945,23.81999969482422,26.07999992370605,14.391630172729492
2008-10-13,1439800,29.190000534057617,29.75,26.020000457763672,27.1299991607666,14.971055030822754
2008-10-10,2598200,22.530000686645508,27.600000381469727,22.1299991607666,27.600000381469727,15.230408668518066
2008-10-09,1208000,26.540000915527344,27.1200008392334,23.56999969482422,23.56999969482422,13.006547927856444
2008-10-08,1337100,26.200000762939453,27.57999992370605,25.1200008392334,25.88999938964844,14.286786079406738
2008-10-07,1510000,27.21999931335449,27.5,25.90999984741211,26.239999771118164,14.4799222946167
2008-10-06,1300100,26.3799991607666,27.46999931335449,24.90999984741211,27.100000381469727,14.954495429992676
2008-10-03,1198900,28.61000061035156,29.11000061035156,27.13999938964844,27.56999969482422,15.213852882385254
2008-10-02,905300,28.670000076293945,28.700000762939453,27.950000762939453,28.049999237060547,15.47872543334961
2008-10-01,793800,28.780000686645508,29.14999961853028,28.11000061035156,28.84000015258789,15.914676666259766
2008-09-30,1424000,25.31999969482422,29.170000076293945,25.31999969482422,29.14999961853028,16.08574104309082
2008-09-29,1136900,27.1200008392334,27.61000061035156,26.270000457763672,26.40999984741211,14.573734283447266
2008-09-26,956600,26.0,27.950000762939453,25.11000061035156,27.940000534057617,15.418025016784668
2008-09-25,2034500,26.39999961853028,27.540000915527344,25.89999961853028,27.030000686645508,14.915867805480955
2008-09-24,4272000,26.06999969482422,26.770000457763672,25.86000061035156,26.56999969482422,14.662020683288574
2008-09-23,2068200,27.21999931335449,27.21999931335449,25.75,25.89999961853028,14.292305946350098
2008-09-22,1458800,30.39999961853028,30.59000015258789,27.200000762939453,27.5,15.175222396850586
2008-09-19,1807500,30.489999771118164,32.0,29.729999542236328,31.63999938964844,17.459787368774414
2008-09-18,1988300,28.40999984741211,31.5,28.049999237060547,30.5,16.83070182800293
2008-09-17,1134200,28.540000915527344,29.46999931335449,27.770000457763672,28.030000686645508,15.467690467834473
2008-09-16,1153200,27.6299991607666,29.229999542236328,27.459999084472656,29.229999542236328,16.129884719848633
2008-09-15,992000,28.1299991607666,28.950000762939453,27.729999542236328,27.799999237060547,15.340773582458496
2008-09-12,414800,28.459999084472656,29.11000061035156,28.420000076293945,29.06999969482422,16.041589736938477
2008-09-11,537400,28.0,28.739999771118164,27.65999984741211,28.63999938964844,15.80430793762207
2008-09-10,675100,28.549999237060547,28.809999465942383,27.670000076293945,28.549999237060547,15.754642486572266
2008-09-09,809600,29.100000381469727,29.6299991607666,28.09000015258789,28.21999931335449,15.572539329528809
2008-09-08,811100,29.299999237060547,29.299999237060547,28.36000061035156,29.239999771118164,16.135398864746094
2008-09-05,364700,27.89999961853028,28.020000457763672,27.479999542236328,27.90999984741211,15.401472091674805
2008-09-04,603700,28.6299991607666,28.8799991607666,27.979999542236328,28.100000381469727,15.506324768066406
2008-09-03,672600,28.190000534057617,29.100000381469727,28.15999984741211,28.93000030517578,15.964338302612305
2008-09-02,438200,29.049999237060547,29.46999931335449,27.940000534057617,28.440000534057617,15.693939208984377
2008-08-29,333500,28.790000915527344,29.030000686645508,28.559999465942383,28.670000076293945,15.820863723754885
2008-08-28,406600,28.229999542236328,29.170000076293945,28.11000061035156,29.170000076293945,16.096778869628906
2008-08-27,291900,27.15999984741211,28.100000381469727,27.15999984741211,28.06999969482422,15.489765167236328
2008-08-26,307700,27.420000076293945,27.81999969482422,27.13999938964844,27.59000015258789,15.224889755249023
2008-08-25,333400,27.8700008392334,27.950000762939453,27.270000457763672,27.420000076293945,15.131080627441406
2008-08-22,572500,27.270000457763672,28.459999084472656,27.270000457763672,28.26000022888184,15.594614028930664
2008-08-21,398100,27.100000381469727,27.76000022888184,27.100000381469727,27.36000061035156,15.097970008850098
2008-08-20,562100,27.739999771118164,27.920000076293945,27.299999237060547,27.86000061035156,15.373881340026855
2008-08-19,538900,27.309999465942383,27.850000381469727,27.209999084472656,27.600000381469727,15.230408668518066
2008-08-18,533800,28.600000381469727,28.89999961853028,27.76000022888184,28.15999984741211,15.539429664611816
2008-08-15,597000,29.1299991607666,29.64999961853028,28.190000534057617,28.559999465942383,15.76015853881836
2008-08-14,507700,28.26000022888184,29.15999984741211,28.26000022888184,28.950000762939453,15.97537326812744
2008-08-13,793500,28.39999961853028,28.75,27.690000534057617,28.57999992370605,15.771197319030762
2008-08-12,671000,29.15999984741211,29.200000762939453,28.450000762939453,28.76000022888184,15.658073425292969
2008-08-11,903400,28.600000381469727,29.950000762939453,28.56999969482422,29.489999771118164,16.055513381958008
2008-08-08,848400,28.020000457763672,29.15999984741211,27.51000022888184,28.940000534057617,15.756071090698242
2008-08-07,730000,27.76000022888184,28.600000381469727,27.479999542236328,27.90999984741211,15.19530200958252
2008-08-06,1353100,28.540000915527344,29.0,28.200000762939453,28.43000030517578,15.478407859802246
2008-08-05,731800,28.82999992370605,30.309999465942383,28.770000457763672,30.049999237060547,16.360397338867188
2008-08-04,630600,28.989999771118164,29.34000015258789,28.690000534057617,28.82999992370605,15.696186065673828
2008-08-01,459100,29.209999084472656,29.309999465942383,28.1299991607666,29.09000015258789,15.837740898132324
2008-07-31,584600,28.46999931335449,29.239999771118164,28.020000457763672,29.01000022888184,15.794184684753418
2008-07-30,773200,29.600000381469727,29.71999931335449,27.93000030517578,28.959999084472656,15.766961097717283
2008-07-29,973900,28.190000534057617,29.540000915527344,28.190000534057617,29.36000061035156,15.984737396240234
2008-07-28,750200,28.21999931335449,28.82999992370605,27.89999961853028,28.0,15.244301795959473
2008-07-25,775600,27.530000686645508,28.56999969482422,27.34000015258789,28.3799991607666,15.451184272766112
2008-07-24,886000,28.959999084472656,28.959999084472656,27.14999961853028,27.290000915527344,14.857754707336426
2008-07-23,931500,28.450000762939453,29.5,28.190000534057617,28.790000915527344,15.674406051635742
2008-07-22,754600,27.040000915527344,28.6299991607666,26.64999961853028,28.549999237060547,15.543745994567873
2008-07-21,798700,26.739999771118164,27.299999237060547,26.3700008392334,27.040000915527344,14.72164249420166
2008-07-18,596900,27.299999237060547,27.350000381469727,26.520000457763672,26.790000915527344,14.585528373718262
2008-07-17,769000,25.690000534057617,27.420000076293945,25.690000534057617,27.200000762939453,14.808748245239258
2008-07-16,919000,25.14999961853028,26.64999961853028,24.90999984741211,26.57999992370605,14.471195220947266
2008-07-15,991000,24.11000061035156,26.36000061035156,23.8700008392334,25.09000015258789,13.659982681274414
2008-07-14,582400,25.549999237060547,25.549999237060547,24.299999237060547,24.40999984741211,13.28976058959961
2008-07-11,576300,24.030000686645508,25.76000022888184,24.020000457763672,25.09000015258789,13.659982681274414
2008-07-10,631900,23.8799991607666,25.040000915527344,23.86000061035156,24.6299991607666,13.40953540802002
2008-07-09,941100,26.489999771118164,26.489999771118164,23.84000015258789,23.850000381469727,12.98487663269043
2008-07-08,906500,23.700000762939453,26.31999969482422,23.56999969482422,26.280000686645508,14.30786418914795
2008-07-07,652800,23.700000762939453,24.209999084472656,23.57999992370605,23.739999771118164,12.924989700317385
2008-07-03,202700,23.65999984741211,24.09000015258789,23.450000762939453,23.690000534057617,12.897767066955566
2008-07-02,406500,24.309999465942383,24.350000381469727,23.59000015258789,23.63999938964844,12.87054443359375
2008-07-01,902000,23.5,24.38999938964844,23.5,24.3700008392334,13.267989158630373
2008-06-30,816500,23.700000762939453,24.06999969482422,23.549999237060547,23.770000457763672,12.941319465637209
2008-06-27,547200,24.0,24.299999237060547,23.690000534057617,23.700000762939453,12.903213500976562
2008-06-26,570200,24.540000915527344,24.64999961853028,24.040000915527344,24.1299991607666,13.137317657470703
2008-06-25,511700,24.799999237060547,25.40999984741211,24.489999771118164,24.8700008392334,13.540203094482422
2008-06-24,355200,25.0,25.1299991607666,24.43000030517578,24.790000915527344,13.496649742126465
2008-06-23,409200,26.170000076293945,26.36000061035156,25.040000915527344,25.040000915527344,13.632762908935549
2008-06-20,502800,25.809999465942383,26.700000762939453,25.809999465942383,25.959999084472656,14.133639335632324
2008-06-19,309300,25.6200008392334,26.700000762939453,25.6200008392334,26.690000534057617,14.531087875366213
2008-06-18,375900,26.64999961853028,26.64999961853028,25.700000762939453,25.799999237060547,14.04653263092041
2008-06-17,467100,27.729999542236328,27.729999542236328,26.540000915527344,26.540000915527344,14.449419975280762
2008-06-16,318000,26.89999961853028,27.770000457763672,26.89999961853028,27.770000457763672,15.119077682495115
2008-06-13,355900,26.600000381469727,27.07999992370605,26.36000061035156,27.07999992370605,14.743413925170898
2008-06-12,411600,26.11000061035156,26.71999931335449,26.01000022888184,26.39999961853028,14.373194694519045
2008-06-11,343400,26.06999969482422,26.309999465942383,25.520000457763672,25.780000686645508,14.035645484924316
2008-06-10,409900,25.489999771118164,26.21999931335449,25.1299991607666,26.170000076293945,14.247976303100586
2008-06-09,447900,26.90999984741211,27.1200008392334,25.559999465942383,25.63999938964844,13.959423065185549
2008-06-06,418600,27.68000030517578,27.770000457763672,26.8799991607666,26.950000762939453,14.672637939453123
2008-06-05,255300,26.989999771118164,27.93000030517578,26.979999542236328,27.88999938964844,15.184412956237791
2008-06-04,407100,26.520000457763672,27.290000915527344,26.3799991607666,27.07999992370605,14.743413925170898
2008-06-03,462900,26.799999237060547,27.030000686645508,26.350000381469727,26.75,14.563753128051758
2008-06-02,437000,26.270000457763672,26.739999771118164,26.200000762939453,26.68000030517578,14.525640487670898
2008-05-30,312200,26.63999938964844,26.790000915527344,26.18000030517578,26.549999237060547,14.454862594604492
2008-05-29,253300,26.43000030517578,26.850000381469727,26.209999084472656,26.799999237060547,14.590975761413574
2008-05-28,278500,26.31999969482422,26.57999992370605,26.13999938964844,26.38999938964844,14.367755889892578
2008-05-27,319500,25.64999961853028,26.40999984741211,25.64999961853028,26.270000457763672,14.302422523498535
2008-05-23,252500,25.38999938964844,25.84000015258789,25.239999771118164,25.71999931335449,14.002972602844238
2008-05-22,357300,25.739999771118164,25.979999542236328,25.479999542236328,25.600000381469727,13.93764591217041
2008-05-21,482500,26.3700008392334,26.6200008392334,25.65999984741211,25.739999771118164,14.013867378234863
2008-05-20,280100,26.46999931335449,26.75,26.1299991607666,26.31999969482422,14.329644203186035
2008-05-19,378400,27.13999938964844,27.21999931335449,26.57999992370605,26.770000457763672,14.574637413024902
2008-05-16,780400,27.39999961853028,27.88999938964844,26.61000061035156,27.100000381469727,14.754302978515623
2008-05-15,294800,27.559999465942383,28.299999237060547,27.0,28.229999542236328,15.36952304840088
2008-05-14,339000,27.46999931335449,27.989999771118164,27.3700008392334,27.709999084472656,15.086407661437988
2008-05-13,519000,28.43000030517578,28.43000030517578,27.36000061035156,27.59000015258789,15.021080017089844
2008-05-12,418800,27.8799991607666,28.51000022888184,27.51000022888184,28.51000022888184,15.312352180480955
2008-05-09,348200,27.01000022888184,27.86000061035156,26.89999961853028,27.59000015258789,14.818233489990234
2008-05-08,686000,26.850000381469727,27.479999542236328,26.549999237060547,27.479999542236328,14.759151458740234
2008-05-07,715500,27.530000686645508,27.530000686645508,26.76000022888184,27.059999465942383,14.533576011657717
2008-05-06,568400,28.39999961853028,28.6299991607666,26.96999931335449,28.290000915527344,15.194199562072754
2008-05-05,342400,28.229999542236328,28.450000762939453,27.809999465942383,28.36000061035156,15.23179531097412
2008-05-02,651700,29.450000762939453,29.88999938964844,28.290000915527344,28.38999938964844,15.247905731201172
2008-05-01,349500,28.440000534057617,29.3799991607666,28.07999992370605,29.170000076293945,15.666833877563477
2008-04-30,467900,28.64999961853028,29.170000076293945,28.07999992370605,28.32999992370605,15.21567440032959
2008-04-29,335600,29.030000686645508,29.09000015258789,28.280000686645508,28.65999984741211,15.392916679382324
2008-04-28,243700,29.18000030517578,29.229999542236328,28.65999984741211,29.229999542236328,15.699056625366213
2008-04-25,256600,29.06999969482422,29.43000030517578,28.440000534057617,29.32999992370605,15.752768516540527
2008-04-24,316500,27.790000915527344,29.0,27.6299991607666,29.0,15.575531005859377
2008-04-23,251100,27.61000061035156,28.270000457763672,27.40999984741211,27.81999969482422,14.94176197052002
2008-04-22,307300,27.530000686645508,27.90999984741211,27.1200008392334,27.5,14.769898414611816
2008-04-21,273300,27.59000015258789,27.979999542236328,27.489999771118164,27.71999931335449,14.888053894042969
2008-04-18,440300,28.46999931335449,28.6200008392334,27.71999931335449,27.8700008392334,14.968621253967283
2008-04-17,429300,28.01000022888184,28.36000061035156,27.790000915527344,28.200000762939453,15.14586067199707
2008-04-16,585600,27.38999938964844,28.280000686645508,27.09000015258789,28.190000534057617,15.140485763549805
2008-04-15,292500,26.950000762939453,27.290000915527344,26.709999084472656,27.09000015258789,14.549690246582031
2008-04-14,258800,27.01000022888184,27.5,26.790000915527344,26.81999969482422,14.404674530029297
2008-04-11,297600,27.049999237060547,27.46999931335449,26.709999084472656,27.06999969482422,14.53895092010498
2008-04-10,530500,27.170000076293945,27.57999992370605,26.59000015258789,27.38999938964844,14.7108154296875
2008-04-09,469800,27.76000022888184,27.81999969482422,26.96999931335449,27.1200008392334,14.565803527832031
2008-04-08,567800,28.200000762939453,28.239999771118164,27.57999992370605,27.799999237060547,14.931018829345703
2008-04-07,822600,28.5,28.5,27.96999931335449,28.200000762939453,15.14586067199707
2008-04-04,664800,28.450000762939453,28.770000457763672,28.020000457763672,28.14999961853028,15.11900234222412
2008-04-03,657600,26.940000534057617,28.489999771118164,26.780000686645508,28.479999542236328,15.296244621276855
2008-04-02,491100,27.290000915527344,27.3700008392334,26.559999465942383,27.1299991607666,14.571176528930664
2008-04-01,731200,26.40999984741211,27.25,26.3799991607666,27.25,14.635625839233398
2008-03-31,661100,26.200000762939453,27.06999969482422,26.100000381469727,26.14999961853028,14.044829368591309
2008-03-28,594400,26.190000534057617,26.40999984741211,25.790000915527344,26.14999961853028,14.044829368591309
2008-03-27,498000,26.34000015258789,26.979999542236328,26.01000022888184,26.229999542236328,14.08779525756836
2008-03-26,978700,26.59000015258789,26.600000381469727,25.89999961853028,26.21999931335449,14.082425117492676
2008-03-25,462800,26.84000015258789,26.84000015258789,26.01000022888184,26.770000457763672,14.37781810760498
2008-03-24,612700,26.209999084472656,26.959999084472656,26.020000457763672,26.780000686645508,14.383193016052246
2008-03-20,1090700,25.729999542236328,26.270000457763672,25.39999961853028,26.15999984741211,14.050200462341309
2008-03-19,541700,26.190000534057617,26.46999931335449,25.270000457763672,25.350000381469727,13.615159034729004
2008-03-18,993500,25.59000015258789,26.18000030517578,25.299999237060547,26.06999969482422,14.001859664916992
2008-03-17,638200,23.64999961853028,25.38999938964844,23.64999961853028,25.049999237060547,13.454036712646484
2008-03-14,930700,24.3700008392334,25.09000015258789,23.06999969482422,24.38999938964844,13.099556922912598
2008-03-13,564300,24.100000381469727,24.440000534057617,23.690000534057617,24.200000762939453,12.997509956359863
2008-03-12,448300,24.82999992370605,25.299999237060547,24.34000015258789,24.450000762939453,13.131781578063965
2008-03-11,689800,23.82999992370605,24.59000015258789,23.459999084472656,24.59000015258789,13.206974029541016
2008-03-10,359700,23.299999237060547,23.46999931335449,23.040000915527344,23.1299991607666,12.42282485961914
2008-03-07,565500,22.32999992370605,23.440000534057617,22.200000762939453,23.239999771118164,12.481907844543455
2008-03-06,479000,23.21999931335449,23.32999992370605,22.65999984741211,22.65999984741211,12.170391082763672
2008-03-05,547400,23.940000534057617,24.229999542236328,23.1299991607666,23.299999237060547,12.514132499694824
2008-03-04,722600,24.040000915527344,24.309999465942383,23.6299991607666,24.0,12.890090942382812
2008-03-03,895800,23.75,24.549999237060547,23.299999237060547,24.34000015258789,13.072701454162598
2008-02-29,627000,23.3700008392334,23.8700008392334,23.21999931335449,23.790000915527344,12.777304649353027
2008-02-28,551800,24.0,24.0,23.38999938964844,23.6299991607666,12.691373825073242
2008-02-27,581800,24.32999992370605,24.96999931335449,23.729999542236328,24.209999084472656,13.002883911132812
2008-02-26,1335200,25.6299991607666,25.6299991607666,24.38999938964844,24.61000061035156,13.217716217041016
2008-02-25,662100,24.56999969482422,25.13999938964844,24.21999931335449,25.13999938964844,13.502371788024902
2008-02-22,511800,24.040000915527344,24.549999237060547,23.549999237060547,24.549999237060547,13.185492515563965
2008-02-21,495100,24.68000030517578,25.0,23.93000030517578,23.96999931335449,12.873978614807127
2008-02-20,617300,24.0,24.90999984741211,23.850000381469727,24.600000381469727,13.212347984313965
2008-02-19,431600,24.34000015258789,24.51000022888184,23.93000030517578,24.21999931335449,13.008248329162598
2008-02-15,371500,23.36000061035156,24.13999938964844,23.309999465942383,24.13999938964844,12.965286254882812
2008-02-14,431900,24.229999542236328,24.309999465942383,23.43000030517578,23.549999237060547,12.64840030670166
2008-02-13,566100,25.0,25.0,23.65999984741211,24.14999961853028,12.970651626586914
2008-02-12,532700,24.540000915527344,25.11000061035156,24.32999992370605,24.93000030517578,13.182806015014648
2008-02-11,431200,25.239999771118164,25.43000030517578,24.25,24.3700008392334,12.88668155670166
2008-02-08,563700,25.459999084472656,25.959999084472656,24.8700008392334,25.18000030517578,13.315004348754885
2008-02-07,684700,24.809999465942383,25.57999992370605,24.559999465942383,25.559999465942383,13.515946388244627
2008-02-06,557500,25.600000381469727,26.209999084472656,24.809999465942383,24.850000381469727,13.140501976013184
2008-02-05,737200,25.959999084472656,26.290000915527344,25.270000457763672,25.290000915527344,13.373167991638184
2008-02-04,1007100,26.350000381469727,26.6200008392334,25.11000061035156,26.450000762939453,13.986570358276367
2008-02-01,709200,25.979999542236328,26.459999084472656,25.780000686645508,26.3799991607666,13.949551582336426
2008-01-31,724700,24.799999237060547,26.11000061035156,24.65999984741211,25.82999992370605,13.658714294433594
2008-01-30,531300,25.57999992370605,25.81999969482422,24.770000457763672,24.950000762939453,13.19338035583496
2008-01-29,466700,26.11000061035156,26.11000061035156,25.170000076293945,25.709999084472656,13.595259666442873
2008-01-28,492600,25.26000022888184,25.89999961853028,24.81999969482422,25.89999961853028,13.695734977722168
2008-01-25,454000,26.14999961853028,26.479999542236328,25.020000457763672,25.26000022888184,13.357304573059082
2008-01-24,746400,26.43000030517578,26.43000030517578,24.709999084472656,25.82999992370605,13.658714294433594
2008-01-23,855200,23.93000030517578,26.239999771118164,23.93000030517578,26.059999465942383,13.780341148376465
2008-01-22,853300,22.96999931335449,25.43000030517578,22.809999465942383,24.549999237060547,12.98186492919922
2008-01-18,956200,23.81999969482422,24.6299991607666,23.600000381469727,23.8799991607666,12.627571105957031
2008-01-17,454500,24.25,24.63999938964844,23.68000030517578,23.950000762939453,12.66458797454834
2008-01-16,574000,23.6299991607666,24.76000022888184,23.489999771118164,24.209999084472656,12.802078247070312
2008-01-15,590800,23.84000015258789,24.280000686645508,23.489999771118164,23.739999771118164,12.553537368774414
2008-01-14,591400,24.530000686645508,24.790000915527344,23.75,24.270000457763672,12.833803176879885
2008-01-11,513400,24.280000686645508,24.540000915527344,23.600000381469727,24.100000381469727,12.743903160095217
2008-01-10,861700,23.1299991607666,25.049999237060547,23.0,24.420000076293945,12.913116455078123
2008-01-09,516100,22.75,23.56999969482422,22.020000457763672,23.440000534057617,12.394906997680664
2008-01-08,391700,24.229999542236328,24.809999465942383,22.82999992370605,22.84000015258789,12.077628135681152
2008-01-07,442200,23.739999771118164,24.520000457763672,23.09000015258789,24.040000915527344,12.71218204498291
2008-01-04,451900,24.0,24.11000061035156,23.5,23.57999992370605,12.468936920166016
2008-01-03,329900,25.200000762939453,25.559999465942383,24.1299991607666,24.170000076293945,12.780924797058104
2008-01-02,336400,25.309999465942383,25.82999992370605,24.809999465942383,25.15999984741211,13.304423332214355
2007-12-31,372200,24.71999931335449,25.450000762939453,24.440000534057617,25.38999938964844,13.426048278808594
2007-12-28,346500,25.3799991607666,25.8700008392334,24.43000030517578,24.8799991607666,13.156362533569336
2007-12-27,527100,25.809999465942383,26.299999237060547,25.459999084472656,25.489999771118164,13.478926658630373
2007-12-26,332500,26.209999084472656,26.65999984741211,25.700000762939453,26.15999984741211,13.833222389221191
2007-12-24,191900,25.600000381469727,26.61000061035156,25.559999465942383,26.61000061035156,14.071179389953612
2007-12-21,770600,25.34000015258789,25.989999771118164,25.1299991607666,25.799999237060547,13.642855644226074
2007-12-20,288600,24.780000686645508,25.0,23.8700008392334,24.989999771118164,13.214531898498535
2007-12-19,350600,24.36000061035156,24.6299991607666,23.8799991607666,24.56999969482422,12.992437362670898
2007-12-18,718200,23.209999084472656,24.700000762939453,23.209999084472656,24.440000534057617,12.923694610595703
2007-12-17,423000,23.57999992370605,23.57999992370605,22.850000381469727,23.020000457763672,12.172808647155762
2007-12-14,415200,24.540000915527344,24.93000030517578,23.729999542236328,23.780000686645508,12.574692726135254
2007-12-13,378500,24.700000762939453,24.84000015258789,24.239999771118164,24.63999938964844,13.029452323913574
2007-12-12,979900,25.989999771118164,26.270000457763672,24.5,24.96999931335449,13.203954696655272
2007-12-11,778900,26.76000022888184,26.89999961853028,25.040000915527344,25.31999969482422,13.389037132263184
2007-12-10,328300,26.71999931335449,26.989999771118164,26.26000022888184,26.68000030517578,14.10818862915039
2007-12-07,350400,26.40999984741211,26.940000534057617,26.31999969482422,26.549999237060547,14.03944969177246
2007-12-06,397500,25.170000076293945,26.38999938964844,25.13999938964844,26.38999938964844,13.954833984375
2007-12-05,339200,24.76000022888184,25.270000457763672,24.59000015258789,25.270000457763672,13.362594604492188
2007-12-04,368200,24.979999542236328,25.14999961853028,24.15999984741211,24.440000534057617,12.923694610595703
2007-12-03,419100,25.670000076293945,25.670000076293945,25.049999237060547,25.15999984741211,13.304423332214355
2007-11-30,679100,25.93000030517578,26.38999938964844,25.209999084472656,25.43000030517578,13.447199821472168
2007-11-29,328800,25.07999992370605,25.5,24.57999992370605,25.239999771118164,13.34672737121582
2007-11-28,591300,24.040000915527344,25.26000022888184,23.729999542236328,25.190000534057617,13.32028865814209
2007-11-27,518400,22.8700008392334,23.729999542236328,22.71999931335449,23.729999542236328,12.548248291015623
2007-11-26,618700,24.049999237060547,24.100000381469727,22.780000686645508,22.8700008392334,12.093491554260254
2007-11-23,141400,23.93000030517578,24.43000030517578,23.65999984741211,24.14999961853028,12.770346641540527
2007-11-21,380500,23.07999992370605,23.950000762939453,22.82999992370605,23.790000915527344,12.579980850219728
2007-11-20,550700,24.030000686645508,24.5,22.89999961853028,23.450000762939453,12.400187492370604
2007-11-19,368800,24.14999961853028,24.43000030517578,23.540000915527344,23.93000030517578,12.654011726379396
2007-11-16,416900,24.86000061035156,25.049999237060547,23.989999771118164,24.5,12.955427169799805
2007-11-15,391300,24.989999771118164,25.14999961853028,24.190000534057617,24.809999465942383,13.119343757629396
2007-11-14,333700,25.76000022888184,25.8799991607666,25.01000022888184,25.15999984741211,13.304423332214355
2007-11-13,654400,24.799999237060547,25.739999771118164,24.39999961853028,25.64999961853028,13.5635347366333
2007-11-12,554300,24.229999542236328,25.170000076293945,24.209999084472656,24.6200008392334,12.815290451049805
2007-11-09,703700,23.76000022888184,24.59000015258789,23.46999931335449,24.209999084472656,12.60187530517578
2007-11-08,818400,23.43000030517578,24.309999465942383,23.14999961853028,24.13999938964844,12.565443992614746
2007-11-07,800400,23.84000015258789,23.989999771118164,23.200000762939453,23.450000762939453,12.206278800964355
2007-11-06,816600,25.489999771118164,25.489999771118164,23.5,24.31999969482422,12.659135818481444
2007-11-05,657200,24.6200008392334,24.920000076293945,24.200000762939453,24.63999938964844,12.825701713562012
2007-11-02,787000,25.26000022888184,25.26000022888184,24.0,24.68000030517578,12.846521377563477
2007-11-01,768900,26.200000762939453,26.34000015258789,25.239999771118164,25.32999992370605,13.184863090515137
2007-10-31,621200,26.01000022888184,26.959999084472656,25.790000915527344,26.440000534057617,13.76264476776123
2007-10-30,383000,25.239999771118164,25.8700008392334,25.239999771118164,25.850000381469727,13.455535888671877
2007-10-29,243400,25.440000534057617,25.65999984741211,25.229999542236328,25.39999961853028,13.221301078796388
2007-10-26,391500,25.479999542236328,25.600000381469727,25.13999938964844,25.39999961853028,13.221301078796388
2007-10-25,426500,25.18000030517578,25.700000762939453,24.43000030517578,25.040000915527344,13.033912658691406
2007-10-24,682400,25.170000076293945,25.3799991607666,24.6200008392334,25.049999237060547,13.039119720458984
2007-10-23,381800,25.68000030517578,25.75,25.049999237060547,25.40999984741211,13.226505279541016
2007-10-22,531400,24.350000381469727,25.690000534057617,24.309999465942383,25.530000686645508,13.28896713256836
2007-10-19,786200,26.739999771118164,26.739999771118164,24.63999938964844,24.850000381469727,12.935016632080078
2007-10-18,350500,25.979999542236328,26.11000061035156,25.3799991607666,25.850000381469727,13.455535888671877
2007-10-17,574400,26.280000686645508,26.290000915527344,25.59000015258789,26.100000381469727,13.58566665649414
2007-10-16,748300,25.950000762939453,26.06999969482422,24.86000061035156,25.989999771118164,13.52840805053711
2007-10-15,748000,26.950000762939453,26.950000762939453,25.93000030517578,26.1299991607666,13.60128116607666
2007-10-12,419100,27.270000457763672,27.309999465942383,26.76000022888184,26.799999237060547,13.950032234191896
2007-10-11,479300,27.13999938964844,27.520000457763672,26.96999931335449,27.190000534057617,14.153038024902344
2007-10-10,328200,27.32999992370605,27.5,27.07999992370605,27.15999984741211,14.137422561645508
2007-10-09,399900,27.25,27.459999084472656,26.780000686645508,27.459999084472656,14.293580055236816
2007-10-08,304700,27.280000686645508,27.280000686645508,26.93000030517578,27.200000762939453,14.158246994018556
2007-10-05,950700,27.39999961853028,27.690000534057617,26.88999938964844,27.280000686645508,14.1998872756958
2007-10-04,613900,27.309999465942383,27.38999938964844,26.90999984741211,27.06999969482422,14.090574264526367
2007-10-03,510000,27.39999961853028,27.39999961853028,26.75,27.0,14.05413818359375
2007-10-02,718200,27.670000076293945,27.76000022888184,27.06999969482422,27.5,14.314398765563965
2007-10-01,715700,26.76000022888184,27.43000030517578,26.530000686645508,27.299999237060547,14.210294723510742
2007-09-28,374000,26.71999931335449,26.799999237060547,26.36000061035156,26.65999984741211,13.877158164978027
2007-09-27,570200,26.559999465942383,26.64999961853028,26.309999465942383,26.6299991607666,13.86154556274414
2007-09-26,1025400,25.75,26.600000381469727,25.75,26.290000915527344,13.68456745147705
2007-09-25,865100,27.18000030517578,27.299999237060547,26.100000381469727,26.299999237060547,13.689773559570312
2007-09-24,447100,27.0,27.3700008392334,26.709999084472656,27.25,14.18426513671875
2007-09-21,2112500,26.799999237060547,27.670000076293945,26.36000061035156,27.0,14.05413818359375
2007-09-20,427600,26.530000686645508,26.6299991607666,26.1200008392334,26.51000022888184,13.799080848693848
2007-09-19,961800,26.39999961853028,26.950000762939453,26.26000022888184,26.5,13.793869018554688
2007-09-18,725500,26.350000381469727,26.559999465942383,25.950000762939453,26.39999961853028,13.741822242736816
2007-09-17,841700,25.38999938964844,26.13999938964844,25.3799991607666,25.700000762939453,13.377460479736328
2007-09-14,282200,24.86000061035156,25.559999465942383,24.739999771118164,25.549999237060547,13.299376487731934
2007-09-13,376600,24.700000762939453,25.59000015258789,24.6299991607666,25.18000030517578,13.106783866882324
2007-09-12,490200,24.07999992370605,24.93000030517578,23.989999771118164,24.6299991607666,12.8204984664917
2007-09-11,588400,23.32999992370605,24.520000457763672,23.200000762939453,24.21999931335449,12.60708713531494
2007-09-10,604700,23.6200008392334,23.68000030517578,22.690000534057617,23.25,12.1021728515625
2007-09-07,527200,23.75,23.780000686645508,23.11000061035156,23.420000076293945,12.190666198730469
2007-09-06,441500,24.350000381469727,24.3700008392334,23.90999984741211,24.049999237060547,12.518599510192873
2007-09-05,608300,24.979999542236328,25.01000022888184,23.89999961853028,24.26000022888184,12.627903938293455
2007-09-04,368700,24.90999984741211,25.420000076293945,24.600000381469727,25.209999084472656,13.12239933013916
2007-08-31,706300,24.600000381469727,25.280000686645508,24.489999771118164,24.96999931335449,12.997477531433104
2007-08-30,371900,23.8700008392334,24.5,23.780000686645508,24.1299991607666,12.560233116149902
2007-08-29,516000,23.61000061035156,24.18000030517578,23.489999771118164,24.15999984741211,12.575850486755373
2007-08-28,431900,23.75,23.8700008392334,23.479999542236328,23.56999969482422,12.268743515014648
2007-08-27,344000,24.420000076293945,24.59000015258789,23.82999992370605,23.989999771118164,12.487363815307615
2007-08-24,303200,24.420000076293945,24.770000457763672,24.14999961853028,24.59000015258789,12.799677848815918
2007-08-23,496100,24.940000534057617,25.170000076293945,24.39999961853028,24.61000061035156,12.810087203979492
2007-08-22,544700,25.11000061035156,25.5,24.34000015258789,24.790000915527344,12.903778076171877
2007-08-21,449200,24.729999542236328,25.01000022888184,24.5,24.84000015258789,12.929805755615234
2007-08-20,537500,25.0,25.46999931335449,24.5,24.8700008392334,12.945426940917969
2007-08-17,1234100,24.86000061035156,25.26000022888184,24.600000381469727,24.84000015258789,12.929805755615234
2007-08-16,1297500,22.850000381469727,24.1299991607666,22.809999465942383,24.020000457763672,12.502981185913086
2007-08-15,720400,23.700000762939453,24.520000457763672,23.0,23.11000061035156,12.029301643371582
2007-08-14,755500,24.07999992370605,24.40999984741211,23.6200008392334,23.690000534057617,12.331206321716309
2007-08-13,604900,24.450000762939453,24.940000534057617,23.709999084472656,24.07999992370605,12.534207344055176
2007-08-10,952100,24.15999984741211,25.770000457763672,24.030000686645508,24.709999084472656,12.661742210388184
2007-08-09,966400,22.40999984741211,26.1200008392334,18.0,24.75,12.68223476409912
2007-08-08,1179500,23.809999465942383,25.520000457763672,23.64999961853028,24.64999961853028,12.63099193572998
2007-08-07,1184200,22.8700008392334,23.530000686645508,22.3700008392334,23.239999771118164,11.908490180969238
2007-08-06,1147000,23.0,23.0,21.21999931335449,22.8700008392334,11.71889877319336
2007-08-03,795700,23.100000381469727,23.100000381469727,22.059999465942383,22.13999938964844,11.34483242034912
2007-08-02,1137400,23.530000686645508,23.790000915527344,22.75,23.14999961853028,11.862377166748049
2007-08-01,1195300,22.63999938964844,24.13999938964844,22.34000015258789,23.530000686645508,12.057088851928713
2007-07-31,1062900,23.850000381469727,24.34000015258789,23.0,23.21999931335449,11.898240089416504
2007-07-30,794700,23.84000015258789,24.549999237060547,23.13999938964844,24.11000061035156,12.354284286499023
2007-07-27,918600,24.09000015258789,25.01000022888184,23.64999961853028,23.850000381469727,12.221062660217283
2007-07-26,1049300,24.71999931335449,25.229999542236328,24.229999542236328,24.979999542236328,12.800089836120604
2007-07-25,651500,25.100000381469727,25.64999961853028,24.920000076293945,25.34000015258789,12.9845609664917
2007-07-24,809700,25.739999771118164,25.739999771118164,24.989999771118164,25.049999237060547,12.835959434509276
2007-07-23,329000,26.739999771118164,26.8700008392334,26.059999465942383,26.059999465942383,13.353495597839355
2007-07-20,429600,27.209999084472656,27.209999084472656,26.420000076293945,26.670000076293945,13.666065216064451
2007-07-19,273600,27.450000762939453,27.71999931335449,27.229999542236328,27.270000457763672,13.973520278930664
2007-07-18,446400,27.01000022888184,27.39999961853028,26.799999237060547,27.31999969482422,13.999136924743652
2007-07-17,288400,27.5,27.700000762939453,27.059999465942383,27.1200008392334,13.896655082702637
2007-07-16,540600,27.850000381469727,28.11000061035156,27.59000015258789,27.59000015258789,14.137495994567873
2007-07-13,475400,27.209999084472656,28.01000022888184,27.11000061035156,27.84000015258789,14.26559352874756
2007-07-12,370600,27.26000022888184,27.51000022888184,27.020000457763672,27.46999931335449,14.07600212097168
2007-07-11,413600,27.299999237060547,27.3799991607666,26.920000076293945,27.100000381469727,13.886409759521484
2007-07-10,518700,28.01000022888184,28.15999984741211,27.290000915527344,27.36000061035156,14.019635200500488
2007-07-09,414200,28.690000534057617,28.700000762939453,28.200000762939453,28.3700008392334,14.537172317504885
2007-07-06,317600,28.600000381469727,29.030000686645508,28.3799991607666,28.700000762939453,14.706270217895508
2007-07-05,543700,28.540000915527344,29.06999969482422,28.540000915527344,28.600000381469727,14.655028343200684
2007-07-03,371900,28.770000457763672,28.850000381469727,28.3799991607666,28.459999084472656,14.583284378051758
2007-07-02,448400,27.86000061035156,28.809999465942383,27.670000076293945,28.770000457763672,14.742141723632812
2007-06-29,661800,28.030000686645508,28.270000457763672,27.75,27.780000686645508,14.234844207763672
2007-06-28,594900,28.190000534057617,28.36000061035156,27.86000061035156,27.86000061035156,14.275838851928713
2007-06-27,708400,27.420000076293945,28.43000030517578,27.200000762939453,28.14999961853028,14.424439430236816
2007-06-26,467600,28.059999465942383,28.1299991607666,27.61000061035156,27.75,14.219477653503418
2007-06-25,554900,28.700000762939453,28.82999992370605,27.81999969482422,27.89999961853028,14.29633903503418
2007-06-22,867800,28.6299991607666,29.059999465942383,28.600000381469727,28.780000686645508,14.747265815734863
2007-06-21,723600,28.200000762939453,28.81999969482422,27.850000381469727,28.770000457763672,14.742141723632812
2007-06-20,813700,28.71999931335449,29.049999237060547,28.31999969482422,28.34000015258789,14.52180004119873
2007-06-19,789000,28.75,29.1200008392334,28.739999771118164,29.0,14.859996795654297
2007-06-18,417100,29.32999992370605,29.459999084472656,28.89999961853028,28.89999961853028,14.80875301361084
2007-06-15,836700,29.68000030517578,30.030000686645508,28.96999931335449,29.309999465942383,15.018843650817873
2007-06-14,409400,29.40999984741211,29.6299991607666,29.030000686645508,29.1299991607666,14.926608085632324
2007-06-13,908800,29.11000061035156,29.38999938964844,28.56999969482422,29.34000015258789,15.03421115875244
2007-06-12,765800,29.549999237060547,29.549999237060547,29.049999237060547,29.11000061035156,14.916358947753906
2007-06-11,646900,30.3700008392334,30.3799991607666,29.8799991607666,29.920000076293945,15.331411361694336
2007-06-08,501100,30.270000457763672,30.76000022888184,30.25,30.530000686645508,15.643985748291016
2007-06-07,687900,31.18000030517578,31.18000030517578,30.32999992370605,30.39999961853028,15.577367782592772
2007-06-06,736500,31.46999931335449,31.709999084472656,31.21999931335449,31.3799991607666,16.07953453063965
2007-06-05,903200,32.540000915527344,32.540000915527344,31.700000762939453,31.780000686645508,16.284496307373047
2007-06-04,646500,32.939998626708984,33.119998931884766,32.540000915527344,32.939998626708984,16.878902435302734
2007-06-01,973100,33.09000015258789,33.58000183105469,32.880001068115234,32.939998626708984,16.878902435302734
2007-05-31,788000,32.810001373291016,32.95000076293945,32.540000915527344,32.77000045776367,16.79179573059082
2007-05-30,540000,31.3700008392334,32.619998931884766,31.350000381469727,32.619998931884766,16.714923858642578
2007-05-29,515300,30.809999465942383,31.64999961853028,30.809999465942383,31.520000457763672,16.151277542114258
2007-05-25,429800,30.25,30.809999465942383,30.18000030517578,30.5,15.628617286682127
2007-05-24,1212100,31.049999237060547,31.049999237060547,29.809999465942383,30.13999938964844,15.44414520263672
2007-05-23,919200,31.81999969482422,32.119998931884766,30.61000061035156,31.020000457763672,15.895071029663086
2007-05-22,576900,31.420000076293945,31.979999542236328,31.229999542236328,31.809999465942383,16.299875259399414
2007-05-21,573600,31.11000061035156,32.029998779296875,30.950000762939453,31.39999961853028,16.08978271484375
2007-05-18,917800,31.5,31.5,30.64999961853028,31.170000076293945,15.971927642822266
2007-05-17,541000,31.799999237060547,31.809999465942383,31.280000686645508,31.5,16.141023635864258
2007-05-16,497300,32.619998931884766,32.619998931884766,31.850000381469727,32.15999984741211,16.479219436645508
2007-05-15,593500,33.13999938964844,33.279998779296875,32.380001068115234,32.650001525878906,16.730302810668945
2007-05-14,551200,33.150001525878906,33.56999969482422,32.939998626708984,33.130001068115234,16.976259231567383
2007-05-11,382200,32.86000061035156,33.34000015258789,32.470001220703125,33.2400016784668,17.032630920410156
2007-05-10,462700,33.900001525878906,34.25,33.52000045776367,33.52000045776367,16.837905883789062
2007-05-09,462900,33.25,34.25,33.25,34.189998626708984,17.174467086791992
2007-05-08,378800,33.06999969482422,33.54999923706055,32.630001068115234,33.400001525878906,16.777629852294922
2007-05-07,605600,33.0,33.66999816894531,32.810001373291016,33.209999084472656,16.682186126708984
2007-05-04,501500,33.27000045776367,33.27000045776367,32.75,33.029998779296875,16.59177017211914
2007-05-03,731800,34.0099983215332,34.150001525878906,33.29999923706055,33.41999816894531,16.787675857543945
2007-05-02,477900,34.369998931884766,34.5,33.54999923706055,34.0099983215332,17.08404541015625
2007-05-01,823200,34.0,34.099998474121094,33.16999816894531,33.56999969482422,16.863021850585938
2007-04-30,482000,34.56999969482422,34.68000030517578,33.939998626708984,34.060001373291016,17.10916519165039
2007-04-27,410300,34.470001220703125,34.880001068115234,34.470001220703125,34.560001373291016,17.360328674316406
2007-04-26,776500,34.529998779296875,34.720001220703125,34.310001373291016,34.5,17.330188751220703
2007-04-25,417800,34.72999954223633,34.810001373291016,34.400001525878906,34.59000015258789,17.37540054321289
2007-04-24,660300,34.52000045776367,34.900001525878906,34.11000061035156,34.619998931884766,17.39046859741211
2007-04-23,750700,34.130001068115234,34.63999938964844,34.02000045776367,34.52000045776367,17.34023666381836
2007-04-20,636800,34.84000015258789,34.869998931884766,34.119998931884766,34.29999923706055,17.229721069335938
2007-04-19,948400,33.79999923706055,34.36000061035156,33.7400016784668,34.16999816894531,17.164419174194336
2007-04-18,1171800,34.52000045776367,34.540000915527344,34.06999969482422,34.36000061035156,17.259864807128906
2007-04-17,736600,34.470001220703125,34.540000915527344,34.04999923706055,34.540000915527344,17.350284576416016
2007-04-16,385500,34.720001220703125,34.900001525878906,34.31999969482422,34.470001220703125,17.315113067626953
2007-04-13,925700,34.4900016784668,34.65999984741211,34.279998779296875,34.41999816894531,17.28999900817871
2007-04-12,884300,34.0,34.52000045776367,33.52000045776367,34.220001220703125,17.18953514099121
2007-04-11,578900,38.83000183105469,38.970001220703125,38.2400016784668,38.4900016784668,16.94841957092285
2007-04-10,376200,38.54999923706055,38.9900016784668,38.5,38.65999984741211,17.02327537536621
2007-04-09,240900,38.84999847412109,38.91999816894531,38.33000183105469,38.459999084472656,16.935209274291992
2007-04-05,322900,38.9900016784668,39.09999847412109,38.59000015258789,38.63999938964844,17.014469146728516
2007-04-04,490300,38.93000030517578,39.2599983215332,38.59999847412109,38.84000015258789,17.10253143310547
2007-04-03,538000,38.15999984741211,38.880001068115234,38.13999938964844,38.810001373291016,17.089324951171875
2007-04-02,427700,37.45000076293945,37.97999954223633,37.41999816894531,37.900001525878906,16.688629150390625
2007-03-30,416400,36.77999877929688,37.29999923706055,36.77999877929688,37.29999923706055,16.42442512512207
2007-03-29,576300,36.29999923706055,36.97999954223633,36.22999954223633,36.77999877929688,16.195444107055664
2007-03-28,516800,36.02000045776367,36.4900016784668,35.70000076293945,36.0,15.851987838745115
2007-03-27,389800,37.400001525878906,37.400001525878906,36.02000045776367,36.060001373291016,15.878410339355469
2007-03-26,407300,37.09999847412109,37.09999847412109,36.2400016784668,36.369998931884766,16.014909744262695
2007-03-23,186900,37.20000076293945,37.540000915527344,37.09999847412109,37.20000076293945,16.38038444519043
2007-03-22,219300,37.34000015258789,37.59999847412109,37.09000015258789,37.15999984741211,16.362777709960938
2007-03-21,336200,36.63999938964844,37.59999847412109,36.310001373291016,37.36000061035156,16.450847625732422
2007-03-20,269500,36.400001525878906,36.810001373291016,36.310001373291016,36.63999938964844,16.133811950683594
2007-03-19,389300,36.06999969482422,36.52000045776367,35.900001525878906,36.36000061035156,16.010509490966797
2007-03-16,615900,36.04999923706055,36.220001220703125,35.459999084472656,35.9900016784668,15.847588539123535
2007-03-15,502900,36.16999816894531,36.47999954223633,35.77000045776367,36.04999923706055,15.87400722503662
2007-03-14,707800,35.5,36.09000015258789,35.18000030517578,36.09000015258789,15.891621589660645
2007-03-13,338900,36.54999923706055,36.59999847412109,35.54999923706055,35.63999938964844,15.693474769592283
2007-03-12,405500,37.18000030517578,37.220001220703125,36.5099983215332,36.88999938964844,16.24388885498047
2007-03-09,507800,37.5,37.75,36.79999923706055,37.04999923706055,16.3143367767334
2007-03-08,474300,36.880001068115234,37.470001220703125,36.52000045776367,37.09999847412109,16.336355209350586
2007-03-07,2245500,36.02000045776367,37.0,36.0,36.630001068115234,16.12940216064453
2007-03-06,1201200,35.34000015258789,36.43000030517578,35.34000015258789,36.11000061035156,15.900428771972656
2007-03-05,854000,36.18999862670898,36.72999954223633,34.959999084472656,35.040000915527344,15.429266929626465
2007-03-02,361300,38.02000045776367,38.16999816894531,37.060001373291016,37.09999847412109,16.336355209350586
2007-03-01,377000,38.7400016784668,38.95000076293945,37.06999969482422,38.18000030517578,16.81191635131836
2007-02-28,712800,38.29999923706055,39.58000183105469,37.91999816894531,38.7400016784668,17.058502197265625
2007-02-27,908400,40.400001525878906,41.0,37.04999923706055,38.29999923706055,16.86475944519043
2007-02-26,294100,41.959999084472656,42.09999847412109,40.59999847412109,41.45000076293945,18.251808166503903
2007-02-23,163300,42.66999816894531,42.70000076293945,41.84999847412109,41.959999084472656,18.47637367248535
2007-02-22,165900,43.20000076293945,43.27999877929688,42.5,42.810001373291016,18.85065650939941
2007-02-21,187900,43.20000076293945,43.31999969482422,42.93999862670898,43.18000030517578,19.013578414916992
2007-02-20,279800,42.59999847412109,43.630001068115234,42.150001525878906,43.369998931884766,19.09724807739257
2007-02-16,235700,43.15999984741211,43.16999816894531,42.459999084472656,43.09999847412109,18.97835731506348
2007-02-15,207200,43.02000045776367,43.29999923706055,42.7599983215332,43.15999984741211,19.004772186279297
2007-02-14,378100,43.18000030517578,43.63999938964844,42.84999847412109,43.060001373291016,18.960750579833984
2007-02-13,392200,41.880001068115234,43.34999847412109,41.880001068115234,43.16999816894531,19.00917053222656
2007-02-12,329500,42.68999862670898,42.75,41.68000030517578,42.290000915527344,18.331064224243164
2007-02-09,528400,43.40999984741211,43.77000045776367,41.650001525878906,42.68999862670898,18.504451751708984
2007-02-08,170300,44.0,44.18999862670898,43.369998931884766,43.5099983215332,18.8598861694336
2007-02-07,365900,43.130001068115234,44.02000045776367,43.04999923706055,44.02000045776367,19.080949783325195
2007-02-06,164200,42.72999954223633,43.18000030517578,42.66999816894531,43.040000915527344,18.65616226196289
2007-02-05,268500,42.29999923706055,42.790000915527344,42.29999923706055,42.68999862670898,18.504451751708984
2007-02-02,244000,42.77999877929688,42.810001373291016,42.15999984741211,42.25,18.31372261047364
2007-02-01,180600,42.5,42.650001525878906,42.06999969482422,42.459999084472656,18.404754638671875
2007-01-31,269500,41.95000076293945,42.68999862670898,41.88999938964844,42.380001068115234,18.37007713317871
2007-01-30,202500,42.04999923706055,42.27999877929688,41.86000061035156,42.09999847412109,18.248708724975582
2007-01-29,249400,41.880001068115234,42.43000030517578,41.81999969482422,42.08000183105469,18.240036010742188
2007-01-26,200300,41.459999084472656,41.970001220703125,40.75,41.900001525878906,18.162010192871094
2007-01-25,283800,41.16999816894531,41.59000015258789,41.06999969482422,41.34000015258789,17.91927719116211
2007-01-24,209300,40.900001525878906,41.290000915527344,40.720001220703125,41.16999816894531,17.845590591430664
2007-01-23,170500,40.630001068115234,41.18999862670898,40.560001373291016,40.900001525878906,17.72855567932129
2007-01-22,190700,41.13999938964844,41.209999084472656,40.560001373291016,40.66999816894531,17.628862380981445
2007-01-19,207400,40.86000061035156,41.40999984741211,40.56999969482422,41.38999938964844,17.940950393676758
2007-01-18,231300,41.18999862670898,41.209999084472656,40.68999862670898,40.86000061035156,17.711212158203125
2007-01-17,241500,41.31999969482422,41.40999984741211,40.90999984741211,41.15999984741211,17.841249465942383
2007-01-16,240400,41.04999923706055,41.380001068115234,41.0,41.31999969482422,17.910606384277344
2007-01-12,178400,40.290000915527344,40.79999923706055,40.290000915527344,40.79999923706055,17.685209274291992
2007-01-11,176300,39.75,40.619998931884766,39.75,40.31999969482422,17.477148056030273
2007-01-10,139200,39.09999847412109,39.75,38.91999816894531,39.75,17.230073928833008
2007-01-09,197300,38.56999969482422,39.5099983215332,38.5,39.31999969482422,17.043689727783203
2007-01-08,169400,39.0,39.040000915527344,38.25,38.70000076293945,16.77494239807129
2007-01-05,213100,38.75,39.68000030517578,38.619998931884766,39.0,16.904979705810547
2007-01-04,262300,39.45000076293945,39.93000030517578,39.20000076293945,39.650001525878906,17.186729431152344
2007-01-03,331100,39.77999877929688,40.43999862670898,39.060001373291016,39.70000076293945,17.208402633666992
2006-12-29,168500,39.59999847412109,39.959999084472656,39.43000030517578,39.540000915527344,17.13904571533203
2006-12-28,105100,39.29999923706055,39.77000045776367,39.290000915527344,39.5099983215332,17.12604331970215
2006-12-27,151100,39.0,39.47999954223633,39.0,39.459999084472656,17.104373931884766
2006-12-26,143100,38.0,38.90999984741211,38.0,38.79999923706055,16.818286895751953
2006-12-22,187800,38.150001525878906,38.34999847412109,37.7599983215332,38.04999923706055,16.493192672729492
2006-12-21,274100,38.650001525878906,38.9900016784668,38.18000030517578,38.22999954223633,16.57122039794922
2006-12-20,405000,37.70000076293945,38.7400016784668,37.70000076293945,38.70000076293945,16.77494239807129
2006-12-19,206400,38.04999923706055,38.06999969482422,37.54999923706055,37.70000076293945,16.341482162475586
2006-12-18,125500,38.70000076293945,38.93000030517578,38.0,38.22999954223633,16.57122039794922
2006-12-15,442900,38.63999938964844,39.0,38.41999816894531,38.540000915527344,16.705589294433594
2006-12-14,206300,38.880001068115234,39.29999923706055,38.619998931884766,38.630001068115234,16.744598388671875
2006-12-13,230000,39.25,39.43000030517578,38.59000015258789,38.880001068115234,16.85295867919922
2006-12-12,185300,39.59999847412109,39.68999862670898,38.9900016784668,39.18999862670898,16.98733901977539
2006-12-11,171500,39.41999816894531,39.7400016784668,39.29999923706055,39.540000915527344,17.13904571533203
2006-12-08,244900,39.470001220703125,39.7400016784668,39.310001373291016,39.400001525878906,17.0783634185791
2006-12-07,189000,40.119998931884766,40.150001525878906,39.5,39.54999923706055,17.143383026123047
2006-12-06,169000,40.2599983215332,40.2599983215332,39.81999969482422,40.02000045776367,17.347108840942383
2006-12-05,243500,40.77000045776367,40.880001068115234,40.20000076293945,40.25,17.446805953979492
2006-12-04,336500,40.400001525878906,41.0,40.369998931884766,40.5099983215332,17.55950164794922
2006-12-01,188400,40.63999938964844,40.810001373291016,39.93000030517578,40.220001220703125,17.433805465698242
2006-11-30,249500,40.47999954223633,40.65999984741211,40.2400016784668,40.56999969482422,17.585512161254883
2006-11-29,307100,40.20000076293945,40.900001525878906,40.0,40.43000030517578,17.524829864501953
2006-11-28,171100,39.9900016784668,40.18000030517578,39.61000061035156,40.02999877929688,17.35144805908203
2006-11-27,357800,40.220001220703125,40.380001068115234,39.84999847412109,39.93999862670898,17.31243133544922
2006-11-24,36200,40.0,40.560001373291016,39.959999084472656,40.52999877929688,17.568174362182617
2006-11-22,129000,40.11000061035156,40.470001220703125,39.7599983215332,40.18999862670898,17.420795440673828
2006-11-21,141400,39.66999816894531,40.29999923706055,39.66999816894531,40.11000061035156,17.386119842529297
2006-11-20,210600,39.310001373291016,40.119998931884766,39.25,39.70000076293945,17.208402633666992
2006-11-17,255500,39.09000015258789,39.13999938964844,38.900001525878906,39.06999969482422,16.93531608581543
2006-11-16,998500,38.33000183105469,39.20000076293945,38.2599983215332,39.09999847412109,16.948320388793945
2006-11-15,144400,38.47999954223633,38.52999877929688,38.18000030517578,38.33000183105469,16.614561080932617
2006-11-14,206500,37.4900016784668,38.38999938964844,37.34999847412109,38.38999938964844,16.64057159423828
2006-11-13,421100,37.77000045776367,37.88999938964844,37.29999923706055,37.43000030517578,16.224441528320312
2006-11-10,272900,38.13999938964844,38.290000915527344,38.02000045776367,38.18000030517578,16.263458251953125
2006-11-09,164700,38.27999877929688,38.41999816894531,37.900001525878906,38.08000183105469,16.220857620239258
2006-11-08,172300,37.93999862670898,38.52000045776367,37.7599983215332,38.22999954223633,16.284757614135742
2006-11-07,217000,38.630001068115234,38.75,37.84999847412109,38.04999923706055,16.20808219909668
2006-11-06,485300,37.97999954223633,40.0,37.86000061035156,38.630001068115234,16.455142974853516
2006-11-03,480100,38.380001068115234,38.58000183105469,37.43000030517578,37.970001220703125,16.174001693725586
2006-11-02,383500,39.060001373291016,39.470001220703125,38.08000183105469,38.369998931884766,16.344385147094727
2006-11-01,401100,40.4900016784668,40.5,39.220001220703125,39.290000915527344,16.736282348632812
2006-10-31,200100,41.02999877929688,41.04999923706055,40.29999923706055,40.5,17.251707077026367
2006-10-30,179800,40.54999923706055,41.06999969482422,40.36000061035156,41.02999877929688,17.477466583251953
2006-10-27,306900,40.84999847412109,41.09999847412109,40.40999984741211,40.54999923706055,17.272998809814453
2006-10-26,215400,41.04999923706055,41.18000030517578,40.56999969482422,41.04999923706055,17.48598289489746
2006-10-25,180700,40.75,41.220001220703125,40.59999847412109,41.04999923706055,17.48598289489746
2006-10-24,197900,40.97999954223633,40.97999954223633,40.63999938964844,40.75,17.35818862915039
2006-10-23,275000,40.70000076293945,40.97999954223633,40.45000076293945,40.97999954223633,17.456167221069336
2006-10-20,186300,41.09999847412109,41.09999847412109,40.43999862670898,40.90999984741211,17.42634391784668
2006-10-19,291300,41.20000076293945,41.29999923706055,40.63999938964844,41.02999877929688,17.477466583251953
2006-10-18,462100,42.20000076293945,42.2400016784668,41.18000030517578,41.40999984741211,17.639333724975586
2006-10-17,645700,42.04999923706055,42.83000183105469,41.900001525878906,42.400001525878906,18.061038970947266
2006-10-16,198000,41.91999816894531,42.27999877929688,41.880001068115234,42.2400016784668,17.99288558959961
2006-10-13,404000,41.77999877929688,42.27999877929688,41.77999877929688,41.91999816894531,17.85657501220703
2006-10-12,284100,40.93999862670898,41.880001068115234,40.7599983215332,41.86000061035156,17.83102035522461
2006-10-11,166600,40.7599983215332,41.22999954223633,40.61000061035156,40.88999938964844,17.417831420898438
2006-10-10,234900,40.790000915527344,41.22999954223633,40.369998931884766,40.7599983215332,17.362449645996094
2006-10-09,183300,40.34999847412109,40.880001068115234,40.15999984741211,40.84999847412109,17.400787353515625
2006-10-06,460500,40.900001525878906,40.900001525878906,40.22999954223633,40.380001068115234,17.20058822631836
2006-10-05,276300,40.0,40.900001525878906,40.0,40.900001525878906,17.422090530395508
2006-10-04,302400,39.5,40.09999847412109,39.43999862670898,40.09000015258789,17.077056884765625
2006-10-03,356300,38.61000061035156,39.59999847412109,38.54999923706055,39.4900016784668,16.821474075317383
2006-10-02,575400,38.45000076293945,39.310001373291016,38.08000183105469,38.77000045776367,16.51478385925293
2006-09-29,518000,38.34999847412109,38.790000915527344,38.220001220703125,38.40999984741211,16.361434936523438
2006-09-28,231600,38.58000183105469,38.59000015258789,38.02999877929688,38.34999847412109,16.335872650146484
2006-09-27,574100,37.52000045776367,38.75,37.52000045776367,38.61000061035156,16.446622848510742
2006-09-26,365700,37.900001525878906,38.18999862670898,37.56999969482422,37.619998931884766,16.02491569519043
2006-09-25,167700,36.54999923706055,38.06999969482422,36.54999923706055,37.900001525878906,16.14418601989746
2006-09-22,243100,37.79999923706055,37.81999969482422,37.36000061035156,37.45000076293945,15.952497482299805
2006-09-21,373200,37.810001373291016,38.04999923706055,37.720001220703125,37.970001220703125,16.174001693725586
2006-09-20,598800,37.08000183105469,37.9900016784668,36.97999954223633,37.810001373291016,16.105846405029297
2006-09-19,181300,36.5,36.959999084472656,36.38999938964844,36.959999084472656,15.743778228759766
2006-09-18,133600,36.77000045776367,36.79999923706055,36.43000030517578,36.59000015258789,15.58617115020752
2006-09-15,319700,36.88999938964844,36.97999954223633,36.70000076293945,36.90999984741211,15.722481727600098
2006-09-14,166800,36.59999847412109,36.709999084472656,36.43999862670898,36.619998931884766,15.59894847869873
2006-09-13,126600,36.61000061035156,36.95000076293945,36.59999847412109,36.790000915527344,15.671359062194824
2006-09-12,177800,35.900001525878906,36.77000045776367,35.689998626708984,36.61000061035156,15.594687461853027
2006-09-11,158700,35.59000015258789,36.08000183105469,35.54999923706055,35.97999954223633,15.326326370239258
2006-09-08,125100,35.630001068115234,36.04999923706055,35.29999923706055,35.959999084472656,15.317804336547852
2006-09-07,161700,35.75,35.83000183105469,35.41999816894531,35.529998779296875,15.134642601013184
2006-09-06,187900,36.34000015258789,36.4900016784668,35.90999984741211,35.95000076293945,15.31354808807373
2006-09-05,170200,36.27999877929688,36.68999862670898,36.09999847412109,36.59000015258789,15.58617115020752
2006-09-01,132700,36.33000183105469,36.33000183105469,35.95000076293945,36.11000061035156,15.381705284118652
2006-08-31,139100,36.290000915527344,36.43000030517578,36.060001373291016,36.15999984741211,15.40300178527832
2006-08-30,210400,35.63999938964844,36.150001525878906,35.599998474121094,36.04999923706055,15.356143951416016
2006-08-29,219200,35.560001373291016,35.75,35.29999923706055,35.56999969482422,15.151681900024414
2006-08-28,151000,34.9900016784668,35.5,34.9900016784668,35.470001220703125,15.109079360961914
2006-08-25,112600,34.72999954223633,35.20000076293945,34.72999954223633,34.939998626708984,14.883320808410645
2006-08-24,230200,34.900001525878906,35.09000015258789,34.779998779296875,34.88999938964844,14.862021446228027
2006-08-23,298500,35.5,35.54999923706055,34.619998931884766,34.939998626708984,14.883320808410645
2006-08-22,203300,35.369998931884766,35.619998931884766,35.22999954223633,35.43000030517578,15.092041015625
2006-08-21,175100,35.290000915527344,35.70000076293945,35.290000915527344,35.540000915527344,15.138901710510254
2006-08-18,182000,35.7400016784668,35.790000915527344,35.41999816894531,35.540000915527344,15.138901710510254
2006-08-17,269100,35.5,36.130001068115234,35.5,35.63999938964844,15.181501388549805
2006-08-16,312500,35.220001220703125,35.7400016784668,35.09000015258789,35.70000076293945,15.20705509185791
2006-08-15,137200,34.79999923706055,34.970001220703125,34.599998474121094,34.970001220703125,14.896096229553224
2006-08-14,143400,34.209999084472656,34.869998931884766,34.150001525878906,34.349998474121094,14.631996154785156
2006-08-11,168100,34.72999954223633,34.72999954223633,34.029998779296875,34.209999084472656,14.572360038757324
2006-08-10,252200,34.97999954223633,35.349998474121094,34.709999084472656,35.11000061035156,14.674595832824709
2006-08-09,191900,35.2599983215332,35.47999954223633,34.97999954223633,35.029998779296875,14.641156196594238
2006-08-08,323300,35.18000030517578,35.45000076293945,34.84000015258789,35.0099983215332,14.63280200958252
2006-08-07,304700,35.290000915527344,35.47999954223633,34.88999938964844,35.18000030517578,14.70384693145752
2006-08-04,287100,34.900001525878906,35.400001525878906,34.81999969482422,35.34000015258789,14.770729064941406
2006-08-03,422400,33.81999969482422,34.68000030517578,33.779998779296875,34.56999969482422,14.448895454406738
2006-08-02,255600,33.31999969482422,34.119998931884766,33.31999969482422,33.959999084472656,14.193936347961426
2006-08-01,293600,33.09000015258789,33.540000915527344,32.7599983215332,33.27000045776367,13.905550003051758
2006-07-31,216500,33.150001525878906,33.43000030517578,33.0,33.09000015258789,13.830313682556152
2006-07-28,224000,32.599998474121094,33.150001525878906,32.58000183105469,33.150001525878906,13.855392456054688
2006-07-27,340600,33.04999923706055,33.09000015258789,32.29999923706055,32.41999816894531,13.550286293029783
2006-07-26,239700,32.95000076293945,33.11000061035156,32.84000015258789,32.97999954223633,13.784339904785156
2006-07-25,245500,33.20000076293945,33.70000076293945,33.08000183105469,33.20000076293945,13.876293182373049
2006-07-24,192200,32.47999954223633,33.2599983215332,32.34000015258789,33.2599983215332,13.9013671875
2006-07-21,293500,32.849998474121094,32.86000061035156,32.099998474121094,32.22999954223633,13.470870971679688
2006-07-20,132700,33.45000076293945,33.47999954223633,32.84000015258789,32.84000015258789,13.725826263427734
2006-07-19,234000,32.400001525878906,33.5,32.400001525878906,33.349998474121094,13.93898582458496
2006-07-18,389000,32.47999954223633,32.59000015258789,32.25,32.400001525878906,13.541919708251951
2006-07-17,221500,32.31999969482422,32.54999923706055,32.25,32.279998779296875,13.4917631149292
2006-07-14,322800,32.5099983215332,32.599998474121094,32.20000076293945,32.31999969482422,13.508482933044434
2006-07-13,276600,32.58000183105469,32.70000076293945,32.400001525878906,32.5,13.58371925354004
2006-07-12,238300,32.79999923706055,32.939998626708984,32.54999923706055,32.689998626708984,13.66313648223877
2006-07-11,206700,32.880001068115234,32.939998626708984,32.5099983215332,32.91999816894531,13.759258270263672
2006-07-10,172300,32.38999938964844,32.900001525878906,32.29999923706055,32.86000061035156,13.7341890335083
2006-07-07,298800,32.15999984741211,32.630001068115234,32.150001525878906,32.310001373291016,13.504305839538574
2006-07-06,388000,32.20000076293945,32.529998779296875,32.029998779296875,32.34000015258789,13.516847610473633
2006-07-05,247300,32.59000015258789,32.619998931884766,32.189998626708984,32.40999984741211,13.546103477478027
2006-07-03,516200,31.950000762939453,32.7400016784668,31.89999961853028,32.7400016784668,13.684029579162598
2006-06-30,2109800,32.720001220703125,33.2599983215332,31.850000381469727,31.850000381469727,13.31204605102539
2006-06-29,177200,32.099998474121094,32.77000045776367,32.0,32.77000045776367,13.69657039642334
2006-06-28,137900,31.68000030517578,32.060001373291016,31.63999938964844,32.040000915527344,13.391459465026855
2006-06-27,174000,31.700000762939453,31.959999084472656,31.51000022888184,31.57999992370605,13.199195861816406
2006-06-26,220100,31.350000381469727,31.82999992370605,31.299999237060547,31.670000076293945,13.236810684204102
2006-06-23,192000,31.51000022888184,31.57999992370605,31.25,31.34000015258789,13.098884582519531
2006-06-22,226700,31.89999961853028,31.89999961853028,31.440000534057617,31.440000534057617,13.140685081481934
2006-06-21,181100,31.959999084472656,32.27000045776367,31.809999465942383,31.88999938964844,13.328764915466309
2006-06-20,166000,32.29999923706055,32.380001068115234,31.809999465942383,31.940000534057617,13.349661827087402
2006-06-19,314600,32.689998626708984,32.79999923706055,31.75,32.27000045776367,13.487590789794922
2006-06-16,348200,32.0,32.650001525878906,31.76000022888184,32.599998474121094,13.62551975250244
2006-06-15,397700,31.89999961853028,32.04999923706055,31.57999992370605,31.89999961853028,13.332945823669434
2006-06-14,200400,31.770000457763672,32.119998931884766,31.6200008392334,31.690000534057617,13.245168685913086
2006-06-13,181700,32.400001525878906,32.599998474121094,31.940000534057617,31.940000534057617,13.349661827087402
2006-06-12,126300,33.27000045776367,33.27000045776367,32.540000915527344,32.540000915527344,13.600439071655272
2006-06-09,105000,33.0,33.47999954223633,33.0,33.380001068115234,13.951525688171388
2006-06-08,171400,33.33000183105469,33.77000045776367,33.0099983215332,33.400001525878906,13.959885597229004
2006-06-07,254700,33.029998779296875,33.75,32.86000061035156,33.529998779296875,14.014216423034668
2006-06-06,170200,33.029998779296875,33.27000045776367,32.72999954223633,33.029998779296875,13.80523681640625
2006-06-05,214300,33.04999923706055,33.52000045776367,32.880001068115234,32.900001525878906,13.750903129577637
2006-06-02,170600,33.08000183105469,33.25,32.7599983215332,33.04999923706055,13.81359577178955
2006-06-01,181600,32.560001373291016,32.91999816894531,32.5,32.79999923706055,13.709104537963867
2006-05-31,221800,32.4900016784668,32.65999984741211,32.25,32.65999984741211,13.650589942932127
2006-05-30,169200,32.5,32.90999984741211,32.43000030517578,32.529998779296875,13.59626293182373
2006-05-26,152600,32.369998931884766,32.709999084472656,32.09000015258789,32.56999969482422,13.612977981567385
2006-05-25,169500,31.559999465942383,32.310001373291016,31.559999465942383,32.119998931884766,13.42489528656006
2006-05-24,164800,31.86000061035156,31.88999938964844,31.36000061035156,31.440000534057617,13.140685081481934
2006-05-23,206300,32.04999923706055,32.34000015258789,31.84000015258789,31.90999984741211,13.33712100982666
2006-05-22,254200,31.799999237060547,31.979999542236328,31.489999771118164,31.84000015258789,13.307865142822266
2006-05-19,165600,32.150001525878906,32.790000915527344,31.89999961853028,31.96999931335449,13.36219596862793
2006-05-18,120800,32.5,32.939998626708984,32.04999923706055,32.04999923706055,13.395638465881348
2006-05-17,206100,33.0,33.0,32.15999984741211,32.40999984741211,13.546103477478027
2006-05-16,303500,32.72999954223633,33.130001068115234,32.66999816894531,33.0099983215332,13.796878814697266
2006-05-15,325400,32.0,32.63999938964844,31.81999969482422,32.45000076293945,13.562820434570312
2006-05-12,390300,32.36000061035156,32.380001068115234,31.600000381469727,32.09000015258789,13.412353515625
2006-05-11,398400,33.66999816894531,33.66999816894531,32.47999954223633,32.4900016784668,13.57953929901123
2006-05-10,247000,34.5,34.619998931884766,34.16999816894531,34.22999954223633,14.03093433380127
2006-05-09,217700,35.02000045776367,35.15999984741211,34.45000076293945,34.630001068115234,14.194901466369627
2006-05-08,259400,35.06999969482422,35.25,34.900001525878906,35.20000076293945,14.428537368774414
2006-05-05,545200,34.70000076293945,35.58000183105469,34.52000045776367,35.13999938964844,14.403947830200195
2006-05-04,618900,36.400001525878906,36.40999984741211,35.209999084472656,35.31999969482422,14.477730751037598
2006-05-03,147300,36.59999847412109,36.880001068115234,36.459999084472656,36.720001220703125,15.051593780517578
2006-05-02,265700,36.93999862670898,37.0,36.34999847412109,36.61000061035156,15.006505966186523
2006-05-01,218300,37.79999923706055,37.91999816894531,36.880001068115234,36.93999862670898,15.14177131652832
2006-04-28,163900,37.68000030517578,38.02999877929688,37.43999862670898,37.869998931884766,15.522981643676758
2006-04-27,206800,37.61000061035156,38.22999954223633,37.400001525878906,37.81999969482422,15.502485275268556
2006-04-26,227900,37.72999954223633,37.7400016784668,36.91999816894531,37.709999084472656,15.457390785217283
2006-04-25,148500,38.0099983215332,38.02999877929688,37.43000030517578,37.65999984741211,15.436898231506348
2006-04-24,148400,38.34999847412109,38.38999938964844,37.93000030517578,38.02999877929688,15.588568687438965
2006-04-21,423600,38.20000076293945,38.900001525878906,38.15999984741211,38.45000076293945,15.760723114013672
2006-04-20,200500,37.97999954223633,38.27999877929688,37.790000915527344,38.2599983215332,15.682843208312988
2006-04-19,296000,37.34999847412109,38.09999847412109,37.290000915527344,38.09999847412109,15.617253303527832
2006-04-18,265700,36.7400016784668,37.63999938964844,36.70000076293945,37.52000045776367,15.379510879516602
2006-04-17,134100,36.52000045776367,36.77000045776367,36.45000076293945,36.720001220703125,15.051593780517578
2006-04-13,138500,36.75,36.75,36.470001220703125,36.59999847412109,15.00240707397461
2006-04-12,228100,36.54999923706055,36.88999938964844,36.54999923706055,36.77999877929688,15.076191902160645
2006-04-11,279800,36.40999984741211,36.72999954223633,36.220001220703125,36.61000061035156,15.006505966186523
2006-04-10,171800,36.54999923706055,36.72999954223633,36.25,36.5,14.961414337158203
2006-04-07,111700,37.0,37.29999923706055,36.52999877929688,36.619998931884766,15.010604858398438
2006-04-06,187400,36.93999862670898,37.20000076293945,36.869998931884766,37.04999923706055,15.18685817718506
2006-04-05,168500,36.630001068115234,37.040000915527344,36.59999847412109,37.0099983215332,15.170464515686035
2006-04-04,208200,36.5099983215332,36.65999984741211,36.13999938964844,36.59999847412109,15.00240707397461
2006-04-03,177700,37.380001068115234,37.43000030517578,36.369998931884766,36.5099983215332,14.965518951416016
2006-03-31,162300,36.880001068115234,37.380001068115234,36.560001373291016,37.380001068115234,15.322126388549805
2006-03-30,145900,37.15999984741211,37.2400016784668,36.5,36.93999862670898,15.14177131652832
2006-03-29,175600,36.900001525878906,37.5,36.900001525878906,37.290000915527344,15.285235404968262
2006-03-28,335400,37.02999877929688,37.02999877929688,36.380001068115234,36.869998931884766,15.113081932067873
2006-03-27,136000,37.310001373291016,37.34999847412109,36.90999984741211,37.13999938964844,15.223751068115234
2006-03-24,112600,37.65999984741211,37.720001220703125,37.34000015258789,37.40999984741211,15.33442211151123
2006-03-23,98600,37.59999847412109,37.790000915527344,37.400001525878906,37.790000915527344,15.49018383026123
2006-03-22,167200,37.400001525878906,37.65999984741211,37.09999847412109,37.59999847412109,15.41230010986328
2006-03-21,217100,38.43999862670898,38.4900016784668,37.45000076293945,37.52000045776367,15.379510879516602
2006-03-20,371400,38.70000076293945,38.7400016784668,37.86000061035156,38.43000030517578,15.752530097961426
2006-03-17,225400,38.77999877929688,38.79999923706055,38.33000183105469,38.77000045776367,15.891888618469238
2006-03-16,126200,38.630001068115234,38.79999923706055,38.47999954223633,38.68000030517578,15.855000495910645
2006-03-15,142300,38.27000045776367,38.72999954223633,38.2599983215332,38.72999954223633,15.87548828125
2006-03-14,129800,38.09000015258789,38.27000045776367,37.790000915527344,38.27000045776367,15.68694019317627
2006-03-13,139700,38.09999847412109,38.25,37.709999084472656,38.060001373291016,15.600857734680176
2006-03-10,255300,37.900001525878906,38.02999877929688,37.560001373291016,38.02999877929688,15.588568687438965
2006-03-09,168800,37.4900016784668,38.0,37.290000915527344,37.970001220703125,15.563970565795898
2006-03-08,203700,37.20000076293945,37.43999862670898,37.02000045776367,37.43999862670898,15.346720695495604
2006-03-07,373000,36.79999923706055,37.400001525878906,36.290000915527344,37.400001525878906,15.33032512664795
2006-03-06,226700,37.09999847412109,38.09999847412109,37.09999847412109,37.7599983215332,15.47789192199707
2006-03-03,183100,37.33000183105469,37.34000015258789,37.02000045776367,37.20000076293945,15.248342514038086
2006-03-02,99200,37.459999084472656,37.459999084472656,37.09999847412109,37.31999969482422,15.29753589630127
2006-03-01,168500,37.40999984741211,37.470001220703125,36.900001525878906,37.459999084472656,15.354917526245115
2006-02-28,113500,37.45000076293945,37.59999847412109,37.130001068115234,37.310001373291016,15.293437004089355
2006-02-27,135600,37.59999847412109,37.66999816894531,37.22999954223633,37.560001373291016,15.395910263061523
2006-02-24,183000,37.5099983215332,37.52999877929688,37.27000045776367,37.400001525878906,15.33032512664795
2006-02-23,163700,37.68000030517578,37.7400016784668,37.31999969482422,37.56999969482422,15.400012969970703
2006-02-22,223600,37.380001068115234,37.75,37.369998931884766,37.619998931884766,15.42050075531006
2006-02-21,204100,37.18999862670898,37.41999816894531,37.18000030517578,37.380001068115234,15.322126388549805
2006-02-17,218300,36.810001373291016,37.220001220703125,36.810001373291016,37.18999862670898,15.244248390197754
2006-02-16,303700,36.34999847412109,36.93999862670898,36.310001373291016,36.77000045776367,15.072087287902832
2006-02-15,378400,35.41999816894531,36.43000030517578,35.31999969482422,36.38999938964844,14.916321754455566
2006-02-14,333500,35.5,35.529998779296875,34.939998626708984,35.290000915527344,14.465429306030272
2006-02-13,195000,34.560001373291016,34.88999938964844,34.5099983215332,34.86000061035156,14.289176940917969
2006-02-10,205400,35.13999938964844,35.459999084472656,35.0,35.220001220703125,14.166208267211914
2006-02-09,228900,35.439998626708984,35.439998626708984,35.040000915527344,35.04999923706055,14.09783172607422
2006-02-08,182300,35.459999084472656,35.5,35.02000045776367,35.29999923706055,14.198386192321776
2006-02-07,309200,35.61000061035156,36.0099983215332,35.06999969482422,35.470001220703125,14.266758918762209
2006-02-06,272300,35.099998474121094,35.779998779296875,35.040000915527344,35.599998474121094,14.319048881530762
2006-02-03,357000,35.20000076293945,35.470001220703125,35.0,35.220001220703125,14.166208267211914
2006-02-02,555000,36.0,36.02999877929688,35.31999969482422,35.31999969482422,14.206427574157717
2006-02-01,271000,35.040000915527344,35.470001220703125,34.90999984741211,35.15999984741211,14.142069816589355
2006-01-31,401500,34.36000061035156,35.189998626708984,34.33000183105469,35.040000915527344,14.093805313110352
2006-01-30,350400,34.29999923706055,34.529998779296875,34.25,34.459999084472656,13.860518455505373
2006-01-27,374600,34.16999816894531,34.36000061035156,34.04999923706055,34.349998474121094,13.816268920898438
2006-01-26,230900,34.099998474121094,34.369998931884766,34.0,34.04999923706055,13.695603370666504
2006-01-25,186500,34.25,34.27000045776367,33.95000076293945,33.959999084472656,13.659403800964355
2006-01-24,272600,34.25,34.40999984741211,34.15999984741211,34.22999954223633,13.768001556396484
2006-01-23,233800,33.70000076293945,34.279998779296875,33.70000076293945,34.189998626708984,13.75192165374756
2006-01-20,229100,34.560001373291016,34.560001373291016,33.54999923706055,33.58000183105469,13.506561279296877
2006-01-19,202500,33.900001525878906,34.540000915527344,33.900001525878906,34.47999954223633,13.868559837341309
2006-01-18,224800,33.79999923706055,34.09000015258789,33.630001068115234,33.9900016784668,13.671472549438477
2006-01-17,254300,33.540000915527344,33.91999816894531,33.25,33.83000183105469,13.60711669921875
2006-01-13,178900,34.310001373291016,34.310001373291016,33.70000076293945,33.900001525878906,13.635276794433594
2006-01-12,179000,34.47999954223633,34.47999954223633,34.18000030517578,34.36000061035156,13.820302963256836
2006-01-11,202500,34.63999938964844,34.70000076293945,34.18000030517578,34.38999938964844,13.83236598968506
2006-01-10,268100,34.25,34.79999923706055,34.029998779296875,34.47999954223633,13.868559837341309
2006-01-09,282100,33.560001373291016,34.290000915527344,33.560001373291016,34.25,13.77604866027832
2006-01-06,365100,34.20000076293945,34.20000076293945,33.619998931884766,33.720001220703125,13.562877655029297
2006-01-05,259500,33.790000915527344,34.209999084472656,33.790000915527344,33.95000076293945,13.655386924743652
2006-01-04,361800,33.400001525878906,33.83000183105469,33.369998931884766,33.779998779296875,13.587005615234377
2006-01-03,432600,33.41999816894531,33.7400016784668,32.959999084472656,33.43000030517578,13.446228981018066
2005-12-30,171000,33.41999816894531,33.41999816894531,33.11000061035156,33.27000045776367,13.381875991821287
2005-12-29,226600,33.54999923706055,33.689998626708984,33.099998474121094,33.36000061035156,13.418072700500488
2005-12-28,255400,33.470001220703125,33.599998474121094,33.220001220703125,33.38999938964844,13.43014430999756
2005-12-27,166900,33.58000183105469,33.68000030517578,33.36000061035156,33.369998931884766,13.422101974487305
2005-12-23,170000,33.33000183105469,33.65999984741211,33.33000183105469,33.43000030517578,13.446228981018066
2005-12-22,234400,33.25,33.439998626708984,33.0099983215332,33.34000015258789,13.410027503967283
2005-12-21,261600,33.25,33.560001373291016,33.16999816894531,33.34000015258789,13.410027503967283
2005-12-20,406900,33.150001525878906,33.41999816894531,32.720001220703125,33.130001068115234,13.325565338134766
2005-12-19,299600,33.5099983215332,33.560001373291016,33.25,33.2599983215332,13.377849578857422
2005-12-16,399600,33.349998474121094,33.70000076293945,33.349998474121094,33.5099983215332,13.478408813476562
2005-12-15,370700,34.15999984741211,34.34000015258789,33.34000015258789,33.349998474121094,13.414051055908203
2005-12-14,337000,33.810001373291016,34.349998474121094,33.810001373291016,34.09000015258789,13.71169376373291
2005-12-13,233100,33.61000061035156,34.16999816894531,33.61000061035156,34.060001373291016,13.699633598327637
2005-12-12,245500,34.209999084472656,34.5,33.900001525878906,33.90999984741211,13.639294624328612
2005-12-09,285300,33.959999084472656,34.400001525878906,33.75,34.220001220703125,13.763983726501465
2005-12-08,600200,35.0,35.0,33.650001525878906,33.869998931884766,13.623205184936523
2005-12-07,480400,34.130001068115234,34.25,33.81999969482422,33.93000030517578,13.64734172821045
2005-12-06,797000,33.70000076293945,34.099998474121094,33.650001525878906,34.0,13.67549991607666
2005-12-05,1108900,32.5,32.939998626708984,31.01000022888184,32.79999923706055,13.192827224731444
2005-12-02,1440800,35.22999954223633,35.22999954223633,32.150001525878906,32.470001220703125,13.060099601745604
2005-12-01,404800,35.400001525878906,35.45000076293945,35.20000076293945,35.25,14.17827033996582
2005-11-30,460100,35.95000076293945,36.04999923706055,34.79999923706055,35.02000045776367,14.085766792297363
2005-11-29,180200,36.400001525878906,36.40999984741211,35.93000030517578,36.02999877929688,14.492006301879885
2005-11-28,268500,36.70000076293945,36.720001220703125,36.119998931884766,36.150001525878906,14.540273666381836
2005-11-25,114800,36.59999847412109,36.70000076293945,36.400001525878906,36.56999969482422,14.709202766418455
2005-11-23,268400,36.310001373291016,36.72999954223633,36.29999923706055,36.5,14.681044578552246
2005-11-22,358900,36.68999862670898,36.75,36.33000183105469,36.33000183105469,14.612667083740234
2005-11-21,357200,36.52999877929688,37.0099983215332,36.29999923706055,36.75,14.781603813171388
2005-11-18,260800,36.310001373291016,36.880001068115234,36.2599983215332,36.630001068115234,14.73333740234375
2005-11-17,281600,36.34000015258789,36.630001068115234,36.13999938964844,36.29999923706055,14.600605964660645
2005-11-16,230900,36.47999954223633,36.79999923706055,36.0,36.34000015258789,14.616694450378418
2005-11-15,237800,37.220001220703125,37.34999847412109,36.7400016784668,36.77000045776367,14.78965187072754
2005-11-14,262500,37.90999984741211,38.15999984741211,37.630001068115234,37.880001068115234,14.970645904541016
2005-11-11,200800,37.709999084472656,38.27999877929688,37.709999084472656,37.9900016784668,15.014124870300291
2005-11-10,308400,37.79999923706055,37.91999816894531,37.369998931884766,37.880001068115234,14.970645904541016
2005-11-09,268700,37.11000061035156,37.77999877929688,37.11000061035156,37.619998931884766,14.867886543273926
2005-11-08,136100,37.25,37.40999984741211,36.86000061035156,37.13999938964844,14.67819118499756
2005-11-07,140400,37.400001525878906,37.5,37.02000045776367,37.40999984741211,14.78489589691162
2005-11-04,149400,37.310001373291016,37.369998931884766,36.83000183105469,37.2599983215332,14.725614547729492
2005-11-03,150800,37.40999984741211,37.790000915527344,37.09000015258789,37.310001373291016,14.745375633239746
2005-11-02,148000,36.70000076293945,37.38999938964844,36.5,37.369998931884766,14.769086837768556
2005-11-01,248600,37.70000076293945,37.709999084472656,36.4900016784668,36.7599983215332,14.528006553649902
2005-10-31,161200,37.93000030517578,38.43999862670898,37.68999862670898,37.84000015258789,14.954839706420898
2005-10-28,111600,37.06999969482422,38.060001373291016,37.06999969482422,38.04999923706055,15.037833213806152
2005-10-27,98200,37.66999816894531,37.68999862670898,37.0099983215332,37.02999877929688,14.634711265563965
2005-10-26,147300,38.02000045776367,38.09999847412109,37.2599983215332,37.630001068115234,14.87184715270996
2005-10-25,120900,38.5099983215332,38.70000076293945,37.869998931884766,38.09000015258789,15.053633689880373
2005-10-24,95000,37.900001525878906,38.54999923706055,37.900001525878906,38.52000045776367,15.223583221435549
2005-10-21,84900,37.40999984741211,38.25,37.400001525878906,38.040000915527344,15.03388500213623
2005-10-20,104600,38.18000030517578,38.18000030517578,37.18000030517578,37.400001525878906,14.78094482421875
2005-10-19,101100,37.34999847412109,38.25,37.02999877929688,38.2400016784668,15.11291790008545
2005-10-18,113300,38.040000915527344,38.040000915527344,37.380001068115234,37.400001525878906,14.78094482421875
2005-10-17,104700,37.79999923706055,38.0,37.59999847412109,38.0,15.01806926727295
2005-10-14,180500,36.9900016784668,37.75,36.84999847412109,37.7400016784668,14.915315628051758
2005-10-13,154600,36.95000076293945,36.970001220703125,36.29999923706055,36.7599983215332,14.528006553649902
2005-10-12,183800,37.619998931884766,37.63999938964844,36.5099983215332,36.900001525878906,14.583335876464844
2005-10-11,102200,37.810001373291016,38.29999923706055,37.63999938964844,37.68999862670898,14.895554542541504
2005-10-10,91700,38.59999847412109,38.61000061035156,37.79999923706055,37.810001373291016,14.942978858947754
2005-10-07,87200,38.83000183105469,38.83000183105469,38.29999923706055,38.70000076293945,15.294726371765137
2005-10-06,172400,38.90999984741211,39.13999938964844,38.5099983215332,38.83000183105469,15.346097946166992
2005-10-05,138200,39.22999954223633,39.369998931884766,38.93999862670898,39.0099983215332,15.417234420776367
2005-10-04,105800,39.86000061035156,40.150001525878906,39.40999984741211,39.41999816894531,15.57927417755127
2005-10-03,156000,40.13999938964844,40.18999862670898,39.65999984741211,40.11000061035156,15.851971626281738
2005-09-30,156000,39.4900016784668,40.15999984741211,39.470001220703125,40.13999938964844,15.863829612731934
2005-09-29,138300,38.75,39.47999954223633,38.470001220703125,39.470001220703125,15.599035263061523
2005-09-28,125500,39.36000061035156,39.52000045776367,38.5,38.7599983215332,15.318432807922363
2005-09-27,130700,39.560001373291016,39.560001373291016,38.83000183105469,39.36000061035156,15.55555820465088
2005-09-26,168000,38.95000076293945,39.540000915527344,38.95000076293945,39.540000915527344,15.626700401306152
2005-09-23,89400,38.70000076293945,39.13999938964844,38.380001068115234,38.95000076293945,15.393519401550291
2005-09-22,181200,38.59999847412109,38.97999954223633,38.13999938964844,38.86000061035156,15.357954978942873
2005-09-21,164800,39.20000076293945,39.20000076293945,38.72999954223633,38.81999969482422,15.342144966125488
2005-09-20,191100,39.20000076293945,39.34999847412109,39.119998931884766,39.2599983215332,15.516042709350586
2005-09-19,142400,39.220001220703125,39.27000045776367,38.95000076293945,39.16999816894531,15.48046875
2005-09-16,182300,39.29999923706055,39.56999969482422,39.060001373291016,39.25,15.51208782196045
2005-09-15,145300,39.13999938964844,39.400001525878906,39.0099983215332,39.2400016784668,15.508139610290527
2005-09-14,178200,38.63999938964844,39.20000076293945,38.63999938964844,39.13999938964844,15.468612670898438
2005-09-13,94400,39.02999877929688,39.16999816894531,38.61000061035156,38.63999938964844,15.271007537841797
2005-09-12,59000,39.150001525878906,39.34999847412109,38.970001220703125,39.11000061035156,15.456756591796877
2005-09-09,73700,39.060001373291016,39.29999923706055,38.88999938964844,39.25,15.51208782196045
2005-09-08,73800,39.0,39.16999816894531,38.81999969482422,39.06999969482422,15.440951347351074
2005-09-07,95700,39.459999084472656,39.560001373291016,39.02999877929688,39.09000015258789,15.448854446411133
2005-09-06,132500,38.70000076293945,39.61000061035156,38.70000076293945,39.540000915527344,15.626700401306152
2005-09-02,155200,39.0,39.060001373291016,38.52999877929688,38.810001373291016,15.33819580078125
2005-09-01,178500,38.70000076293945,39.52999877929688,38.54999923706055,38.77000045776367,15.322386741638184
2005-08-31,228100,37.63999938964844,38.709999084472656,37.5,38.70000076293945,15.294726371765137
2005-08-30,113600,37.54999923706055,37.70000076293945,37.40999984741211,37.54999923706055,14.84022617340088
2005-08-29,129500,37.75,37.84000015258789,37.369998931884766,37.619998931884766,14.867886543273926
2005-08-26,147600,38.45000076293945,38.4900016784668,37.75,37.790000915527344,14.935072898864746
2005-08-25,108100,38.22999954223633,38.58000183105469,38.150001525878906,38.400001525878906,15.176156997680664
2005-08-24,140600,37.79999923706055,38.4900016784668,37.79999923706055,38.15999984741211,15.081306457519531
2005-08-23,102600,37.61000061035156,38.130001068115234,37.61000061035156,37.86000061035156,14.96274471282959
2005-08-22,174600,37.709999084472656,37.79999923706055,37.5,37.61000061035156,14.863936424255373
2005-08-19,128900,37.68000030517578,37.72999954223633,37.36000061035156,37.59000015258789,14.856036186218262
2005-08-18,160600,37.66999816894531,37.880001068115234,37.52000045776367,37.72999954223633,14.911364555358888
2005-08-17,148600,38.20000076293945,38.290000915527344,37.650001525878906,37.65999984741211,14.883700370788574
2005-08-16,104500,38.11000061035156,38.4900016784668,38.04999923706055,38.25,15.116873741149902
2005-08-15,203700,38.45000076293945,38.54999923706055,38.09999847412109,38.150001525878906,15.077349662780762
2005-08-12,121600,38.27000045776367,38.5,38.0,38.45000076293945,15.195918083190918
2005-08-11,175000,38.060001373291016,38.38999938964844,37.93000030517578,38.34000015258789,15.152441024780272
2005-08-10,134400,38.66999816894531,39.18000030517578,38.52000045776367,38.720001220703125,15.041783332824709
2005-08-09,170900,38.0,39.29999923706055,38.0,38.43000030517578,14.929123878479004
2005-08-08,337300,38.95000076293945,38.959999084472656,37.95000076293945,38.08000183105469,14.793160438537598
2005-08-05,346100,40.369998931884766,40.369998931884766,38.650001525878906,39.09999847412109,15.189400672912598
2005-08-04,155800,41.2400016784668,41.2400016784668,40.150001525878906,40.369998931884766,15.682768821716309
2005-08-03,102600,41.16999816894531,41.25,40.75,41.2400016784668,16.02074432373047
2005-08-02,118200,40.68999862670898,41.15999984741211,40.560001373291016,41.150001525878906,15.98577880859375
2005-08-01,169200,40.91999816894531,41.0099983215332,40.58000183105469,40.59999847412109,15.772120475769045
2005-07-29,151000,41.22999954223633,41.22999954223633,40.709999084472656,40.86000061035156,15.87312126159668
2005-07-28,111000,40.84000015258789,41.36000061035156,40.720001220703125,41.22999954223633,16.01685905456543
2005-07-27,99400,40.84999847412109,40.959999084472656,40.22999954223633,40.880001068115234,15.880897521972656
2005-07-26,102400,40.43000030517578,40.95000076293945,40.41999816894531,40.77000045776367,15.838159561157228
2005-07-25,109900,40.2599983215332,40.72999954223633,40.25,40.400001525878906,15.694418907165527
2005-07-22,288200,39.84999847412109,40.220001220703125,39.66999816894531,40.209999084472656,15.620612144470217
2005-07-21,189500,40.93000030517578,40.95000076293945,39.790000915527344,39.79999923706055,15.461342811584473
2005-07-20,96800,40.400001525878906,41.02999877929688,40.29999923706055,41.02000045776367,15.93527889251709
2005-07-19,79200,40.29999923706055,40.52000045776367,40.220001220703125,40.5,15.733275413513184
2005-07-18,127600,39.90999984741211,40.33000183105469,39.77000045776367,40.16999816894531,15.60507583618164
2005-07-15,136900,39.900001525878906,40.04999923706055,39.54999923706055,39.970001220703125,15.527379989624023
2005-07-14,175500,40.630001068115234,40.68999862670898,39.34000015258789,39.810001373291016,15.46522331237793
2005-07-13,182400,40.63999938964844,40.709999084472656,40.459999084472656,40.630001068115234,15.783775329589844
2005-07-12,227200,40.540000915527344,40.65999984741211,40.380001068115234,40.630001068115234,15.783775329589844
2005-07-11,320000,40.400001525878906,40.880001068115234,40.33000183105469,40.59999847412109,15.772120475769045
2005-07-08,243200,39.5,40.619998931884766,39.5,40.52000045776367,15.741042137145996
2005-07-07,211100,38.95000076293945,39.65999984741211,38.79999923706055,39.5,15.344794273376465
2005-07-06,204500,39.25,39.4900016784668,39.040000915527344,39.04999923706055,15.16998291015625
2005-07-05,102500,39.0,39.5099983215332,39.0,39.5,15.344794273376465
2005-07-01,171800,38.68000030517578,39.0,38.68000030517578,39.0,15.150553703308104
2005-06-30,326200,38.61000061035156,38.90999984741211,38.43999862670898,38.61000061035156,14.999048233032228
2005-06-29,264400,38.5,38.70000076293945,38.40999984741211,38.61000061035156,14.999048233032228
2005-06-28,285700,38.29999923706055,38.400001525878906,37.970001220703125,38.400001525878906,14.917472839355469
2005-06-27,322800,39.0,39.16999816894531,38.13999938964844,38.400001525878906,14.917472839355469
2005-06-24,1106900,38.79999923706055,39.20000076293945,38.040000915527344,39.0,15.150553703308104
2005-06-23,242800,38.9900016784668,39.220001220703125,38.79999923706055,38.95000076293945,15.131135940551758
2005-06-22,225300,39.09000015258789,39.2400016784668,38.619998931884766,38.9900016784668,15.146669387817385
2005-06-21,204300,39.150001525878906,39.220001220703125,38.68999862670898,39.0,15.150553703308104
2005-06-20,297100,38.34999847412109,39.18999862670898,38.22999954223633,39.18000030517578,15.220483779907228
2005-06-17,388400,37.75,38.880001068115234,37.66999816894531,38.4900016784668,14.952434539794922
2005-06-16,458400,37.95000076293945,37.9900016784668,37.02000045776367,37.77999877929688,14.676616668701172
2005-06-15,648700,39.119998931884766,39.150001525878906,38.119998931884766,38.25,14.859200477600098
2005-06-14,230600,38.34999847412109,39.130001068115234,38.2599983215332,39.119998931884766,15.197175979614258
2005-06-13,224200,39.08000183105469,39.43000030517578,38.9900016784668,39.2400016784668,15.243793487548828
2005-06-10,107800,39.34000015258789,39.54999923706055,39.11000061035156,39.22999954223633,15.239909172058104
2005-06-09,111300,39.220001220703125,39.5099983215332,39.08000183105469,39.4900016784668,15.34090805053711
2005-06-08,150100,39.41999816894531,39.90999984741211,39.34000015258789,39.34999847412109,15.28652286529541
2005-06-07,199200,39.400001525878906,39.869998931884766,39.380001068115234,39.52999877929688,15.35644817352295
2005-06-06,193600,38.97999954223633,39.380001068115234,38.93999862670898,39.369998931884766,15.294289588928224
2005-06-03,264800,39.47999954223633,39.869998931884766,38.900001525878906,39.0,15.150553703308104
2005-06-02,115200,39.72999954223633,39.84999847412109,39.36000061035156,39.38999938964844,15.302061080932615
2005-06-01,216600,39.18000030517578,39.54999923706055,39.18000030517578,39.54999923706055,15.364227294921877
2005-05-31,176400,38.29999923706055,39.20000076293945,38.29999923706055,39.09000015258789,15.185521125793455
2005-05-27,117700,38.369998931884766,38.47999954223633,38.15999984741211,38.45000076293945,14.93689250946045
2005-05-26,138500,38.18999862670898,38.63999938964844,38.130001068115234,38.16999816894531,14.828126907348633
2005-05-25,236000,38.72999954223633,38.72999954223633,38.13999938964844,38.150001525878906,14.82034969329834
2005-05-24,166700,39.09999847412109,39.09999847412109,38.59999847412109,38.77999877929688,15.065092086791992
2005-05-23,152200,39.150001525878906,39.41999816894531,39.02000045776367,39.33000183105469,15.278754234313965
2005-05-20,101800,39.11000061035156,39.290000915527344,38.70000076293945,39.290000915527344,15.26321506500244
2005-05-19,130300,38.63999938964844,39.18000030517578,38.59000015258789,39.119998931884766,15.197175979614258
2005-05-18,320100,38.25,38.68000030517578,38.150001525878906,38.68000030517578,15.026248931884766
2005-05-17,193700,38.0099983215332,38.25,37.84000015258789,38.220001220703125,14.847545623779297
2005-05-16,180800,37.43999862670898,38.2599983215332,37.43999862670898,38.2599983215332,14.86308479309082
2005-05-13,191800,37.650001525878906,37.77000045776367,37.209999084472656,37.34000015258789,14.505684852600098
2005-05-12,244500,38.08000183105469,38.18000030517578,37.310001373291016,37.400001525878906,14.528997421264648
2005-05-11,249800,38.900001525878906,38.90999984741211,38.18999862670898,38.560001373291016,14.725176811218262
2005-05-10,212400,38.79999923706055,38.810001373291016,38.31999969482422,38.70000076293945,14.778639793395996
2005-05-09,154800,38.04999923706055,39.02999877929688,38.04999923706055,39.02999877929688,14.904654502868652
2005-05-06,216500,38.88999938964844,38.88999938964844,37.959999084472656,37.970001220703125,14.499869346618652
2005-05-05,147600,38.75,38.88999938964844,38.5099983215332,38.790000915527344,14.81300926208496
2005-05-04,192500,38.31999969482422,38.59999847412109,38.09999847412109,38.58000183105469,14.732817649841309
2005-05-03,174800,38.650001525878906,38.650001525878906,38.04999923706055,38.27000045776367,14.614434242248535
2005-05-02,160800,38.70000076293945,38.720001220703125,37.9900016784668,38.59000015258789,14.736634254455566
2005-04-29,203500,38.2400016784668,38.61000061035156,37.93999862670898,38.61000061035156,14.744270324707031
2005-04-28,169600,38.29999923706055,38.43000030517578,38.02999877929688,38.18999862670898,14.583887100219728
2005-04-27,243800,38.20000076293945,38.47999954223633,37.900001525878906,38.380001068115234,14.656441688537598
2005-04-26,208000,38.47999954223633,38.47999954223633,37.9900016784668,38.25,14.60679531097412
2005-04-25,153400,37.810001373291016,38.369998931884766,37.75,38.29999923706055,14.625890731811523
2005-04-22,183000,38.0,38.040000915527344,37.540000915527344,37.95000076293945,14.492234230041504
2005-04-21,167200,37.97999954223633,38.02999877929688,37.5,37.970001220703125,14.499869346618652
2005-04-20,241400,38.15999984741211,38.15999984741211,37.52999877929688,37.72999954223633,14.408215522766112
2005-04-19,202000,37.84999847412109,38.15999984741211,37.68999862670898,38.15999984741211,14.572425842285156
2005-04-18,232900,37.25,37.86000061035156,37.18000030517578,37.84999847412109,14.454050064086914
2005-04-15,362500,36.93000030517578,37.310001373291016,36.650001525878906,37.2400016784668,14.221099853515623
2005-04-14,142700,37.290000915527344,37.459999084472656,36.81999969482422,36.91999816894531,14.098902702331545
2005-04-13,154200,37.70000076293945,37.81999969482422,37.16999816894531,37.27999877929688,14.23637866973877
2005-04-12,179400,36.81999969482422,37.59999847412109,36.59999847412109,37.59000015258789,14.354754447937012
2005-04-11,104800,37.09999847412109,37.09999847412109,36.720001220703125,36.81999969482422,14.060707092285156
2005-04-08,277000,37.27000045776367,37.27000045776367,36.81999969482422,37.04999923706055,14.148544311523438
2005-04-07,194800,36.650001525878906,37.27000045776367,36.34999847412109,37.27000045776367,14.232553482055664
2005-04-06,130500,36.5,36.869998931884766,36.400001525878906,36.619998931884766,13.984335899353027
2005-04-05,141100,36.27000045776367,36.59999847412109,36.18999862670898,36.33000183105469,13.87358570098877
2005-04-04,161600,36.25,36.45000076293945,35.83000183105469,36.369998931884766,13.888863563537598
2005-04-01,178100,36.61000061035156,36.959999084472656,36.09999847412109,36.45000076293945,13.91941738128662
2005-03-31,199300,36.630001068115234,36.75,36.29999923706055,36.43999862670898,13.91560173034668
2005-03-30,178900,35.900001525878906,36.52999877929688,35.900001525878906,36.459999084472656,13.923233032226562
2005-03-29,171600,35.93000030517578,36.31999969482422,35.630001068115234,35.84000015258789,13.68647289276123
2005-03-28,227600,36.09999847412109,36.459999084472656,35.75,35.93000030517578,13.720842361450195
2005-03-24,295400,35.65999984741211,36.2599983215332,35.470001220703125,36.20000076293945,13.823946952819824
2005-03-23,304400,35.709999084472656,36.02999877929688,35.25,35.599998474121094,13.59481716156006
2005-03-22,243400,36.08000183105469,36.52000045776367,35.810001373291016,35.83000183105469,13.682649612426758
2005-03-21,220500,36.33000183105469,36.34999847412109,35.91999816894531,36.20000076293945,13.823946952819824
2005-03-18,314100,36.900001525878906,36.900001525878906,36.150001525878906,36.380001068115234,13.892682075500488
2005-03-17,130300,36.45000076293945,36.79999923706055,36.400001525878906,36.68999862670898,14.011066436767578
2005-03-16,143100,36.540000915527344,36.77999877929688,36.2599983215332,36.33000183105469,13.87358570098877
2005-03-15,178700,36.97999954223633,37.45000076293945,36.47999954223633,36.52999877929688,13.94996738433838
2005-03-14,192800,36.25,36.880001068115234,36.2400016784668,36.810001373291016,14.056889533996582
2005-03-11,153300,36.66999816894531,36.66999816894531,36.150001525878906,36.18999862670898,13.820124626159668
2005-03-10,182000,36.47999954223633,36.66999816894531,36.13999938964844,36.66999816894531,14.003427505493164
2005-03-09,239400,37.09000015258789,37.09000015258789,36.150001525878906,36.2400016784668,13.839223861694336
2005-03-08,153800,37.29999923706055,37.38999938964844,36.95000076293945,37.18000030517578,14.198185920715332
2005-03-07,209000,37.54999923706055,37.970001220703125,37.15999984741211,37.41999816894531,14.289838790893556
2005-03-04,211500,37.0,37.5,36.900001525878906,37.45000076293945,14.301297187805176
2005-03-03,180800,37.040000915527344,37.040000915527344,36.36000061035156,36.5,13.938508987426758
2005-03-02,189700,37.209999084472656,37.209999084472656,36.5099983215332,36.79999923706055,14.053071022033691
2005-03-01,223900,36.84999847412109,37.27000045776367,36.810001373291016,37.119998931884766,14.17527675628662
2005-02-28,216400,37.0,37.0,36.06999969482422,36.79999923706055,14.053071022033691
2005-02-25,155900,36.20000076293945,36.83000183105469,36.09999847412109,36.83000183105469,14.064528465270996
2005-02-24,139400,36.36000061035156,36.36000061035156,36.0,36.25,13.843039512634276
2005-02-23,229900,36.34999847412109,36.790000915527344,35.97999954223633,36.209999084472656,13.827768325805664
2005-02-22,327500,37.02000045776367,37.02999877929688,35.9900016784668,36.0099983215332,13.75139331817627
2005-02-18,215400,38.09999847412109,38.09999847412109,37.220001220703125,37.369998931884766,14.270742416381836
2005-02-17,178500,38.18999862670898,38.220001220703125,37.88999938964844,38.09999847412109,14.549513816833496
2005-02-16,196900,37.810001373291016,38.2599983215332,37.61000061035156,38.22999954223633,14.599159240722656
2005-02-15,173900,37.18999862670898,37.79999923706055,37.13999938964844,37.79999923706055,14.43495273590088
2005-02-14,277100,37.43999862670898,37.4900016784668,36.90999984741211,37.33000183105469,14.25546646118164
2005-02-11,197800,37.20000076293945,37.58000183105469,36.900001525878906,37.40999984741211,14.286014556884766
2005-02-10,648100,37.45000076293945,37.45000076293945,36.93999862670898,37.380001068115234,14.274561882019045
2005-02-09,372800,37.900001525878906,38.09999847412109,37.84000015258789,38.02000045776367,14.270742416381836
2005-02-08,374100,37.54999923706055,37.75,37.119998931884766,37.75,14.169395446777344
2005-02-07,282500,37.75,37.79999923706055,37.29999923706055,37.5,14.075565338134766
2005-02-04,273200,36.900001525878906,37.58000183105469,36.84000015258789,37.58000183105469,14.105589866638184
2005-02-03,173900,36.95000076293945,37.0,36.68000030517578,36.790000915527344,13.809062004089355
2005-02-02,277700,36.47999954223633,36.93000030517578,36.27999877929688,36.93000030517578,13.861610412597656
2005-02-01,556800,36.61000061035156,36.61000061035156,35.869998931884766,36.34000015258789,13.64015769958496
2005-01-31,378800,36.59999847412109,36.810001373291016,35.720001220703125,36.470001220703125,13.68895149230957
2005-01-28,225200,35.970001220703125,36.310001373291016,35.720001220703125,36.310001373291016,13.628898620605469
2005-01-27,254800,36.7400016784668,36.84000015258789,35.959999084472656,35.959999084472656,13.497517585754396
2005-01-26,203600,36.18999862670898,36.59999847412109,36.0099983215332,36.58000183105469,13.730242729187012
2005-01-25,216200,37.150001525878906,37.43999862670898,36.25,36.2599983215332,13.610126495361328
2005-01-24,297400,38.369998931884766,38.369998931884766,36.900001525878906,36.93000030517578,13.861610412597656
2005-01-21,269600,37.310001373291016,37.900001525878906,36.970001220703125,37.459999084472656,14.060545921325684
2005-01-20,218100,36.91999816894531,37.130001068115234,36.40999984741211,37.02000045776367,13.895397186279297
2005-01-19,246000,37.150001525878906,37.5099983215332,36.52000045776367,36.88999938964844,13.84659481048584
2005-01-18,260800,36.70000076293945,36.97999954223633,36.5,36.86000061035156,13.835336685180664
2005-01-14,204600,36.16999816894531,36.79999923706055,36.16999816894531,36.68999862670898,13.771530151367188
2005-01-13,294500,35.900001525878906,37.150001525878906,35.900001525878906,36.18999862670898,13.583850860595703
2005-01-12,320000,36.5,36.5,35.59000015258789,35.970001220703125,13.501279830932615
2005-01-11,211300,37.09000015258789,37.11000061035156,36.400001525878906,36.59000015258789,13.733993530273438
2005-01-10,199700,37.220001220703125,37.5,37.0099983215332,37.02999877929688,13.89914608001709
2005-01-07,198400,37.630001068115234,37.650001525878906,37.150001525878906,37.18000030517578,13.955449104309082
2005-01-06,461200,37.52000045776367,37.869998931884766,37.0099983215332,37.400001525878906,14.038029670715332
2005-01-05,538000,39.20000076293945,39.22999954223633,36.560001373291016,37.400001525878906,14.038029670715332
2005-01-04,206100,39.86000061035156,40.16999816894531,39.220001220703125,39.34999847412109,14.769957542419434
2005-01-03,256500,40.650001525878906,41.02999877929688,39.75,39.77999877929688,14.931358337402344
2004-12-31,188900,40.70000076293945,41.040000915527344,40.560001373291016,40.70000076293945,15.276678085327148
2004-12-30,217900,40.900001525878906,40.900001525878906,40.470001220703125,40.59999847412109,15.239139556884766
2004-12-29,92100,40.84000015258789,41.09000015258789,40.70000076293945,40.79999923706055,15.314212799072266
2004-12-28,101900,40.84999847412109,41.11000061035156,40.619998931884766,40.79999923706055,15.314212799072266
2004-12-27,142500,40.75,41.0,40.56999969482422,40.83000183105469,15.32547378540039
2004-12-23,121100,41.29999923706055,41.459999084472656,40.790000915527344,40.83000183105469,15.32547378540039
2004-12-22,195200,41.45000076293945,41.70000076293945,41.0,41.22999954223633,15.475607872009276
2004-12-21,153900,40.79999923706055,41.36000061035156,40.79999923706055,41.290000915527344,15.498129844665527
2004-12-20,226800,41.0,41.09999847412109,40.25,40.54999923706055,15.22037124633789
2004-12-17,226400,40.84999847412109,41.0,40.27000045776367,41.0,15.389277458190918
2004-12-16,176800,41.54999923706055,41.83000183105469,40.790000915527344,40.84000015258789,15.32922649383545
2004-12-15,174100,41.75,42.08000183105469,41.290000915527344,41.66999816894531,15.640755653381348
2004-12-14,140800,41.5099983215332,41.77000045776367,41.09000015258789,41.77000045776367,15.678302764892578
2004-12-13,115100,42.11000061035156,42.11000061035156,41.38999938964844,41.540000915527344,15.59196662902832
2004-12-10,107300,41.5,42.02999877929688,41.31999969482422,41.86000061035156,15.712080955505373
2004-12-09,141500,41.56999969482422,41.58000183105469,40.93999862670898,41.58000183105469,15.606986045837402
2004-12-08,150200,40.91999816894531,41.59000015258789,40.91999816894531,41.540000915527344,15.59196662902832
2004-12-07,152200,42.09999847412109,42.09999847412109,40.83000183105469,40.83000183105469,15.32547378540039
2004-12-06,180500,41.880001068115234,42.09999847412109,41.56999969482422,42.060001373291016,15.787151336669922
2004-12-03,184600,41.630001068115234,41.97999954223633,41.41999816894531,41.97999954223633,15.757121086120604
2004-12-02,227500,41.70000076293945,41.75,40.81999969482422,41.380001068115234,15.531920433044434
2004-12-01,289900,40.84999847412109,41.75,40.68999862670898,41.70000076293945,15.652026176452637
2004-11-30,190500,40.5,40.75,40.34999847412109,40.70000076293945,15.276678085327148
2004-11-29,202200,40.02000045776367,40.45000076293945,39.68000030517578,40.29999923706055,15.126538276672363
2004-11-26,63500,40.59999847412109,40.68999862670898,39.709999084472656,39.77000045776367,14.927605628967283
2004-11-24,119400,40.04999923706055,40.43999862670898,39.93999862670898,40.400001525878906,15.164070129394531
2004-11-23,144600,39.630001068115234,39.81999969482422,39.09000015258789,39.81999969482422,14.946366310119627
2004-11-22,158300,38.66999816894531,39.43000030517578,38.66999816894531,39.43000030517578,14.7999849319458
2004-11-19,201300,39.34000015258789,39.400001525878906,38.560001373291016,38.66999816894531,14.514716148376465
2004-11-18,222200,39.65999984741211,40.08000183105469,39.02999877929688,39.34000015258789,14.766200065612791
2004-11-17,195500,40.75,41.25,39.5099983215332,39.810001373291016,14.942620277404783
2004-11-16,174500,41.02999877929688,41.2599983215332,40.54999923706055,40.79999923706055,15.314212799072266
2004-11-15,150500,40.68999862670898,41.0,40.29999923706055,41.0,15.389277458190918
2004-11-12,118900,39.59000015258789,40.7599983215332,39.400001525878906,40.720001220703125,15.284183502197266
2004-11-11,139500,38.970001220703125,39.58000183105469,38.400001525878906,39.58000183105469,14.856284141540527
2004-11-10,392400,38.5,38.9900016784668,38.459999084472656,38.970001220703125,14.627326011657717
2004-11-09,235100,39.75,40.0,39.43000030517578,39.59999847412109,14.621696472167969
2004-11-08,223500,39.47999954223633,39.59999847412109,39.0,39.41999816894531,14.55522632598877
2004-11-05,404500,41.18000030517578,41.25,39.34000015258789,39.47999954223633,14.57738208770752
2004-11-04,118000,40.560001373291016,41.27999877929688,40.560001373291016,41.18000030517578,15.205080032348633
2004-11-03,176000,40.20000076293945,40.630001068115234,40.20000076293945,40.560001373291016,14.976155281066896
2004-11-02,254800,40.70000076293945,40.709999084472656,39.54999923706055,39.54999923706055,14.60323715209961
2004-11-01,270200,40.18000030517578,40.95000076293945,39.59999847412109,40.880001068115234,15.094315528869627
2004-10-29,169800,41.650001525878906,41.790000915527344,40.34999847412109,40.34999847412109,14.89862060546875
2004-10-28,109000,41.59999847412109,41.70000076293945,41.150001525878906,41.70000076293945,15.397089004516602
2004-10-27,162100,41.2400016784668,41.630001068115234,40.93999862670898,41.630001068115234,15.371234893798828
2004-10-26,119400,40.2400016784668,41.220001220703125,39.90999984741211,41.220001220703125,15.219858169555664
2004-10-25,110200,40.0,40.29999923706055,39.77000045776367,40.25,14.861692428588867
2004-10-22,125800,40.95000076293945,41.130001068115234,39.9900016784668,40.11000061035156,14.810009956359863
2004-10-21,111000,40.04999923706055,40.91999816894531,39.86000061035156,40.91999816894531,15.109079360961914
2004-10-20,172500,40.70000076293945,40.70000076293945,39.61000061035156,40.06999969482422,14.795233726501465
2004-10-19,143700,41.02000045776367,41.25,40.65999984741211,40.66999816894531,15.01677417755127
2004-10-18,121200,40.36000061035156,40.95000076293945,40.060001373291016,40.83000183105469,15.075854301452637
2004-10-15,115700,39.93999862670898,40.400001525878906,39.77999877929688,40.36000061035156,14.902313232421877
2004-10-14,110900,39.5,39.959999084472656,39.150001525878906,39.959999084472656,14.75461769104004
2004-10-13,95100,40.16999816894531,40.25,39.54999923706055,39.59999847412109,14.621696472167969
2004-10-12,127200,39.2400016784668,40.150001525878906,39.18000030517578,40.150001525878906,14.8247709274292
2004-10-11,70800,39.5,39.75,39.36000061035156,39.400001525878906,14.547845840454102
2004-10-08,106300,39.59999847412109,40.0,39.4900016784668,39.540000915527344,14.59954071044922
2004-10-07,119300,40.310001373291016,40.310001373291016,39.54999923706055,39.54999923706055,14.60323715209961
2004-10-06,116300,39.93999862670898,40.310001373291016,39.84999847412109,40.310001373291016,14.883856773376465
2004-10-05,128700,39.900001525878906,40.130001068115234,39.59999847412109,39.93999862670898,14.74722957611084
2004-10-04,136000,39.97999954223633,40.220001220703125,39.84999847412109,39.900001525878906,14.732462882995604
2004-10-01,148300,39.09000015258789,39.95000076293945,38.90999984741211,39.95000076293945,14.75092887878418
2004-09-30,148400,38.709999084472656,39.20000076293945,38.61000061035156,39.040000915527344,14.414925575256348
2004-09-29,167100,38.54999923706055,38.83000183105469,38.380001068115234,38.709999084472656,14.293070793151855
2004-09-28,133500,37.900001525878906,38.45000076293945,37.77999877929688,38.45000076293945,14.197075843811035
2004-09-27,101500,38.25,38.2599983215332,37.93999862670898,37.959999084472656,14.016151428222656
2004-09-24,82000,38.27999877929688,38.43999862670898,38.150001525878906,38.29999923706055,14.141687393188477
2004-09-23,148300,38.34000015258789,38.68999862670898,38.130001068115234,38.33000183105469,14.152764320373535
2004-09-22,234600,38.560001373291016,38.7599983215332,37.869998931884766,38.380001068115234,14.171222686767578
2004-09-21,173400,37.9900016784668,38.81999969482422,37.970001220703125,38.58000183105469,14.245078086853027
2004-09-20,113600,38.68999862670898,38.75,37.970001220703125,37.97999954223633,14.023533821105955
2004-09-17,262400,40.0,40.02999877929688,38.52000045776367,38.77000045776367,14.315228462219238
2004-09-16,174300,38.29999923706055,39.18999862670898,38.29999923706055,39.16999816894531,14.462920188903809
2004-09-15,112000,37.77000045776367,38.470001220703125,37.59999847412109,38.27000045776367,14.130614280700684
2004-09-14,136400,38.16999816894531,38.20000076293945,37.70000076293945,37.70000076293945,13.920151710510254
2004-09-13,159700,39.02000045776367,39.02000045776367,38.150001525878906,38.15999984741211,14.089998245239258
2004-09-10,151500,38.7400016784668,39.040000915527344,38.08000183105469,39.02999877929688,14.41123104095459
2004-09-09,209700,38.959999084472656,39.060001373291016,38.540000915527344,38.65999984741211,14.274614334106444
2004-09-08,197000,39.09999847412109,39.33000183105469,38.900001525878906,38.959999084472656,14.385385513305664
2004-09-07,201800,38.52000045776367,39.13999938964844,38.459999084472656,39.130001068115234,14.448155403137209
2004-09-03,196500,38.400001525878906,38.5,37.95000076293945,38.459999084472656,14.200767517089844
2004-09-02,167400,37.970001220703125,38.31999969482422,37.84000015258789,38.27999877929688,14.134306907653809
2004-09-01,235400,37.7400016784668,38.0099983215332,37.220001220703125,37.75,13.938612937927246
2004-08-31,267900,37.91999816894531,38.0,37.61000061035156,37.75,13.938612937927246
2004-08-30,212200,37.369998931884766,37.68000030517578,37.0099983215332,37.68000030517578,13.912757873535156
2004-08-27,229000,36.84999847412109,37.33000183105469,36.79999923706055,37.290000915527344,13.768763542175291
2004-08-26,141800,36.70000076293945,36.88999938964844,36.70000076293945,36.84000015258789,13.6026029586792
2004-08-25,149900,37.150001525878906,37.150001525878906,36.68999862670898,36.70000076293945,13.550912857055664
2004-08-24,177200,37.130001068115234,37.29999923706055,36.7400016784668,37.150001525878906,13.717074394226074
2004-08-23,149700,37.31999969482422,37.31999969482422,36.86000061035156,36.93000030517578,13.635834693908691
2004-08-20,201200,36.65999984741211,37.400001525878906,36.59999847412109,37.400001525878906,13.809370994567873
2004-08-19,130900,36.95000076293945,36.95000076293945,36.45000076293945,36.459999084472656,13.462302207946776
2004-08-18,183200,36.58000183105469,37.0,36.45000076293945,37.0,13.6616849899292
2004-08-17,185700,36.34999847412109,36.720001220703125,36.29999923706055,36.630001068115234,13.525068283081056
2004-08-16,166400,35.70000076293945,36.310001373291016,35.650001525878906,36.29999923706055,13.40321922302246
2004-08-13,112900,36.02999877929688,36.060001373291016,35.470001220703125,35.54999923706055,13.126294136047363
2004-08-12,168500,36.09000015258789,36.09000015258789,35.529998779296875,35.689998626708984,13.177986145019531
2004-08-11,221700,36.77999877929688,36.77999877929688,36.130001068115234,36.7400016784668,13.329371452331545
2004-08-10,289600,36.11000061035156,36.77999877929688,36.09000015258789,36.66999816894531,13.303974151611328
2004-08-09,145700,36.380001068115234,36.66999816894531,35.939998626708984,35.959999084472656,13.04638385772705
2004-08-06,279000,35.79999923706055,36.7400016784668,35.709999084472656,36.22999954223633,13.144341468811035
2004-08-05,189900,36.83000183105469,36.83000183105469,35.900001525878906,35.970001220703125,13.050019264221191
2004-08-04,213300,36.29999923706055,36.83000183105469,36.20000076293945,36.66999816894531,13.303974151611328
2004-08-03,283200,36.59999847412109,36.68999862670898,36.130001068115234,36.29999923706055,13.169736862182615
2004-08-02,374500,36.52000045776367,36.7400016784668,36.13999938964844,36.70000076293945,13.314858436584473
2004-07-30,197900,36.45000076293945,36.54999923706055,36.119998931884766,36.119998931884766,13.104434967041016
2004-07-29,214300,36.2400016784668,36.380001068115234,36.09999847412109,36.29999923706055,13.169736862182615
2004-07-28,343700,36.119998931884766,36.38999938964844,35.939998626708984,36.150001525878906,13.11531925201416
2004-07-27,267400,36.25,36.54999923706055,36.150001525878906,36.310001373291016,13.173368453979492
2004-07-26,349400,37.0099983215332,37.040000915527344,36.2400016784668,36.25,13.151596069335938
2004-07-23,802300,36.29999923706055,37.150001525878906,36.0,37.04999923706055,13.441837310791016
2004-07-22,291800,37.20000076293945,37.34999847412109,36.220001220703125,36.33000183105469,13.180623054504396
2004-07-21,230600,37.959999084472656,37.959999084472656,37.130001068115234,37.13999938964844,13.474491119384766
2004-07-20,402600,38.650001525878906,38.650001525878906,37.88999938964844,37.95000076293945,13.768360137939451
2004-07-19,106000,38.709999084472656,38.93999862670898,38.52000045776367,38.720001220703125,14.047727584838867
2004-07-16,118600,39.0,39.119998931884766,38.61000061035156,38.61000061035156,14.00781536102295
2004-07-15,132000,38.41999816894531,38.93000030517578,38.34999847412109,38.77000045776367,14.0658597946167
2004-07-14,161800,38.380001068115234,38.61000061035156,38.040000915527344,38.16999816894531,13.848179817199709
2004-07-13,185500,38.77999877929688,38.97999954223633,38.400001525878906,38.43000030517578,13.942513465881348
2004-07-12,142700,38.119998931884766,38.77999877929688,37.81999969482422,38.77999877929688,14.069485664367676
2004-07-09,141400,37.84999847412109,38.310001373291016,37.650001525878906,38.119998931884766,13.83004379272461
2004-07-08,175300,38.75,38.75,37.59000015258789,37.59999847412109,13.641386032104492
2004-07-07,181500,38.25,38.83000183105469,38.25,38.75,14.05860710144043
2004-07-06,216000,38.470001220703125,38.5,37.7599983215332,38.20000076293945,13.859064102172852
2004-07-02,205900,37.900001525878906,38.630001068115234,37.900001525878906,38.470001220703125,13.957018852233888
2004-07-01,183500,37.47999954223633,37.84999847412109,37.15999984741211,37.650001525878906,13.659523963928224
2004-06-30,253000,37.209999084472656,38.08000183105469,37.209999084472656,37.47999954223633,13.597846031188965
2004-06-29,294400,37.93000030517578,38.130001068115234,37.20000076293945,37.209999084472656,13.499890327453612
2004-06-28,206900,38.04999923706055,38.400001525878906,38.04999923706055,38.18000030517578,13.851811408996582
2004-06-25,990400,38.290000915527344,38.54999923706055,37.91999816894531,37.95000076293945,13.768360137939451
2004-06-24,187400,38.34999847412109,38.720001220703125,38.18999862670898,38.38999938964844,13.927996635437012
2004-06-23,219100,37.459999084472656,38.47999954223633,37.380001068115234,38.45000076293945,13.9497652053833
2004-06-22,268400,37.93000030517578,37.93000030517578,37.16999816894531,37.5099983215332,13.608729362487791
2004-06-21,140200,37.59999847412109,37.93000030517578,37.54999923706055,37.93000030517578,13.761104583740234
2004-06-18,200000,37.310001373291016,37.59000015258789,37.209999084472656,37.5099983215332,13.608729362487791
2004-06-17,264700,37.59999847412109,37.63999938964844,37.18999862670898,37.2599983215332,13.518030166625977
2004-06-16,136900,37.130001068115234,37.810001373291016,37.08000183105469,37.70000076293945,13.67766571044922
2004-06-15,133800,36.619998931884766,37.34000015258789,36.619998931884766,37.25,13.514404296875
2004-06-14,146800,36.810001373291016,36.81999969482422,36.16999816894531,36.47999954223633,13.2350435256958
2004-06-10,77800,37.18999862670898,37.220001220703125,36.7400016784668,36.93000030517578,13.398300170898438
2004-06-09,107900,37.38999938964844,37.5,37.04999923706055,37.06999969482422,13.44909954071045
2004-06-08,122400,37.290000915527344,37.38999938964844,37.02000045776367,37.38999938964844,13.56519603729248
2004-06-07,142700,36.880001068115234,37.27000045776367,36.77999877929688,37.09000015258789,13.456351280212402
2004-06-04,115200,36.619998931884766,36.9900016784668,36.38999938964844,36.400001525878906,13.206015586853027
2004-06-03,92400,36.95000076293945,36.95000076293945,36.11000061035156,36.369998931884766,13.195134162902832
2004-06-02,130600,36.459999084472656,36.75,36.209999084472656,36.70000076293945,13.314858436584473
2004-06-01,189600,36.560001373291016,36.58000183105469,35.779998779296875,36.2400016784668,13.14797019958496
2004-05-28,120600,36.18999862670898,36.68999862670898,36.15999984741211,36.54999923706055,13.260443687438965
2004-05-27,142100,36.13999938964844,36.400001525878906,35.90999984741211,36.09999847412109,13.097175598144531
2004-05-26,150000,35.4900016784668,35.95000076293945,34.970001220703125,35.91999816894531,13.031869888305664
2004-05-25,182300,34.16999816894531,35.5,34.16999816894531,35.4900016784668,12.875872611999512
2004-05-24,173100,33.9900016784668,34.34000015258789,33.9900016784668,34.27000045776367,12.43325138092041
2004-05-21,174000,33.619998931884766,34.099998474121094,33.619998931884766,33.7400016784668,12.240962982177734
2004-05-20,393600,32.869998931884766,33.68000030517578,32.75,33.619998931884766,12.197427749633787
2004-05-19,211200,34.099998474121094,34.540000915527344,32.79999923706055,32.869998931884766,11.92532730102539
2004-05-18,318400,33.70000076293945,34.029998779296875,33.70000076293945,34.0,12.33529281616211
2004-05-17,216000,33.599998474121094,34.04999923706055,33.0,33.54999923706055,12.17203426361084
2004-05-14,131000,33.41999816894531,34.0,33.29999923706055,33.779998779296875,12.25547695159912
2004-05-13,285100,33.36000061035156,33.900001525878906,33.130001068115234,33.459999084472656,12.13937759399414
2004-05-12,212900,33.349998474121094,33.61000061035156,32.7599983215332,33.45000076293945,12.135748863220217
2004-05-11,381000,33.75,34.349998474121094,33.75,33.90999984741211,12.072261810302734
2004-05-10,520600,34.599998474121094,34.630001068115234,32.45000076293945,33.689998626708984,11.993941307067873
2004-05-07,197100,36.0,36.0099983215332,34.7599983215332,34.77000045776367,12.378425598144531
2004-05-06,165500,36.54999923706055,36.54999923706055,35.58000183105469,36.09999847412109,12.851921081542969
2004-05-05,161900,37.0,37.09000015258789,36.540000915527344,36.54999923706055,13.01211929321289
2004-05-04,178300,36.15999984741211,37.060001373291016,36.15999984741211,36.650001525878906,13.0477294921875
2004-05-03,276600,35.45000076293945,36.34999847412109,35.04999923706055,36.060001373291016,12.83768367767334
2004-04-30,168400,36.34000015258789,36.34000015258789,35.7400016784668,35.849998474121094,12.762913703918455
2004-04-29,187200,36.95000076293945,37.2599983215332,36.0,36.34000015258789,12.937365531921388
2004-04-28,178800,37.29999923706055,37.29999923706055,36.869998931884766,36.95000076293945,13.154528617858888
2004-04-27,186600,36.400001525878906,37.29999923706055,36.400001525878906,37.29999923706055,13.279132843017578
2004-04-26,126900,35.349998474121094,36.630001068115234,35.349998474121094,36.33000183105469,12.933801651000977
2004-04-23,143900,36.34999847412109,36.43000030517578,35.849998474121094,35.849998474121094,12.762913703918455
2004-04-22,117200,35.880001068115234,36.97999954223633,35.79999923706055,36.59999847412109,13.029919624328612
2004-04-21,161800,35.25,36.0099983215332,35.25,35.869998931884766,12.77003574371338
2004-04-20,142200,37.060001373291016,37.27000045776367,35.52000045776367,35.52000045776367,12.645437240600586
2004-04-19,124200,37.52000045776367,37.52000045776367,36.61000061035156,37.13999938964844,13.222168922424316
2004-04-16,213900,36.70000076293945,37.880001068115234,36.43999862670898,37.27000045776367,13.268452644348145
2004-04-15,229900,35.349998474121094,36.79999923706055,35.349998474121094,36.7599983215332,13.086885452270508
2004-04-14,491600,34.5,36.06999969482422,34.5,35.34000015258789,12.58134651184082
2004-04-13,629700,35.29999923706055,36.90999984741211,34.5099983215332,35.459999084472656,12.624072074890137
2004-04-12,716700,37.77999877929688,37.77999877929688,36.68000030517578,36.7400016784668,13.079767227172852
2004-04-08,208600,37.81999969482422,38.130001068115234,37.380001068115234,37.84999847412109,13.474932670593262
2004-04-07,577000,37.27999877929688,38.5099983215332,36.88999938964844,37.81999969482422,13.464258193969728
2004-04-06,1015000,38.75,38.91999816894531,36.34999847412109,37.18000030517578,13.236409187316896
2004-04-05,376800,43.45000076293945,43.45000076293945,40.11000061035156,40.11000061035156,14.279518127441406
2004-04-02,275200,43.5,44.02999877929688,43.4900016784668,43.65999984741211,15.543346405029297
2004-04-01,217600,42.5,43.59999847412109,42.5,43.4900016784668,15.482827186584473
2004-03-31,189100,42.130001068115234,42.70000076293945,42.060001373291016,42.70000076293945,15.201582908630373
2004-03-30,112200,41.95000076293945,42.13999938964844,41.83000183105469,42.130001068115234,14.998655319213867
2004-03-29,88000,41.61000061035156,41.95000076293945,41.56999969482422,41.95000076293945,14.93457317352295
2004-03-26,178000,41.970001220703125,42.0,41.66999816894531,41.68000030517578,14.838446617126465
2004-03-25,107300,41.34999847412109,42.0,41.34999847412109,41.93000030517578,14.927449226379396
2004-03-24,73400,42.150001525878906,42.150001525878906,41.59999847412109,41.59999847412109,14.809959411621094
2004-03-23,138600,42.08000183105469,42.150001525878906,41.709999084472656,42.0,14.952377319335938
2004-03-22,128400,42.61000061035156,42.720001220703125,41.9900016784668,42.0,14.952377319335938
2004-03-19,110800,42.33000183105469,43.150001525878906,42.16999816894531,42.83000183105469,15.247859954833984
2004-03-18,86300,42.2400016784668,42.41999816894531,41.90999984741211,42.33000183105469,15.069856643676758
2004-03-17,152300,41.5099983215332,42.13999938964844,41.43000030517578,42.13999938964844,15.002216339111328
2004-03-16,106600,41.20000076293945,41.52000045776367,41.20000076293945,41.310001373291016,14.70672607421875
2004-03-15,146800,41.5,41.5,41.09000015258789,41.119998931884766,14.639087677001951
2004-03-12,191100,40.04999923706055,41.5,40.04999923706055,41.5,14.774368286132812
2004-03-11,196500,40.369998931884766,40.7400016784668,39.75,40.09999847412109,14.275954246520996
2004-03-10,87200,40.900001525878906,40.900001525878906,40.619998931884766,40.619998931884766,14.46108055114746
2004-03-09,66000,41.220001220703125,41.220001220703125,40.70000076293945,40.95000076293945,14.578567504882812
2004-03-08,114800,41.5,41.52999877929688,41.150001525878906,41.220001220703125,14.674688339233398
2004-03-05,109900,41.150001525878906,41.75,41.060001373291016,41.720001220703125,14.852691650390623
2004-03-04,109200,40.90999984741211,41.04999923706055,40.58000183105469,41.0,14.59636688232422
2004-03-03,110400,40.709999084472656,40.84000015258789,40.52000045776367,40.810001373291016,14.528729438781738
2004-03-02,131200,40.150001525878906,40.72999954223633,40.11000061035156,40.72999954223633,14.500244140625
2004-03-01,159800,39.84999847412109,40.41999816894531,39.84999847412109,40.25,14.32935905456543
2004-02-27,99000,39.619998931884766,39.880001068115234,39.59999847412109,39.84999847412109,14.186954498291016
2004-02-26,134400,39.7400016784668,40.0,39.38999938964844,39.7400016784668,14.14779281616211
2004-02-25,154500,38.59000015258789,39.900001525878906,38.540000915527344,39.900001525878906,14.204760551452637
2004-02-24,101500,37.84000015258789,38.61000061035156,37.84000015258789,38.5,13.706341743469238
2004-02-23,114400,38.400001525878906,38.709999084472656,37.84999847412109,38.09999847412109,13.563940048217772
2004-02-20,108700,38.75,38.7599983215332,38.18999862670898,38.31999969482422,13.642260551452637
2004-02-19,70000,38.52000045776367,38.86000061035156,38.52000045776367,38.77000045776367,13.802468299865724
2004-02-18,110900,38.77999877929688,38.900001525878906,38.59999847412109,38.650001525878906,13.759740829467772
2004-02-17,129800,38.869998931884766,39.0,38.75,38.77000045776367,13.802468299865724
2004-02-13,160300,39.65999984741211,39.709999084472656,38.66999816894531,38.88999938964844,13.84518337249756
2004-02-12,174900,40.150001525878906,40.150001525878906,39.20000076293945,39.650001525878906,14.115753173828123
2004-02-11,197700,40.5,40.5,40.06999969482422,40.150001525878906,14.293752670288086
2004-02-10,130700,40.709999084472656,41.16999816894531,40.59999847412109,41.11000061035156,14.41124439239502
2004-02-09,107500,40.70000076293945,40.70000076293945,40.45000076293945,40.630001068115234,14.242975234985352
2004-02-06,174900,40.08000183105469,40.5,39.59000015258789,40.5,14.19740390777588
2004-02-05,169700,39.720001220703125,40.09000015258789,39.70000076293945,40.02000045776367,14.02913761138916
2004-02-04,148100,40.70000076293945,40.70000076293945,39.709999084472656,39.709999084472656,13.920464515686035
2004-02-03,233400,41.09999847412109,41.66999816894531,40.5099983215332,40.70000076293945,14.267508506774902
2004-02-02,212700,40.95000076293945,41.09999847412109,40.209999084472656,41.09999847412109,14.407730102539062
2004-01-30,172400,39.70000076293945,41.04999923706055,39.68000030517578,41.04999923706055,14.3902006149292
2004-01-29,149700,39.720001220703125,40.11000061035156,39.25,39.540000915527344,13.860872268676758
2004-01-28,208300,39.369998931884766,40.20000076293945,39.369998931884766,39.75,13.934489250183104
2004-01-27,121100,38.61000061035156,39.68000030517578,38.61000061035156,39.40999984741211,13.815300941467283
2004-01-26,83600,38.400001525878906,38.709999084472656,38.34999847412109,38.68000030517578,13.559393882751465
2004-01-23,86400,38.119998931884766,38.560001373291016,38.11000061035156,38.54999923706055,13.513823509216309
2004-01-22,153100,37.790000915527344,38.84000015258789,37.790000915527344,38.0,13.321025848388672
2004-01-21,66400,37.84999847412109,37.97999954223633,37.77000045776367,37.970001220703125,13.310502052307127
2004-01-20,95500,37.540000915527344,38.0,37.40999984741211,37.83000183105469,13.26142692565918
2004-01-16,128800,37.54999923706055,37.869998931884766,37.54999923706055,37.54999923706055,13.163268089294434
2004-01-15,108400,37.31999969482422,37.81999969482422,37.31999969482422,37.59999847412109,13.180801391601562
2004-01-14,95600,37.18000030517578,37.560001373291016,37.11000061035156,37.38999938964844,13.107183456420898
2004-01-13,82800,37.09999847412109,37.27999877929688,36.970001220703125,37.27999877929688,13.068622589111328
2004-01-12,89800,36.70000076293945,37.20000076293945,36.70000076293945,37.15999984741211,13.0265531539917
2004-01-09,191700,35.849998474121094,36.84999847412109,35.849998474121094,36.68000030517578,12.85828971862793
2004-01-08,80100,35.5,35.70000076293945,35.5,35.599998474121094,12.47968578338623
2004-01-07,171200,35.25,35.720001220703125,35.15999984741211,35.400001525878906,12.409582138061523
2004-01-06,193700,35.540000915527344,35.56999969482422,35.34000015258789,35.36000061035156,12.395556449890137
2004-01-05,146000,35.380001068115234,35.84000015258789,35.34000015258789,35.45000076293945,12.427112579345703
2004-01-02,147400,35.75,35.77000045776367,35.29999923706055,35.380001068115234,12.402575492858888
2003-12-31,68300,36.5,36.7400016784668,35.75,35.75,12.53227424621582
2003-12-30,50800,36.04999923706055,36.45000076293945,36.04999923706055,36.45000076293945,12.777661323547363
2003-12-29,90100,36.119998931884766,36.130001068115234,36.0,36.04999923706055,12.637443542480469
2003-12-26,36200,35.959999084472656,36.15999984741211,35.91999816894531,36.119998931884766,12.66197681427002
2003-12-24,28000,35.79999923706055,36.08000183105469,35.70000076293945,36.0099983215332,12.623418807983398
2003-12-23,52900,35.95000076293945,36.0,35.79999923706055,35.849998474121094,12.567328453063965
2003-12-22,76600,35.959999084472656,35.959999084472656,35.790000915527344,35.95000076293945,12.602391242980955
2003-12-19,89800,35.84000015258789,35.939998626708984,35.790000915527344,35.939998626708984,12.598877906799316
2003-12-18,76200,35.79999923706055,35.88999938964844,35.65999984741211,35.84000015258789,12.563824653625488
2003-12-17,73500,35.5,35.849998474121094,35.459999084472656,35.81999969482422,12.556812286376951
2003-12-16,58500,35.2599983215332,35.5099983215332,35.04999923706055,35.45000076293945,12.427112579345703
2003-12-15,124100,35.849998474121094,35.849998474121094,35.11000061035156,35.15999984741211,12.32544231414795
2003-12-12,115100,35.060001373291016,35.880001068115234,35.040000915527344,35.849998474121094,12.567328453063965
2003-12-11,120700,34.63999938964844,35.060001373291016,34.63999938964844,35.060001373291016,12.290396690368652
2003-12-10,73900,34.70000076293945,34.70000076293945,34.5099983215332,34.66999816894531,12.153676986694336
2003-12-09,80600,34.65999984741211,34.75,34.5,34.599998474121094,12.12913703918457
2003-12-08,105100,34.619998931884766,34.68000030517578,34.209999084472656,34.68000030517578,12.157183647155762
2003-12-05,67600,34.650001525878906,34.68000030517578,34.5099983215332,34.650001525878906,12.1466646194458
2003-12-04,144800,34.7400016784668,34.7400016784668,34.34000015258789,34.529998779296875,12.104604721069336
2003-12-03,65800,34.91999816894531,34.91999816894531,34.540000915527344,34.619998931884766,12.136144638061523
2003-12-02,68300,34.720001220703125,34.90999984741211,34.650001525878906,34.81999969482422,12.20626163482666
2003-12-01,98600,35.0,35.0,34.619998931884766,34.689998626708984,12.160689353942873
2003-11-28,48300,34.5,34.900001525878906,34.5,34.900001525878906,12.23430633544922
2003-11-26,71600,34.25,34.709999084472656,34.20000076293945,34.709999084472656,12.16769790649414
2003-11-25,81400,33.93000030517578,34.5,33.880001068115234,34.5,12.094083786010742
2003-11-24,84900,33.650001525878906,33.9900016784668,33.59000015258789,33.9900016784668,11.915298461914062
2003-11-21,146200,33.97999954223633,34.0,33.439998626708984,33.68000030517578,11.806631088256836
2003-11-20,101900,34.52000045776367,34.599998474121094,33.97999954223633,33.97999954223633,11.91179656982422
2003-11-19,118800,34.70000076293945,34.900001525878906,34.599998474121094,34.7599983215332,12.18522834777832
2003-11-18,126100,34.599998474121094,34.779998779296875,34.43000030517578,34.529998779296875,12.104604721069336
2003-11-17,148700,34.849998474121094,34.900001525878906,34.560001373291016,34.58000183105469,12.122129440307615
2003-11-14,88400,34.77000045776367,35.900001525878906,34.77000045776367,34.849998474121094,12.216774940490724
2003-11-13,111400,34.650001525878906,34.939998626708984,34.369998931884766,34.779998779296875,12.19223976135254
2003-11-12,102800,34.279998779296875,34.70000076293945,34.2599983215332,34.70000076293945,12.164191246032717
2003-11-11,136600,34.97999954223633,35.0,34.75,34.790000915527344,11.97665023803711
2003-11-10,132200,35.150001525878906,35.38999938964844,34.900001525878906,34.90999984741211,12.01795482635498
2003-11-07,128700,34.54999923706055,35.04999923706055,34.54999923706055,35.04999923706055,12.06615161895752
2003-11-06,163000,34.15999984741211,34.650001525878906,34.099998474121094,34.43000030517578,11.85271167755127
2003-11-05,147700,34.25,34.709999084472656,34.13999938964844,34.25,11.790751457214355
2003-11-04,130300,34.04999923706055,34.25,33.90999984741211,34.25,11.790751457214355
2003-11-03,182400,34.0,34.209999084472656,33.75,34.16999816894531,11.763211250305176
2003-10-31,189400,34.25,34.25,33.5,33.75,11.618621826171877
2003-10-30,104800,34.04999923706055,34.25,33.90999984741211,34.25,11.790751457214355
2003-10-29,136400,33.630001068115234,34.13999938964844,33.630001068115234,34.04999923706055,11.72189998626709
2003-10-28,181300,33.97999954223633,34.02000045776367,33.349998474121094,33.5,11.53256130218506
2003-10-27,226100,33.79999923706055,34.27000045776367,33.79999923706055,33.849998474121094,11.653046607971191
2003-10-24,222500,33.79999923706055,33.81999969482422,33.540000915527344,33.7400016784668,11.61518096923828
2003-10-23,125000,33.7599983215332,33.95000076293945,33.68000030517578,33.81999969482422,11.64272117614746
2003-10-22,88200,33.900001525878906,33.90999984741211,33.650001525878906,33.75,11.618621826171877
2003-10-21,122700,33.95000076293945,34.0,33.7599983215332,33.939998626708984,11.684032440185549
2003-10-20,125200,34.0,34.0,33.72999954223633,33.88999938964844,11.66681957244873
2003-10-17,121200,33.70000076293945,34.0,33.5,34.0,11.704687118530272
2003-10-16,114300,33.709999084472656,33.79999923706055,33.58000183105469,33.720001220703125,11.608294486999512
2003-10-15,86700,33.619998931884766,33.75,33.349998474121094,33.709999084472656,11.604851722717283
2003-10-14,70800,33.56999969482422,33.70000076293945,33.29999923706055,33.70000076293945,11.601412773132324
2003-10-13,107900,33.33000183105469,33.70000076293945,33.0,33.560001373291016,11.553215026855469
2003-10-10,91300,33.380001068115234,33.41999816894531,33.27000045776367,33.369998931884766,11.48780632019043
2003-10-09,134200,33.349998474121094,33.529998779296875,32.939998626708984,33.33000183105469,11.474034309387209
2003-10-08,102700,32.95000076293945,33.36000061035156,32.849998474121094,33.349998474121094,11.480917930603027
2003-10-07,86900,32.95000076293945,33.0,32.75,32.95000076293945,11.343218803405762
2003-10-06,111600,32.880001068115234,33.0,32.70000076293945,33.0,11.360427856445312
2003-10-03,148900,32.279998779296875,32.88999938964844,32.22999954223633,32.880001068115234,11.319120407104492
2003-10-02,178100,32.0099983215332,32.279998779296875,31.920000076293945,32.20000076293945,11.0850248336792
2003-10-01,150900,31.979999542236328,32.029998779296875,31.86000061035156,32.0,11.016170501708984
2003-09-30,219000,31.8700008392334,32.0,31.59000015258789,31.979999542236328,11.00929069519043
2003-09-29,88700,31.520000457763672,31.90999984741211,31.51000022888184,31.86000061035156,10.967979431152344
2003-09-26,74700,31.520000457763672,31.520000457763672,31.14999961853028,31.34000015258789,10.788968086242676
2003-09-25,136700,31.450000762939453,31.690000534057617,31.39999961853028,31.39999961853028,10.809621810913086
2003-09-24,119900,31.82999992370605,32.0,31.61000061035156,31.6299991607666,10.888799667358398
2003-09-23,126800,31.809999465942383,32.08000183105469,31.700000762939453,31.770000457763672,10.93699836730957
2003-09-22,125400,31.530000686645508,31.75,31.5,31.75,10.930112838745115
2003-09-19,135800,31.39999961853028,31.76000022888184,31.3700008392334,31.520000457763672,10.850932121276855
2003-09-18,112300,31.39999961853028,31.600000381469727,31.39999961853028,31.479999542236328,10.837162017822266
2003-09-17,162900,31.700000762939453,31.700000762939453,31.290000915527344,31.38999938964844,10.806175231933594
2003-09-16,96500,31.959999084472656,31.989999771118164,31.520000457763672,31.64999961853028,10.895685195922852
2003-09-15,91000,31.950000762939453,32.02000045776367,31.76000022888184,31.84000015258789,10.96109390258789
2003-09-12,111700,31.700000762939453,31.96999931335449,31.520000457763672,31.950000762939453,10.998963356018066
2003-09-11,77200,31.5,31.75,31.5,31.75,10.930112838745115
2003-09-10,182300,31.96999931335449,31.96999931335449,31.32999992370605,31.450000762939453,10.826834678649902
2003-09-09,131400,32.27000045776367,32.27000045776367,31.790000915527344,31.84000015258789,10.96109390258789
2003-09-08,393700,32.540000915527344,32.540000915527344,31.799999237060547,32.16999816894531,11.074698448181152
2003-09-05,188200,32.75,32.790000915527344,32.45000076293945,32.54999923706055,11.205517768859863
2003-09-04,113600,32.97999954223633,33.0,32.709999084472656,32.959999084472656,11.346657752990724
2003-09-03,147200,32.58000183105469,32.90999984741211,32.34000015258789,32.90999984741211,11.329448699951172
2003-09-02,150800,31.780000686645508,32.58000183105469,31.780000686645508,32.58000183105469,11.215842247009276
2003-08-29,98500,31.21999931335449,31.68000030517578,31.21999931335449,31.65999984741211,10.899124145507812
2003-08-28,156600,31.530000686645508,31.530000686645508,31.270000457763672,31.420000076293945,10.816510200500488
2003-08-27,138300,31.38999938964844,31.549999237060547,31.3799991607666,31.5,10.844048500061035
2003-08-26,119800,31.290000915527344,31.489999771118164,31.100000381469727,31.3799991607666,10.802738189697266
2003-08-25,88100,31.600000381469727,31.690000534057617,31.1299991607666,31.229999542236328,10.7510986328125
2003-08-22,71600,31.950000762939453,31.950000762939453,31.57999992370605,31.59000015258789,10.875033378601074
2003-08-21,84800,31.89999961853028,32.119998931884766,31.780000686645508,31.850000381469727,10.964539527893066
2003-08-20,125400,31.690000534057617,31.82999992370605,31.25,31.770000457763672,10.93699836730957
2003-08-19,92800,31.5,31.700000762939453,31.459999084472656,31.690000534057617,10.90945529937744
2003-08-18,100500,31.43000030517578,31.5,31.309999465942383,31.39999961853028,10.809621810913086
2003-08-15,74600,31.5,31.64999961853028,31.290000915527344,31.309999465942383,10.77863311767578
2003-08-14,177300,31.700000762939453,31.729999542236328,31.200000762939453,31.5,10.844048500061035
2003-08-13,132700,32.0,32.060001373291016,31.6299991607666,31.780000686645508,10.940441131591797
2003-08-12,173300,32.2599983215332,32.59000015258789,32.15999984741211,32.43000030517578,10.950762748718262
2003-08-11,101100,32.20000076293945,32.459999084472656,32.20000076293945,32.220001220703125,10.879857063293455
2003-08-08,127800,32.380001068115234,32.45000076293945,32.060001373291016,32.119998931884766,10.846087455749512
2003-08-07,122500,32.29999923706055,32.36000061035156,32.11000061035156,32.33000183105469,10.91700267791748
2003-08-06,65400,32.5,32.58000183105469,32.2599983215332,32.369998931884766,10.93050479888916
2003-08-05,111900,32.45000076293945,32.59000015258789,32.310001373291016,32.5,10.974405288696287
2003-08-04,127200,32.36000061035156,32.5,32.04999923706055,32.290000915527344,10.90349578857422
2003-08-01,202900,32.849998474121094,32.959999084472656,31.96999931335449,32.2400016784668,10.886609077453612
2003-07-31,132200,32.970001220703125,32.9900016784668,32.599998474121094,32.790000915527344,11.072331428527832
2003-07-30,114600,32.470001220703125,32.9900016784668,32.43000030517578,32.9900016784668,11.139863014221191
2003-07-29,109700,32.04999923706055,32.529998779296875,31.989999771118164,32.470001220703125,10.964268684387209
2003-07-28,121600,31.700000762939453,32.099998474121094,31.600000381469727,31.96999931335449,10.795440673828123
2003-07-25,153400,31.89999961853028,31.950000762939453,31.100000381469727,31.559999465942383,10.656989097595217
2003-07-24,92800,31.82999992370605,32.0,31.809999465942383,31.989999771118164,10.802193641662598
2003-07-23,78100,31.75,31.8799991607666,31.63999938964844,31.81999969482422,10.74478816986084
2003-07-22,64000,31.540000915527344,31.8799991607666,31.530000686645508,31.600000381469727,10.670496940612791
2003-07-21,65400,31.520000457763672,31.57999992370605,31.34000015258789,31.440000534057617,10.61647129058838
2003-07-18,226200,31.520000457763672,31.790000915527344,31.350000381469727,31.56999969482422,10.66036891937256
2003-07-17,128000,31.700000762939453,31.850000381469727,31.540000915527344,31.559999465942383,10.656989097595217
2003-07-16,105600,31.57999992370605,31.93000030517578,31.57999992370605,31.93000030517578,10.781926155090332
2003-07-15,102300,31.82999992370605,31.8799991607666,31.71999931335449,31.75,10.721146583557127
2003-07-14,95500,31.600000381469727,31.89999961853028,31.600000381469727,31.82999992370605,10.748167037963867
2003-07-11,95000,31.0,31.739999771118164,31.0,31.600000381469727,10.670496940612791
2003-07-10,95900,31.64999961853028,31.64999961853028,31.0,31.049999237060547,10.48477554321289
2003-07-09,138600,31.479999542236328,31.739999771118164,31.3799991607666,31.739999771118164,10.717777252197266
2003-07-08,189500,31.350000381469727,31.700000762939453,31.059999465942383,31.3799991607666,10.596209526062012
2003-07-07,168700,31.14999961853028,31.549999237060547,31.100000381469727,31.350000381469727,10.586076736450195
2003-07-03,64300,30.64999961853028,31.100000381469727,30.600000381469727,31.100000381469727,10.501660346984863
2003-07-02,189500,30.450000762939453,30.850000381469727,30.280000686645508,30.850000381469727,10.417240142822266
2003-07-01,281200,29.200000762939453,30.420000076293945,29.170000076293945,30.299999237060547,10.23151969909668
2003-06-30,777200,29.790000915527344,29.89999961853028,29.14999961853028,29.14999961853028,9.843195915222168
2003-06-27,194000,30.39999961853028,30.39999961853028,29.979999542236328,29.989999771118164,10.126838684082031
2003-06-26,186400,29.5,30.26000022888184,29.39999961853028,30.26000022888184,10.218009948730469
2003-06-25,165200,29.5,29.89999961853028,29.5,29.670000076293945,10.01878547668457
2003-06-24,180400,29.200000762939453,29.5,29.200000762939453,29.440000534057617,9.941125869750977
2003-06-23,230300,29.64999961853028,29.64999961853028,29.049999237060547,29.1200008392334,9.8330659866333
2003-06-20,116900,29.799999237060547,29.84000015258789,29.440000534057617,29.64999961853028,10.012033462524414
2003-06-19,172500,30.049999237060547,30.13999938964844,29.420000076293945,29.75,10.04579734802246
2003-06-18,201300,30.0,30.100000381469727,29.6299991607666,30.049999237060547,10.147103309631348
2003-06-17,210600,30.63999938964844,30.89999961853028,30.030000686645508,30.13999938964844,10.177492141723633
2003-06-16,192900,30.65999984741211,31.239999771118164,30.65999984741211,30.739999771118164,10.380099296569824
2003-06-13,189300,31.0,31.09000015258789,30.64999961853028,30.64999961853028,10.349711418151855
2003-06-12,140200,31.0,31.100000381469727,30.850000381469727,31.0,10.4678955078125
2003-06-11,169200,30.950000762939453,31.049999237060547,30.670000076293945,30.96999931335449,10.457764625549316
2003-06-10,240000,30.530000686645508,31.0,30.5,30.89999961853028,10.434123992919922
2003-06-09,286100,30.600000381469727,30.90999984741211,30.5,30.51000022888184,10.302433967590332
2003-06-06,170300,29.739999771118164,30.32999992370605,29.729999542236328,30.100000381469727,10.163985252380373
2003-06-05,170300,29.68000030517578,29.68000030517578,29.39999961853028,29.65999984741211,10.015409469604492
2003-06-04,212300,29.13999938964844,29.75,29.1299991607666,29.420000076293945,9.934367179870604
2003-06-03,164300,29.14999961853028,29.15999984741211,28.950000762939453,29.100000381469727,9.826309204101562
2003-06-02,188100,29.049999237060547,29.229999542236328,28.950000762939453,29.09000015258789,9.8229341506958
2003-05-30,212500,28.63999938964844,29.14999961853028,28.63999938964844,29.049999237060547,9.80943202972412
2003-05-29,251000,29.049999237060547,29.450000762939453,28.229999542236328,28.63999938964844,9.670978546142578
2003-05-28,182800,29.350000381469727,29.56999969482422,29.18000030517578,29.209999084472656,9.86345672607422
2003-05-27,157000,29.290000915527344,29.32999992370605,29.100000381469727,29.25,9.876965522766112
2003-05-23,167900,28.959999084472656,29.290000915527344,28.86000061035156,29.280000686645508,9.887094497680664
2003-05-22,184300,28.950000762939453,29.059999465942383,28.850000381469727,29.020000457763672,9.79929542541504
2003-05-21,142100,28.799999237060547,28.93000030517578,28.51000022888184,28.920000076293945,9.765531539916992
2003-05-20,233000,28.850000381469727,28.96999931335449,28.299999237060547,28.780000686645508,9.71825885772705
2003-05-19,128800,28.979999542236328,29.0,28.1200008392334,28.799999237060547,9.725008010864258
2003-05-16,172600,28.96999931335449,29.020000457763672,28.75,28.920000076293945,9.765531539916992
2003-05-15,166900,29.07999992370605,29.190000534057617,28.989999771118164,29.040000915527344,9.806053161621094
2003-05-14,163800,29.100000381469727,29.11000061035156,28.88999938964844,29.030000686645508,9.802679061889648
2003-05-13,260300,29.280000686645508,29.280000686645508,28.8799991607666,29.049999237060547,9.80943202972412
2003-05-12,204300,29.25,29.690000534057617,29.25,29.690000534057617,9.817869186401367
2003-05-09,161200,29.0,29.350000381469727,28.989999771118164,29.26000022888184,9.675679206848145
2003-05-08,123300,28.780000686645508,28.96999931335449,28.75,28.96999931335449,9.57978343963623
2003-05-07,226200,28.86000061035156,28.93000030517578,28.559999465942383,28.809999465942383,9.526874542236328
2003-05-06,155900,28.65999984741211,28.850000381469727,28.5,28.65999984741211,9.477272987365724
2003-05-05,167200,28.170000076293945,28.690000534057617,28.100000381469727,28.690000534057617,9.487191200256348
2003-05-02,317600,27.780000686645508,28.09000015258789,27.65999984741211,28.020000457763672,9.26563549041748
2003-05-01,156200,27.530000686645508,27.75,27.209999084472656,27.65999984741211,9.146591186523438
2003-04-30,184100,27.68000030517578,27.690000534057617,27.38999938964844,27.530000686645508,9.103605270385742
2003-04-29,224000,27.5,27.989999771118164,27.459999084472656,27.6200008392334,9.133363723754885
2003-04-28,302800,27.01000022888184,27.86000061035156,26.809999465942383,27.459999084472656,9.08045482635498
2003-04-25,166700,27.3700008392334,27.39999961853028,27.0,27.0,8.92834758758545
2003-04-24,219000,27.549999237060547,27.56999969482422,27.299999237060547,27.299999237060547,9.027546882629396
2003-04-23,220600,27.5,27.71999931335449,27.32999992370605,27.520000457763672,9.100296974182127
2003-04-22,267300,26.979999542236328,27.38999938964844,26.8799991607666,27.229999542236328,9.004398345947266
2003-04-21,182300,26.71999931335449,26.979999542236328,26.63999938964844,26.979999542236328,8.921733856201172
2003-04-17,172800,26.450000762939453,26.65999984741211,26.21999931335449,26.600000381469727,8.796070098876953
2003-04-16,213500,26.06999969482422,26.34000015258789,25.809999465942383,26.32999992370605,8.706787109375
2003-04-15,217300,25.64999961853028,26.0,25.440000534057617,26.0,8.597665786743164
2003-04-14,133200,25.39999961853028,25.64999961853028,25.39999961853028,25.64999961853028,8.481925964355469
2003-04-11,213700,25.51000022888184,25.729999542236328,25.229999542236328,25.40999984741211,8.40256404876709
2003-04-10,205500,25.450000762939453,25.530000686645508,25.170000076293945,25.5,8.432323455810547
2003-04-09,236100,25.100000381469727,25.57999992370605,25.06999969482422,25.299999237060547,8.366188049316406
2003-04-08,183800,25.100000381469727,25.26000022888184,25.0,25.229999542236328,8.343042373657227
2003-04-07,179400,24.93000030517578,25.21999931335449,24.93000030517578,25.200000762939453,8.333122253417969
2003-04-04,287700,24.739999771118164,25.0,24.670000076293945,24.700000762939453,8.167780876159668
2003-04-03,275800,25.40999984741211,25.40999984741211,24.739999771118164,24.739999771118164,8.181010246276855
2003-04-02,123600,25.25,25.39999961853028,25.14999961853028,25.39999961853028,8.39925479888916
2003-04-01,194900,24.420000076293945,25.06999969482422,24.420000076293945,25.06999969482422,8.290130615234375
2003-03-31,355500,24.520000457763672,24.64999961853028,24.39999961853028,24.420000076293945,8.075188636779785
2003-03-28,297700,25.0,25.06999969482422,24.489999771118164,24.56999969482422,8.124792098999023
2003-03-27,282500,24.920000076293945,25.200000762939453,24.89999961853028,25.06999969482422,8.290130615234375
2003-03-26,271800,25.0,25.14999961853028,24.799999237060547,24.96999931335449,8.257067680358887
2003-03-25,345200,24.75,24.979999542236328,24.520000457763672,24.850000381469727,8.21738338470459
2003-03-24,416100,24.520000457763672,24.950000762939453,24.520000457763672,24.780000686645508,8.194235801696777
2003-03-21,869100,25.25,25.600000381469727,24.5,25.25,8.349652290344238
2003-03-20,2763600,26.40999984741211,26.40999984741211,22.959999084472656,25.450000762939453,8.415790557861328
2003-03-19,1370100,29.5,29.5,26.39999961853028,26.39999961853028,8.729936599731445
2003-03-18,100500,29.200000762939453,29.46999931335449,28.96999931335449,29.450000762939453,9.738506317138672
2003-03-17,140100,28.5,29.14999961853028,28.489999771118164,29.14999961853028,9.639301300048828
2003-03-14,106900,28.81999969482422,28.81999969482422,28.420000076293945,28.600000381469727,9.457433700561523
2003-03-13,148700,28.520000457763672,28.6200008392334,28.38999938964844,28.6200008392334,9.46404266357422
2003-03-12,205600,28.030000686645508,29.280000686645508,27.93000030517578,28.350000381469727,9.374756813049316
2003-03-11,131000,28.26000022888184,28.46999931335449,28.0,28.07999992370605,9.285479545593262
2003-03-10,111900,28.43000030517578,28.440000534057617,28.14999961853028,28.209999084472656,9.328466415405272
2003-03-07,114500,28.350000381469727,28.700000762939453,28.299999237060547,28.46999931335449,9.414441108703612
2003-03-06,147600,29.0,29.040000915527344,28.43000030517578,28.5,9.424360275268556
2003-03-05,194300,28.520000457763672,29.07999992370605,28.3700008392334,28.93000030517578,9.56655216217041
2003-03-04,134200,28.209999084472656,28.520000457763672,28.059999465942383,28.520000457763672,9.430975914001465
2003-03-03,101800,28.18000030517578,28.350000381469727,27.93000030517578,28.209999084472656,9.328466415405272
2003-02-28,113700,27.979999542236328,28.07999992370605,27.82999992370605,28.06999969482422,9.282166481018066
2003-02-27,107800,27.82999992370605,28.040000915527344,27.739999771118164,27.950000762939453,9.242487907409668
2003-02-26,140000,28.0,28.0,27.57999992370605,27.790000915527344,9.189580917358398
2003-02-25,161400,27.549999237060547,28.0,27.309999465942383,28.0,9.25902271270752
2003-02-24,140400,27.809999465942383,27.809999465942383,27.299999237060547,27.700000762939453,9.15981674194336
2003-02-21,141200,27.600000381469727,27.8799991607666,27.39999961853028,27.799999237060547,9.19288444519043
2003-02-20,124100,27.520000457763672,27.6299991607666,27.40999984741211,27.549999237060547,9.110214233398438
2003-02-19,232200,27.5,27.600000381469727,27.3799991607666,27.520000457763672,9.100296974182127
2003-02-18,169800,27.39999961853028,27.71999931335449,27.36000061035156,27.600000381469727,9.126752853393556
2003-02-14,170200,27.780000686645508,27.780000686645508,27.1200008392334,27.39999961853028,9.060612678527832
2003-02-13,233400,27.64999961853028,27.64999961853028,27.14999961853028,27.6299991607666,9.13667106628418
2003-02-12,268800,27.850000381469727,27.96999931335449,27.600000381469727,27.600000381469727,9.126752853393556
2003-02-11,165200,28.700000762939453,28.809999465942383,28.31999969482422,28.39999961853028,9.189577102661133
2003-02-10,168800,28.39999961853028,28.75,28.350000381469727,28.700000762939453,9.28665542602539
2003-02-07,121200,28.89999961853028,28.89999961853028,28.299999237060547,28.299999237060547,9.15722370147705
2003-02-06,188900,28.549999237060547,28.799999237060547,28.309999465942383,28.799999237060547,9.319008827209473
2003-02-05,227700,28.450000762939453,28.739999771118164,28.25,28.549999237060547,9.238112449645996
2003-02-04,237200,28.25,28.39999961853028,27.989999771118164,28.38999938964844,9.186342239379885
2003-02-03,237000,28.3700008392334,28.530000686645508,28.15999984741211,28.18000030517578,9.118388175964355
2003-01-31,223000,27.39999961853028,28.13999938964844,27.39999961853028,28.1299991607666,9.102211952209473
2003-01-30,172400,27.549999237060547,27.850000381469727,27.350000381469727,27.5,8.898361206054688
2003-01-29,292300,26.809999465942383,27.5,26.809999465942383,27.5,8.898361206054688
2003-01-28,573300,27.200000762939453,27.26000022888184,25.89999961853028,26.809999465942383,8.675089836120605
2003-01-27,149400,27.89999961853028,27.89999961853028,27.190000534057617,27.280000686645508,8.827176094055176
2003-01-24,166700,27.799999237060547,27.940000534057617,27.549999237060547,27.799999237060547,8.995436668395996
2003-01-23,153500,27.850000381469727,28.059999465942383,27.76000022888184,27.82999992370605,9.005142211914062
2003-01-22,384700,28.5,28.56999969482422,27.5,27.709999084472656,8.966314315795898
2003-01-21,149600,28.86000061035156,28.88999938964844,28.5,28.549999237060547,9.238112449645996
2003-01-17,142800,29.14999961853028,29.14999961853028,28.57999992370605,28.729999542236328,9.296358108520508
2003-01-16,163500,28.75,29.15999984741211,28.75,28.89999961853028,9.35136890411377
2003-01-15,269900,29.25,29.3799991607666,28.5,28.5,9.22193717956543
2003-01-14,106500,29.100000381469727,29.25,28.89999961853028,29.229999542236328,9.45815086364746
2003-01-13,139800,29.200000762939453,29.299999237060547,28.82999992370605,29.049999237060547,9.399907112121582
2003-01-10,92000,29.350000381469727,29.350000381469727,28.90999984741211,29.01000022888184,9.386960983276367
2003-01-09,88700,29.0,29.299999237060547,28.950000762939453,29.229999542236328,9.45815086364746
2003-01-08,186700,29.200000762939453,29.26000022888184,29.0,29.0,9.3837251663208
2003-01-07,237400,29.790000915527344,29.790000915527344,29.170000076293945,29.280000686645508,9.474329948425291
2003-01-06,152800,29.64999961853028,29.850000381469727,29.43000030517578,29.790000915527344,9.639351844787598
2003-01-03,148600,29.270000457763672,29.93000030517578,29.1299991607666,29.64999961853028,9.594050407409668
2003-01-02,106800,29.25,29.270000457763672,29.0,29.170000076293945,9.438732147216797
2002-12-31,262100,29.0,29.25,28.950000762939453,29.25,9.464616775512695
2002-12-30,410400,29.25,29.25,27.89999961853028,28.88999938964844,9.348132133483888
2002-12-27,129200,29.100000381469727,29.25,28.780000686645508,29.25,9.464616775512695
2002-12-26,89100,29.06999969482422,29.25,28.920000076293945,29.07999992370605,9.40961456298828
2002-12-24,68000,29.1200008392334,29.450000762939453,28.920000076293945,29.170000076293945,9.438732147216797
2002-12-23,127300,28.88999938964844,29.100000381469727,28.850000381469727,29.0,9.3837251663208
2002-12-20,424900,27.5,29.1200008392334,27.5,29.01000022888184,9.386960983276367
2002-12-19,164200,29.299999237060547,29.600000381469727,29.1200008392334,29.200000762939453,9.448437690734863
2002-12-18,130100,29.549999237060547,29.6299991607666,29.34000015258789,29.34000015258789,9.493738174438477
2002-12-17,133800,29.84000015258789,29.89999961853028,29.549999237060547,29.549999237060547,9.561689376831056
2002-12-16,160700,29.700000762939453,29.850000381469727,29.559999465942383,29.84000015258789,9.655525207519531
2002-12-13,119700,29.770000457763672,29.979999542236328,29.38999938964844,29.46999931335449,9.535804748535156
2002-12-12,113000,29.5,29.93000030517578,29.5,29.700000762939453,9.61022663116455
2002-12-11,98600,29.39999961853028,29.93000030517578,29.200000762939453,29.549999237060547,9.561689376831056
2002-12-10,181100,29.700000762939453,29.90999984741211,29.420000076293945,29.420000076293945,9.51962661743164
2002-12-09,159700,29.299999237060547,29.850000381469727,29.299999237060547,29.700000762939453,9.61022663116455
2002-12-06,333400,30.14999961853028,30.14999961853028,29.299999237060547,29.440000534057617,9.526100158691406
2002-12-05,118500,30.14999961853028,30.31999969482422,29.700000762939453,30.049999237060547,9.723482131958008
2002-12-04,229400,30.57999992370605,30.57999992370605,29.65999984741211,29.89999961853028,9.674942016601562
2002-12-03,199600,30.920000076293945,30.920000076293945,30.32999992370605,30.32999992370605,9.814079284667969
2002-12-02,94700,30.950000762939453,31.0,30.700000762939453,31.0,10.030879020690918
2002-11-29,47500,30.799999237060547,30.89999961853028,30.520000457763672,30.709999084472656,9.93704319000244
2002-11-27,148900,30.6200008392334,30.979999542236328,30.559999465942383,30.950000762939453,10.014698028564451
2002-11-26,224600,30.61000061035156,30.88999938964844,30.5,30.57999992370605,9.894976615905762
2002-11-25,103700,30.89999961853028,31.0,30.600000381469727,30.86000061035156,9.98557949066162
2002-11-22,152200,30.90999984741211,30.96999931335449,30.3700008392334,30.89999961853028,9.998517036437988
2002-11-21,189100,30.799999237060547,31.0,30.75,30.8700008392334,9.988814353942873
2002-11-20,217700,31.100000381469727,31.25,30.89999961853028,31.0,10.030879020690918
2002-11-19,95000,31.25,31.40999984741211,31.0,31.200000762939453,10.095592498779297
2002-11-18,141100,31.549999237060547,31.799999237060547,31.01000022888184,31.14999961853028,10.079415321350098
2002-11-15,69200,31.38999938964844,31.709999084472656,31.38999938964844,31.450000762939453,10.176487922668455
2002-11-14,91700,30.700000762939453,31.489999771118164,30.700000762939453,31.489999771118164,10.18943214416504
2002-11-13,128600,30.959999084472656,31.14999961853028,30.600000381469727,30.6299991607666,9.91115379333496
2002-11-12,113000,31.020000457763672,31.709999084472656,31.0,31.56999969482422,10.01955509185791
2002-11-11,127900,31.18000030517578,31.43000030517578,30.89999961853028,30.89999961853028,9.806907653808594
2002-11-08,130900,31.6299991607666,31.75,31.25,31.25,9.917993545532228
2002-11-07,94100,31.920000076293945,32.0,31.61000061035156,31.71999931335449,10.067158699035645
2002-11-06,114800,31.850000381469727,32.34000015258789,31.850000381469727,32.0,10.156023025512695
2002-11-05,92300,31.76000022888184,31.940000534057617,31.59000015258789,31.75,10.076682090759276
2002-11-04,114700,31.75,31.8700008392334,31.530000686645508,31.700000762939453,10.060810089111328
2002-11-01,85000,30.959999084472656,31.39999961853028,30.959999084472656,31.350000381469727,9.949728965759276
2002-10-31,192400,30.920000076293945,31.600000381469727,30.920000076293945,30.959999084472656,9.825952529907228
2002-10-30,121000,31.09000015258789,31.100000381469727,30.700000762939453,31.0,9.838651657104492
2002-10-29,118100,31.1200008392334,31.1200008392334,30.459999084472656,31.049999237060547,9.854515075683594
2002-10-28,138000,31.25,31.450000762939453,31.100000381469727,31.200000762939453,9.902122497558594
2002-10-25,105600,30.64999961853028,31.450000762939453,30.63999938964844,31.299999237060547,9.933863639831545
2002-10-24,90000,30.350000381469727,30.82999992370605,30.32999992370605,30.65999984741211,9.730743408203123
2002-10-23,101200,29.89999961853028,30.190000534057617,29.64999961853028,30.14999961853028,9.568880081176758
2002-10-22,110800,30.46999931335449,30.46999931335449,29.90999984741211,29.920000076293945,9.495884895324709
2002-10-21,128300,30.299999237060547,30.459999084472656,29.799999237060547,30.420000076293945,9.654568672180176
2002-10-18,152000,30.25,30.299999237060547,29.690000534057617,30.25,9.600619316101074
2002-10-17,95300,30.299999237060547,30.299999237060547,30.0,30.09000015258789,9.54983615875244
2002-10-16,114500,29.790000915527344,29.850000381469727,29.21999931335449,29.549999237060547,9.378450393676758
2002-10-15,101400,28.920000076293945,29.989999771118164,28.90999984741211,29.71999931335449,9.432405471801758
2002-10-14,207100,29.0,29.170000076293945,28.5,28.799999237060547,9.140420913696287
2002-10-11,161000,28.51000022888184,29.43000030517578,28.51000022888184,29.100000381469727,9.235634803771973
2002-10-10,186700,28.049999237060547,28.729999542236328,27.25,28.51000022888184,9.048381805419922
2002-10-09,282600,28.739999771118164,28.739999771118164,27.670000076293945,28.100000381469727,8.91826057434082
2002-10-08,258900,28.979999542236328,29.0,28.13999938964844,28.86000061035156,9.159465789794922
2002-10-07,238500,30.25,30.299999237060547,28.809999465942383,29.100000381469727,9.235634803771973
2002-10-04,89200,30.8700008392334,30.979999542236328,30.450000762939453,30.5,9.679964065551758
2002-10-03,84000,30.709999084472656,31.0,30.540000915527344,30.989999771118164,9.835474014282228
2002-10-02,106900,30.799999237060547,31.040000915527344,30.670000076293945,30.709999084472656,9.74660873413086
2002-10-01,108200,31.21999931335449,31.25,30.600000381469727,30.989999771118164,9.835474014282228
2002-09-30,169500,30.5,31.100000381469727,30.39999961853028,31.100000381469727,9.870386123657228
2002-09-27,98600,31.0,31.34000015258789,30.6200008392334,30.71999931335449,9.749781608581545
2002-09-26,123800,30.350000381469727,31.06999969482422,30.11000061035156,31.06999969482422,9.86086368560791
2002-09-25,236200,30.479999542236328,30.65999984741211,29.600000381469727,30.39999961853028,9.64822483062744
2002-09-24,105100,30.90999984741211,31.0,30.549999237060547,30.729999542236328,9.75296115875244
2002-09-23,131000,31.39999961853028,31.39999961853028,30.71999931335449,30.96999931335449,9.829132080078123
2002-09-20,147800,31.0,31.25,30.75,30.950000762939453,9.822775840759276
2002-09-19,102700,30.89999961853028,31.21999931335449,30.75,30.920000076293945,9.813262939453123
2002-09-18,121000,30.799999237060547,31.440000534057617,30.75,31.049999237060547,9.854515075683594
2002-09-17,114000,30.86000061035156,31.3799991607666,30.86000061035156,31.0,9.838651657104492
2002-09-16,71300,31.600000381469727,31.68000030517578,31.290000915527344,31.559999465942383,10.01638126373291
2002-09-13,72700,31.25,31.63999938964844,31.059999465942383,31.600000381469727,10.02907371520996
2002-09-12,82900,31.600000381469727,31.600000381469727,31.18000030517578,31.21999931335449,9.908474922180176
2002-09-11,36700,31.5,31.790000915527344,31.43000030517578,31.5,9.99733543395996
2002-09-10,62600,31.600000381469727,31.88999938964844,31.5,31.57999992370605,10.02272605895996
2002-09-09,170900,32.029998779296875,32.09000015258789,31.26000022888184,31.5,9.99733543395996
2002-09-06,111400,31.64999961853028,31.86000061035156,31.40999984741211,31.780000686645508,10.08620548248291
2002-09-05,75400,31.600000381469727,31.89999961853028,31.25,31.39999961853028,9.96559715270996
2002-09-04,144000,31.0,31.709999084472656,31.0,31.600000381469727,10.02907371520996
2002-09-03,252700,32.20000076293945,32.34000015258789,31.0,31.0,9.838651657104492
2002-08-30,124500,32.0,32.349998474121094,32.0,32.13999938964844,10.200459480285645
2002-08-29,114700,31.950000762939453,32.04999923706055,31.850000381469727,31.950000762939453,10.140156745910645
2002-08-28,184300,31.799999237060547,32.119998931884766,31.799999237060547,31.850000381469727,10.10841941833496
2002-08-27,174300,32.150001525878906,32.349998474121094,31.65999984741211,31.81999969482422,10.098899841308594
2002-08-26,180500,31.5,32.150001525878906,31.5,32.150001525878906,10.20362949371338
2002-08-23,99000,31.479999542236328,31.600000381469727,31.479999542236328,31.5,9.99733543395996
2002-08-22,115000,31.350000381469727,31.56999969482422,31.309999465942383,31.530000686645508,10.006860733032228
2002-08-21,114900,31.25,31.479999542236328,31.100000381469727,31.450000762939453,9.981467247009276
2002-08-20,118700,31.25,31.280000686645508,30.989999771118164,31.209999084472656,9.905299186706545
2002-08-19,139800,31.530000686645508,31.530000686645508,31.0,31.299999237060547,9.933863639831545
2002-08-16,106700,31.350000381469727,31.59000015258789,31.14999961853028,31.540000915527344,10.010031700134276
2002-08-15,177600,31.5,31.6299991607666,31.049999237060547,31.5,9.99733543395996
2002-08-14,196600,31.049999237060547,31.5,30.600000381469727,31.5,9.99733543395996
2002-08-13,230100,30.780000686645508,31.25,30.709999084472656,31.049999237060547,9.854515075683594
2002-08-12,137300,31.059999465942383,31.5,30.780000686645508,31.5,9.806907653808594
2002-08-09,106400,31.39999961853028,31.39999961853028,30.84000015258789,31.18000030517578,9.707286834716797
2002-08-08,233600,31.06999969482422,31.51000022888184,30.82999992370605,31.31999969482422,9.750876426696776
2002-08-07,354400,30.600000381469727,31.18000030517578,30.5,30.950000762939453,9.635682106018066
2002-08-06,317400,30.450000762939453,30.700000762939453,30.200000762939453,30.46999931335449,9.48624038696289
2002-08-05,199000,30.549999237060547,30.549999237060547,30.100000381469727,30.31999969482422,9.439541816711426
2002-08-02,275900,31.200000762939453,31.309999465942383,30.270000457763672,30.64999961853028,9.542279243469238
2002-08-01,97800,31.39999961853028,31.39999961853028,30.93000030517578,31.299999237060547,9.744646072387695
2002-07-31,177400,31.299999237060547,31.809999465942383,30.89999961853028,31.5,9.806907653808594
2002-07-30,221800,30.75,31.799999237060547,30.25,31.299999237060547,9.744646072387695
2002-07-29,242400,29.950000762939453,31.0,29.88999938964844,30.770000457763672,9.579641342163086
2002-07-26,531600,28.200000762939453,29.56999969482422,28.200000762939453,29.5,9.184248924255373
2002-07-25,231400,27.299999237060547,28.6299991607666,26.75,28.200000762939453,8.779520034790039
2002-07-24,590300,23.75,27.690000534057617,23.75,27.5,8.561591148376465
2002-07-23,401100,28.350000381469727,28.56999969482422,26.5,27.39999961853028,8.530454635620117
2002-07-22,380000,29.68000030517578,30.0,26.75,28.350000381469727,8.82622241973877
2002-07-19,479600,29.39999961853028,29.809999465942383,29.11000061035156,29.68000030517578,9.24028778076172
2002-07-18,374800,29.51000022888184,29.75,29.34000015258789,29.450000762939453,9.168684005737305
2002-07-17,205300,29.39999961853028,30.100000381469727,29.21999931335449,29.51000022888184,9.187363624572754
2002-07-16,156800,28.799999237060547,29.88999938964844,28.799999237060547,29.39999961853028,9.153116226196287
2002-07-15,420300,29.75,29.86000061035156,28.25,28.920000076293945,9.003682136535645
2002-07-12,225800,29.76000022888184,30.299999237060547,29.76000022888184,30.0,9.339917182922363
2002-07-11,230700,30.100000381469727,30.15999984741211,29.350000381469727,29.75,9.262085914611816
2002-07-10,245100,30.299999237060547,30.690000534057617,30.14999961853028,30.299999237060547,9.433313369750977
2002-07-09,125100,30.75,30.850000381469727,30.200000762939453,30.239999771118164,9.414639472961426
2002-07-08,127100,30.799999237060547,31.07999992370605,30.440000534057617,30.549999237060547,9.51114559173584
2002-07-05,67600,30.89999961853028,31.209999084472656,30.61000061035156,30.950000762939453,9.635682106018066
2002-07-03,172000,30.920000076293945,31.14999961853028,30.56999969482422,30.940000534057617,9.632567405700684
2002-07-02,216700,31.39999961853028,31.39999961853028,30.65999984741211,30.979999542236328,9.64501953125
2002-07-01,121800,31.89999961853028,31.90999984741211,31.020000457763672,31.280000686645508,9.738418579101562
2002-06-28,388700,30.76000022888184,32.099998474121094,30.63999938964844,32.0,9.96257781982422
2002-06-27,363100,30.450000762939453,30.809999465942383,30.18000030517578,30.76000022888184,9.576525688171388
2002-06-26,368900,30.739999771118164,30.739999771118164,30.25,30.450000762939453,9.48001480102539
2002-06-25,138800,31.25,31.299999237060547,30.670000076293945,30.989999771118164,9.6481351852417
2002-06-24,117400,31.299999237060547,31.489999771118164,30.89999961853028,31.1200008392334,9.68860912322998
2002-06-21,127800,31.25,31.350000381469727,31.100000381469727,31.25,9.729080200195312
2002-06-20,177900,30.600000381469727,31.25,30.600000381469727,31.21999931335449,9.719743728637695
2002-06-19,171000,30.600000381469727,31.100000381469727,30.43000030517578,30.700000762939453,9.557848930358888
2002-06-18,128100,30.979999542236328,30.989999771118164,30.51000022888184,30.65999984741211,9.545392036437988
2002-06-17,106000,30.64999961853028,30.96999931335449,30.64999961853028,30.89999961853028,9.620115280151367
2002-06-14,111700,30.299999237060547,30.71999931335449,30.209999084472656,30.64999961853028,9.542279243469238
2002-06-13,109000,30.5,30.63999938964844,30.25,30.549999237060547,9.51114559173584
2002-06-12,114000,30.280000686645508,30.63999938964844,30.13999938964844,30.5,9.49558448791504
2002-06-11,94300,30.43000030517578,30.600000381469727,30.280000686645508,30.39999961853028,9.46444606781006
2002-06-10,120300,30.350000381469727,30.549999237060547,30.200000762939453,30.43000030517578,9.473788261413574
2002-06-07,98800,30.14999961853028,30.26000022888184,30.0,30.26000022888184,9.420860290527344
2002-06-06,133300,30.18000030517578,30.229999542236328,30.040000915527344,30.13999938964844,9.383502960205078
2002-06-05,181500,30.18000030517578,30.21999931335449,29.950000762939453,30.18000030517578,9.395956039428713
2002-06-04,130800,30.059999465942383,30.290000915527344,29.920000076293945,30.170000076293945,9.392844200134276
2002-06-03,142800,30.200000762939453,30.200000762939453,29.920000076293945,29.959999084472656,9.327459335327148
2002-05-31,147100,29.89999961853028,30.100000381469727,29.75,30.100000381469727,9.371050834655762
2002-05-30,99300,29.799999237060547,29.93000030517578,29.39999961853028,29.89999961853028,9.308783531188965
2002-05-29,97400,29.75,29.82999992370605,29.170000076293945,29.799999237060547,9.2776517868042
2002-05-28,108200,29.729999542236328,29.850000381469727,29.3700008392334,29.64999961853028,9.230953216552734
2002-05-24,72800,29.979999542236328,29.989999771118164,29.600000381469727,29.6200008392334,9.22161102294922
2002-05-23,114200,29.25,29.989999771118164,29.200000762939453,29.979999542236328,9.333693504333496
2002-05-22,136200,29.520000457763672,29.6200008392334,28.63999938964844,29.299999237060547,9.121984481811523
2002-05-21,129300,29.799999237060547,29.979999542236328,29.32999992370605,29.600000381469727,9.215383529663086
2002-05-20,61800,30.200000762939453,30.200000762939453,29.76000022888184,29.8700008392334,9.29944133758545
2002-05-17,52400,30.059999465942383,30.25,29.93000030517578,30.1299991607666,9.380388259887695
2002-05-16,143800,30.049999237060547,30.280000686645508,29.600000381469727,30.049999237060547,9.355483055114746
2002-05-15,108100,29.8799991607666,30.299999237060547,29.770000457763672,30.25,9.417750358581545
2002-05-14,186700,29.64999961853028,29.989999771118164,29.5,29.88999938964844,9.305671691894531
2002-05-13,97800,29.5,29.6299991607666,28.479999542236328,29.57999992370605,9.209156036376951
2002-05-10,95500,30.31999969482422,30.3700008392334,29.799999237060547,30.020000457763672,9.16090202331543
2002-05-09,153100,30.89999961853028,30.96999931335449,30.200000762939453,30.200000762939453,9.215828895568848
2002-05-08,120800,30.979999542236328,30.979999542236328,30.540000915527344,30.780000686645508,9.392820358276367
2002-05-07,127300,30.700000762939453,30.88999938964844,30.600000381469727,30.8700008392334,9.420289039611816
2002-05-06,174800,30.600000381469727,30.790000915527344,30.5,30.64999961853028,9.35315227508545
2002-05-03,166200,30.5,30.59000015258789,30.299999237060547,30.549999237060547,9.322636604309082
2002-05-02,254700,30.350000381469727,30.690000534057617,30.270000457763672,30.600000381469727,9.337895393371582
2002-05-01,132600,30.420000076293945,30.459999084472656,30.0,30.440000534057617,9.289069175720217
2002-04-30,171400,30.200000762939453,30.489999771118164,30.14999961853028,30.299999237060547,9.246344566345217
2002-04-29,132800,29.96999931335449,30.200000762939453,29.8799991607666,30.15999984741211,9.203625679016112
2002-04-26,218600,30.100000381469727,30.239999771118164,29.39999961853028,29.71999931335449,9.069351196289062
2002-04-25,170200,30.25,30.5,30.100000381469727,30.290000915527344,9.243297576904297
2002-04-24,206000,29.979999542236328,30.39999961853028,29.8700008392334,30.13999938964844,9.197522163391112
2002-04-23,195000,29.5,29.920000076293945,29.3799991607666,29.850000381469727,9.109023094177246
2002-04-22,193400,29.6200008392334,29.75,29.26000022888184,29.57999992370605,9.026631355285645
2002-04-19,92400,29.850000381469727,29.950000762939453,29.5,29.520000457763672,9.00832176208496
2002-04-18,132600,29.700000762939453,30.31999969482422,29.549999237060547,29.75,9.078511238098145
2002-04-17,441500,30.57999992370605,30.6200008392334,27.5,29.8700008392334,9.115124702453612
2002-04-16,194500,31.350000381469727,31.450000762939453,30.299999237060547,30.670000076293945,9.35925579071045
2002-04-15,111600,31.600000381469727,31.75,31.049999237060547,31.21999931335449,9.52709674835205
2002-04-12,175100,30.920000076293945,31.75,30.88999938964844,31.75,9.68882942199707
2002-04-11,132200,31.51000022888184,31.51000022888184,30.8799991607666,30.920000076293945,9.43554401397705
2002-04-10,213000,30.700000762939453,31.64999961853028,30.700000762939453,31.43000030517578,9.591176986694336
2002-04-09,76300,30.89999961853028,30.940000534057617,30.81999969482422,30.940000534057617,9.441648483276367
2002-04-08,147400,30.280000686645508,30.71999931335449,30.280000686645508,30.709999084472656,9.371464729309082
2002-04-05,168600,30.14999961853028,30.479999542236328,29.950000762939453,30.31999969482422,9.252450942993164
2002-04-04,90500,30.299999237060547,30.440000534057617,30.100000381469727,30.299999237060547,9.246344566345217
2002-04-03,73800,30.5,30.600000381469727,30.25,30.25,9.23108959197998
2002-04-02,56700,30.3700008392334,30.64999961853028,30.3700008392334,30.39999961853028,9.276860237121582
2002-04-01,76400,30.14999961853028,30.81999969482422,30.07999992370605,30.489999771118164,9.304327011108398
2002-03-28,114800,30.5,30.799999237060547,30.229999542236328,30.36000061035156,9.26465892791748
2002-03-27,75100,30.600000381469727,30.850000381469727,30.1299991607666,30.600000381469727,9.337895393371582
2002-03-26,78900,30.32999992370605,30.600000381469727,30.15999984741211,30.600000381469727,9.337895393371582
2002-03-25,98800,30.64999961853028,30.700000762939453,29.940000534057617,30.32999992370605,9.255501747131348
2002-03-22,69200,30.850000381469727,30.940000534057617,30.5,30.5,9.307380676269531
2002-03-21,115600,30.0,30.93000030517578,30.0,30.850000381469727,9.414186477661133
2002-03-20,65300,30.14999961853028,30.5,29.950000762939453,30.049999237060547,9.170055389404297
2002-03-19,109000,30.239999771118164,30.3700008392334,29.90999984741211,30.309999465942383,9.249395370483398
2002-03-18,86700,29.559999465942383,30.190000534057617,29.559999465942383,30.13999938964844,9.197522163391112
2002-03-15,107700,29.68000030517578,29.989999771118164,29.299999237060547,29.809999465942383,9.096818923950195
2002-03-14,117600,29.200000762939453,29.88999938964844,29.020000457763672,29.799999237060547,9.093765258789062
2002-03-13,118100,29.13999938964844,29.239999771118164,28.89999961853028,29.020000457763672,8.85573959350586
2002-03-12,96400,29.350000381469727,29.479999542236328,28.700000762939453,29.290000915527344,8.93813419342041
2002-03-11,134000,29.700000762939453,29.790000915527344,29.350000381469727,29.479999542236328,8.996114730834961
2002-03-08,75100,29.5,29.700000762939453,29.479999542236328,29.700000762939453,9.063250541687012
2002-03-07,95800,29.799999237060547,29.799999237060547,29.450000762939453,29.5,9.002217292785645
2002-03-06,145400,30.0,30.01000022888184,29.63999938964844,29.799999237060547,9.093765258789062
2002-03-05,150600,29.5,30.0,29.479999542236328,29.81999969482422,9.099868774414062
2002-03-04,99700,29.07999992370605,29.5,29.049999237060547,29.5,9.002217292785645
2002-03-01,94000,28.5,29.209999084472656,28.5,29.07999992370605,8.874051094055176
2002-02-28,188900,28.89999961853028,28.90999984741211,28.5,28.5,8.697059631347656
2002-02-27,154000,28.75,29.0,28.700000762939453,28.799999237060547,8.788606643676758
2002-02-26,76900,29.0,29.06999969482422,28.75,28.959999084472656,8.837432861328125
2002-02-25,130900,29.100000381469727,29.14999961853028,28.799999237060547,28.979999542236328,8.843535423278809
2002-02-22,259700,28.89999961853028,29.13999938964844,28.850000381469727,29.0,8.849639892578125
2002-02-21,150000,29.39999961853028,29.39999961853028,28.700000762939453,28.71999931335449,8.764193534851074
2002-02-20,153500,29.049999237060547,29.39999961853028,29.01000022888184,29.39999961853028,8.971700668334961
2002-02-19,187300,29.6200008392334,29.700000762939453,29.13999938964844,29.299999237060547,8.941184997558594
2002-02-15,154700,29.200000762939453,29.6299991607666,29.06999969482422,29.6200008392334,9.038836479187012
2002-02-14,151800,29.3700008392334,29.440000534057617,29.1200008392334,29.1299991607666,8.889311790466309
2002-02-13,161300,28.940000534057617,29.170000076293945,28.89999961853028,29.1200008392334,8.886258125305176
2002-02-12,187600,29.34000015258789,29.729999542236328,29.34000015258789,29.530000686645508,8.831329345703125
2002-02-11,182300,28.96999931335449,29.350000381469727,28.84000015258789,29.290000915527344,8.759552955627441
2002-02-08,232700,28.89999961853028,28.989999771118164,28.600000381469727,28.96999931335449,8.663851737976074
2002-02-07,126700,28.950000762939453,28.96999931335449,28.75,28.75,8.598061561584473
2002-02-06,206000,28.799999237060547,28.950000762939453,28.690000534057617,28.799999237060547,8.61301326751709
2002-02-05,121500,28.700000762939453,28.799999237060547,28.700000762939453,28.71999931335449,8.589088439941406
2002-02-04,104200,28.530000686645508,28.75,28.5,28.75,8.598061561584473
2002-02-01,128200,28.76000022888184,28.799999237060547,28.46999931335449,28.520000457763672,8.529275894165039
2002-01-31,98500,28.850000381469727,28.950000762939453,28.6200008392334,28.76000022888184,8.601051330566406
2002-01-30,163900,28.700000762939453,28.920000076293945,28.420000076293945,28.920000076293945,8.648902893066406
2002-01-29,76900,28.700000762939453,28.700000762939453,28.5,28.700000762939453,8.583106994628906
2002-01-28,192800,28.600000381469727,28.75,28.5,28.700000762939453,8.583106994628906
2002-01-25,130300,28.5,28.57999992370605,28.350000381469727,28.5,8.523295402526855
2002-01-24,73000,28.600000381469727,28.6299991607666,28.5,28.600000381469727,8.55319881439209
2002-01-23,173200,28.450000762939453,28.6299991607666,28.3799991607666,28.559999465942383,8.54123592376709
2002-01-22,94100,28.32999992370605,28.5,28.299999237060547,28.450000762939453,8.508340835571289
2002-01-18,113400,28.450000762939453,28.5,28.290000915527344,28.450000762939453,8.508340835571289
2002-01-17,100800,28.3799991607666,28.5,28.25,28.5,8.523295402526855
2002-01-16,301700,28.25,28.440000534057617,28.18000030517578,28.3799991607666,8.487403869628906
2002-01-15,96200,27.799999237060547,28.299999237060547,27.799999237060547,28.14999961853028,8.418622016906738
2002-01-14,268500,27.36000061035156,28.39999961853028,27.309999465942383,27.89999961853028,8.343855857849121
2002-01-11,138000,27.350000381469727,27.61000061035156,27.350000381469727,27.40999984741211,8.197317123413086
2002-01-10,265400,27.25,27.450000762939453,27.200000762939453,27.299999237060547,8.164417266845703
2002-01-09,104700,27.350000381469727,27.68000030517578,27.25,27.299999237060547,8.164417266845703
2002-01-08,164800,27.5,27.780000686645508,27.14999961853028,27.280000686645508,8.158439636230469
2002-01-07,225500,27.989999771118164,28.100000381469727,27.540000915527344,27.540000915527344,8.236191749572754
2002-01-04,163100,28.39999961853028,28.56999969482422,27.920000076293945,27.979999542236328,8.367780685424805
2002-01-03,123500,28.0,28.450000762939453,28.0,28.39999961853028,8.493388175964355
2002-01-02,80900,28.01000022888184,28.200000762939453,27.31999969482422,28.0,8.373762130737305
2001-12-31,144700,28.0,28.280000686645508,27.729999542236328,28.0,8.373762130737305
2001-12-28,63400,28.21999931335449,28.21999931335449,28.0,28.1299991607666,8.412641525268555
2001-12-27,107800,27.93000030517578,28.270000457763672,27.93000030517578,28.0,8.373762130737305
2001-12-26,79500,28.25,28.25,27.729999542236328,27.799999237060547,8.313947677612305
2001-12-24,40500,28.14999961853028,28.190000534057617,27.86000061035156,28.14999961853028,8.418622016906738
2001-12-21,216600,27.809999465942383,28.07999992370605,27.3700008392334,28.07999992370605,8.397686958312988
2001-12-20,146600,28.0,28.14999961853028,27.799999237060547,27.799999237060547,8.313947677612305
2001-12-19,134600,27.89999961853028,28.25,27.8700008392334,28.0,8.373762130737305
2001-12-18,88700,28.07999992370605,28.15999984741211,27.81999969482422,28.13999938964844,8.415632247924805
2001-12-17,266700,27.89999961853028,28.36000061035156,27.700000762939453,28.049999237060547,8.388715744018555
2001-12-14,89200,27.200000762939453,27.75,26.920000076293945,27.739999771118164,8.296009063720703
2001-12-13,78000,27.25,27.5,27.030000686645508,27.309999465942383,8.167411804199219
2001-12-12,149100,27.770000457763672,27.799999237060547,27.26000022888184,27.46999931335449,8.21525764465332
2001-12-11,104800,27.799999237060547,28.049999237060547,27.71999931335449,27.90999984741211,8.346848487854004
2001-12-10,80600,27.850000381469727,27.8799991607666,27.64999961853028,27.8799991607666,8.337874412536621
2001-12-07,123500,27.64999961853028,27.89999961853028,27.520000457763672,27.88999938964844,8.340864181518555
2001-12-06,109300,27.64999961853028,27.75,27.350000381469727,27.71999931335449,8.290023803710938
2001-12-05,126400,27.25,27.600000381469727,27.25,27.57999992370605,8.248157501220703
2001-12-04,93700,27.170000076293945,27.5,27.06999969482422,27.5,8.22422981262207
2001-12-03,162900,27.200000762939453,27.239999771118164,26.89999961853028,26.920000076293945,8.050773620605469
2001-11-30,200100,27.0,27.309999465942383,26.770000457763672,27.0,8.074701309204102
2001-11-29,63500,26.64999961853028,27.14999961853028,26.56999969482422,27.14999961853028,8.119562149047852
2001-11-28,173600,26.549999237060547,26.89999961853028,26.46999931335449,26.850000381469727,8.0298433303833
2001-11-27,110800,26.600000381469727,26.88999938964844,26.600000381469727,26.670000076293945,7.97600793838501
2001-11-26,105700,27.39999961853028,27.5,26.75,26.75,7.999936103820801
2001-11-23,61800,27.0,27.56999969482422,26.989999771118164,27.5,8.22422981262207
2001-11-21,94300,27.049999237060547,27.049999237060547,26.809999465942383,27.0,8.074701309204102
2001-11-20,97200,27.450000762939453,27.479999542236328,26.89999961853028,26.989999771118164,8.071712493896484
2001-11-19,104300,27.64999961853028,27.64999961853028,26.89999961853028,27.25,8.149462699890137
2001-11-16,79600,27.700000762939453,27.700000762939453,27.43000030517578,27.5,8.22422981262207
2001-11-15,74500,27.799999237060547,27.799999237060547,27.57999992370605,27.75,8.298999786376953
2001-11-14,126400,27.5,27.799999237060547,27.3700008392334,27.790000915527344,8.310961723327637
2001-11-13,157700,27.549999237060547,27.8799991607666,27.39999961853028,27.600000381469727,8.254137992858887
2001-11-12,93800,28.0,28.34000015258789,27.93000030517578,28.209999084472656,8.261614799499512
2001-11-09,98500,27.89999961853028,28.049999237060547,27.71999931335449,27.89999961853028,8.170825958251953
2001-11-08,80500,28.0,28.14999961853028,27.75,28.0,8.200116157531738
2001-11-07,70800,28.0,28.270000457763672,27.690000534057617,27.940000534057617,8.182538986206055
2001-11-06,83300,27.65999984741211,28.100000381469727,27.100000381469727,28.0,8.200116157531738
2001-11-05,101900,27.309999465942383,27.82999992370605,27.170000076293945,27.64999961853028,8.097614288330078
2001-11-02,113900,28.100000381469727,28.11000061035156,27.39999961853028,27.559999465942383,8.071252822875977
2001-11-01,285300,27.0,28.25,26.68000030517578,28.25,8.273329734802246
2001-10-31,136300,27.75,27.75,26.600000381469727,27.0,7.907252788543701
2001-10-30,146600,27.5,27.81999969482422,27.200000762939453,27.71999931335449,8.11811351776123
2001-10-29,146900,26.850000381469727,27.56999969482422,26.76000022888184,27.39999961853028,8.024395942687988
2001-10-26,90400,27.049999237060547,27.14999961853028,27.0,27.020000457763672,7.913107872009277
2001-10-25,94600,26.89999961853028,27.14999961853028,26.75,27.030000686645508,7.9160380363464355
2001-10-24,141800,26.5,27.0,26.5,27.0,7.907252788543701
2001-10-23,119200,27.0,27.39999961853028,26.6299991607666,26.6299991607666,7.798892498016357
2001-10-22,108800,27.100000381469727,27.14999961853028,26.3799991607666,26.8700008392334,7.869178771972656
2001-10-19,89200,27.200000762939453,27.21999931335449,26.89999961853028,26.989999771118164,7.904322624206543
2001-10-18,80100,27.170000076293945,27.25,26.799999237060547,27.0,7.907252788543701
2001-10-17,58800,27.5,27.559999465942383,27.030000686645508,27.290000915527344,7.992177963256836
2001-10-16,72200,27.850000381469727,27.850000381469727,27.01000022888184,27.450000762939453,8.039042472839355
2001-10-15,76200,27.32999992370605,27.75,27.040000915527344,27.75,8.126898765563965
2001-10-12,86700,27.21999931335449,27.530000686645508,27.18000030517578,27.43000030517578,8.033184051513672
2001-10-11,128700,27.76000022888184,27.950000762939453,26.799999237060547,26.89999961853028,7.877965450286865
2001-10-10,142900,27.0,27.780000686645508,26.89999961853028,27.780000686645508,8.135684967041016
2001-10-09,73100,26.8799991607666,27.01000022888184,26.6299991607666,27.0,7.907252788543701
2001-10-08,85400,26.81999969482422,27.09000015258789,26.670000076293945,26.950000762939453,7.89260721206665
2001-10-05,99500,26.450000762939453,27.0,26.350000381469727,26.920000076293945,7.883819580078125
2001-10-04,89300,26.100000381469727,26.790000915527344,26.07999992370605,26.489999771118164,7.757895469665527
2001-10-03,163000,25.90999984741211,26.309999465942383,25.600000381469727,25.6200008392334,7.503103733062744
2001-10-02,104400,26.200000762939453,26.600000381469727,25.739999771118164,25.959999084472656,7.602676391601562
2001-10-01,126500,25.5,26.200000762939453,25.280000686645508,26.200000762939453,7.6729607582092285
2001-09-28,145800,25.700000762939453,25.950000762939453,25.350000381469727,25.5,7.467960834503174
2001-09-27,176800,25.299999237060547,25.799999237060547,24.959999084472656,25.690000534057617,7.523604393005371
2001-09-26,152800,25.479999542236328,25.5,25.06999969482422,25.200000762939453,7.380098819732666
2001-09-25,124400,25.5,25.86000061035156,25.39999961853028,25.479999542236328,7.462103843688965
2001-09-24,148300,24.950000762939453,25.5,24.950000762939453,25.450000762939453,7.453314304351807
2001-09-21,472400,25.14999961853028,25.170000076293945,23.739999771118164,24.950000762939453,7.306885242462158
2001-09-20,177500,26.100000381469727,26.100000381469727,25.209999084472656,25.25,7.394744873046875
2001-09-19,186100,25.049999237060547,26.170000076293945,24.93000030517578,26.170000076293945,7.664177894592285
2001-09-18,105000,24.0,25.100000381469727,24.0,24.89999961853028,7.292242050170898
2001-09-17,190900,22.5,24.96999931335449,22.5,24.100000381469727,7.057953834533691
2001-09-10,141100,25.82999992370605,25.89999961853028,25.1200008392334,25.43000030517578,7.4474592208862305
2001-09-07,148800,26.07999992370605,26.07999992370605,25.81999969482422,25.81999969482422,7.561675071716309
2001-09-06,65500,26.239999771118164,26.239999771118164,25.8700008392334,25.8799991607666,7.579251289367676
2001-09-05,72500,25.96999931335449,26.170000076293945,25.950000762939453,26.13999938964844,7.655390739440918
2001-09-04,126600,25.700000762939453,26.059999465942383,25.700000762939453,25.96999931335449,7.605606079101562
2001-08-31,88100,26.59000015258789,26.68000030517578,26.09000015258789,26.15999984741211,7.661248683929443
2001-08-30,78500,26.81999969482422,26.81999969482422,26.020000457763672,26.520000457763672,7.766678333282471
2001-08-29,101600,26.40999984741211,26.700000762939453,26.100000381469727,26.700000762939453,7.819393157958984
2001-08-28,69900,26.450000762939453,26.5,26.3700008392334,26.39999961853028,7.731534481048584
2001-08-27,105700,26.700000762939453,26.82999992370605,26.39999961853028,26.5,7.760820388793945
2001-08-24,91400,26.979999542236328,27.0,26.5,26.850000381469727,7.863321781158447
2001-08-23,60100,27.06999969482422,27.13999938964844,26.96999931335449,26.96999931335449,7.898464202880859
2001-08-22,141600,26.799999237060547,27.09000015258789,26.690000534057617,27.09000015258789,7.9336090087890625
2001-08-21,118700,26.88999938964844,27.06999969482422,26.799999237060547,27.020000457763672,7.913107872009277
2001-08-20,99100,26.700000762939453,26.850000381469727,26.39999961853028,26.850000381469727,7.863321781158447
2001-08-17,77400,26.549999237060547,26.6200008392334,26.25,26.59000015258789,7.787177562713623
2001-08-16,120700,26.43000030517578,26.670000076293945,26.190000534057617,26.670000076293945,7.810609340667725
2001-08-15,100200,26.39999961853028,26.57999992370605,26.290000915527344,26.57999992370605,7.784249782562256
2001-08-14,102100,26.290000915527344,26.76000022888184,26.290000915527344,26.38999938964844,7.728609085083008
2001-08-13,103500,26.89999961853028,27.0,26.420000076293945,26.540000915527344,7.7725348472595215
2001-08-10,105400,27.040000915527344,27.25,26.84000015258789,27.229999542236328,7.804751396179199
2001-08-09,60200,26.89999961853028,27.239999771118164,26.780000686645508,27.239999771118164,7.807616233825684
2001-08-08,80600,26.71999931335449,26.93000030517578,26.65999984741211,26.89999961853028,7.7101664543151855
2001-08-07,82900,26.5,26.739999771118164,26.450000762939453,26.71999931335449,7.658571720123291
2001-08-06,65000,26.520000457763672,26.700000762939453,26.40999984741211,26.450000762939453,7.581185340881348
2001-08-03,61700,26.32999992370605,26.420000076293945,26.06999969482422,26.39999961853028,7.566853046417236
2001-08-02,54700,26.030000686645508,26.3799991607666,26.0,26.3799991607666,7.561121940612793
2001-08-01,144700,26.020000457763672,26.100000381469727,25.989999771118164,26.020000457763672,7.457936763763428
2001-07-31,124900,26.14999961853028,26.61000061035156,26.0,26.13999938964844,7.492330074310303
2001-07-30,70800,26.850000381469727,26.850000381469727,26.350000381469727,26.350000381469727,7.552526950836182
2001-07-27,165800,26.75,27.01000022888184,26.520000457763672,26.84000015258789,7.692965984344482
2001-07-26,98700,26.600000381469727,26.75,26.5,26.75,7.667174339294434
2001-07-25,176400,26.670000076293945,26.799999237060547,26.309999465942383,26.64999961853028,7.6385087966918945
2001-07-24,169700,27.0,27.059999465942383,26.5,26.670000076293945,7.644239902496338
2001-07-23,120000,27.25,27.25,26.959999084472656,27.0,7.738828659057617
2001-07-20,127500,27.020000457763672,27.559999465942383,26.959999084472656,27.11000061035156,7.770356178283691
2001-07-19,93400,27.299999237060547,27.299999237060547,26.950000762939453,27.13999938964844,7.778957843780518
2001-07-18,136900,27.450000762939453,27.450000762939453,26.89999961853028,27.200000762939453,7.796152591705322
2001-07-17,151800,26.520000457763672,27.549999237060547,26.5,27.549999237060547,7.8964691162109375
2001-07-16,153700,26.5,26.729999542236328,26.39999961853028,26.64999961853028,7.6385087966918945
2001-07-13,60100,26.700000762939453,26.729999542236328,26.56999969482422,26.709999084472656,7.655708789825439
2001-07-12,166500,26.350000381469727,26.729999542236328,26.0,26.729999542236328,7.661436080932617
2001-07-11,107600,26.350000381469727,26.450000762939453,26.1200008392334,26.39999961853028,7.566853046417236
2001-07-10,146000,26.450000762939453,26.600000381469727,26.25,26.350000381469727,7.552526950836182
2001-07-09,129900,26.39999961853028,26.700000762939453,26.299999237060547,26.450000762939453,7.581185340881348
2001-07-06,140500,26.25,26.76000022888184,26.209999084472656,26.76000022888184,7.670041084289551
2001-07-05,140800,26.200000762939453,26.39999961853028,26.200000762939453,26.350000381469727,7.552526950836182
2001-07-03,97000,26.0,26.299999237060547,26.0,26.270000457763672,7.52959394454956
2001-07-02,192600,25.799999237060547,26.09000015258789,25.51000022888184,26.07999992370605,7.475133419036865
2001-06-29,249900,25.5,26.299999237060547,25.39999961853028,26.299999237060547,7.538191795349121
2001-06-28,146600,25.86000061035156,26.34000015258789,25.799999237060547,26.0,7.452204704284668
2001-06-27,169000,25.600000381469727,26.15999984741211,25.5,26.11000061035156,7.4837327003479
2001-06-26,189300,25.39999961853028,26.0,25.200000762939453,26.0,7.452204704284668
2001-06-25,118900,26.200000762939453,26.239999771118164,25.65999984741211,25.700000762939453,7.366218566894531
2001-06-22,134800,25.989999771118164,26.239999771118164,25.68000030517578,26.14999961853028,7.495194435119629
2001-06-21,66400,26.0,26.049999237060547,25.8700008392334,25.989999771118164,7.449339389801025
2001-06-20,67400,25.920000076293945,26.0,25.86000061035156,26.0,7.452204704284668
2001-06-19,60400,25.989999771118164,25.989999771118164,25.86000061035156,25.920000076293945,7.429274082183838
2001-06-18,69300,25.86000061035156,26.020000457763672,25.600000381469727,25.989999771118164,7.449339389801025
2001-06-15,152400,25.979999542236328,26.450000762939453,25.89999961853028,26.11000061035156,7.4837327003479
2001-06-14,115600,26.07999992370605,26.21999931335449,25.729999542236328,25.96999931335449,7.443603515625
2001-06-13,92100,26.25,26.32999992370605,25.96999931335449,26.14999961853028,7.495194435119629
2001-06-12,126100,26.040000915527344,26.3799991607666,26.0,26.239999771118164,7.52099084854126
2001-06-11,70100,26.39999961853028,26.43000030517578,25.75,26.13999938964844,7.492330074310303
2001-06-08,75000,26.479999542236328,26.479999542236328,25.64999961853028,26.01000022888184,7.455069541931152
2001-06-07,81200,25.979999542236328,26.25,25.84000015258789,26.25,7.523859977722168
2001-06-06,113400,25.940000534057617,26.049999237060547,25.82999992370605,25.979999542236328,7.446470737457275
2001-06-05,116000,25.739999771118164,25.940000534057617,25.700000762939453,25.940000534057617,7.435005187988281
2001-06-04,148600,25.5,26.0,25.290000915527344,25.84000015258789,7.40634298324585
2001-06-01,88300,25.020000457763672,25.440000534057617,24.950000762939453,25.440000534057617,7.291697025299072
2001-05-31,175600,24.739999771118164,25.21999931335449,24.729999542236328,24.920000076293945,7.142651557922363
2001-05-30,70500,24.799999237060547,24.989999771118164,24.700000762939453,24.84000015258789,7.119721412658691
2001-05-29,70200,25.13999938964844,25.229999542236328,24.84000015258789,25.0,7.165578842163086
2001-05-25,156100,25.5,25.5,24.84000015258789,25.25,7.237236022949219
2001-05-24,70800,25.18000030517578,25.5,24.8799991607666,25.46999931335449,7.30029296875
2001-05-23,83900,25.100000381469727,25.299999237060547,24.799999237060547,25.25,7.237236022949219
2001-05-22,83400,24.8799991607666,25.14999961853028,24.850000381469727,25.0,7.165578842163086
2001-05-21,96800,25.0,25.200000762939453,24.76000022888184,24.959999084472656,7.154116630554199
2001-05-18,196400,24.90999984741211,25.049999237060547,24.5,24.770000457763672,7.099655628204346
2001-05-17,190900,24.5,25.100000381469727,24.5,24.89999961853028,7.136919021606445
2001-05-16,254300,24.25,24.799999237060547,24.25,24.549999237060547,7.036599159240723
2001-05-15,126900,24.25,24.350000381469727,24.100000381469727,24.25,6.950613021850586
2001-05-14,237400,24.200000762939453,24.299999237060547,23.84000015258789,24.25,6.950613021850586
2001-05-11,67300,24.229999542236328,24.229999542236328,23.89999961853028,24.0,6.878957748413086
2001-05-10,137000,24.549999237060547,24.75,24.450000762939453,24.61000061035156,6.888988494873047
2001-05-09,101700,24.25,24.63999938964844,24.25,24.43000030517578,6.83860445022583
2001-05-08,142700,24.5,24.61000061035156,24.14999961853028,24.5,6.858198165893555
2001-05-07,68200,24.450000762939453,24.540000915527344,24.299999237060547,24.299999237060547,6.802214622497559
2001-05-04,95000,24.100000381469727,24.5,24.100000381469727,24.5,6.858198165893555
2001-05-03,74900,24.049999237060547,24.200000762939453,24.0,24.11000061035156,6.749026298522949
2001-05-02,102700,24.32999992370605,24.40999984741211,23.799999237060547,23.950000762939453,6.704239368438721
2001-05-01,117700,24.100000381469727,24.290000915527344,23.89999961853028,24.170000076293945,6.765822410583496
2001-04-30,168900,24.25,24.5,23.96999931335449,24.0,6.718234539031982
2001-04-27,84400,23.71999931335449,24.229999542236328,23.700000762939453,24.209999084472656,6.777016639709473
2001-04-26,195500,23.459999084472656,23.739999771118164,23.459999084472656,23.6200008392334,6.6118645668029785
2001-04-25,173100,23.38999938964844,23.59000015258789,23.1200008392334,23.299999237060547,6.522285461425781
2001-04-24,244600,23.5,23.6299991607666,23.21999931335449,23.39999961853028,6.550276756286621
2001-04-23,198100,24.06999969482422,24.14999961853028,23.479999542236328,23.530000686645508,6.586668491363525
2001-04-20,154000,24.06999969482422,24.200000762939453,22.89999961853028,23.8700008392334,6.681844711303711
2001-04-19,90100,24.0,24.200000762939453,23.88999938964844,24.14999961853028,6.760222911834717
2001-04-18,137500,24.36000061035156,24.709999084472656,24.0,24.229999542236328,6.782617568969727
2001-04-17,172900,23.700000762939453,24.700000762939453,23.700000762939453,24.309999465942383,6.805010795593262
2001-04-16,174200,24.600000381469727,24.64999961853028,24.0,24.049999237060547,6.732227802276611
2001-04-12,65800,24.25,24.739999771118164,24.25,24.600000381469727,6.8861918449401855
2001-04-11,170800,24.46999931335449,24.790000915527344,24.25,24.25,6.788217544555664
2001-04-10,127300,24.530000686645508,25.0,24.290000915527344,24.459999084472656,6.847000598907471
2001-04-09,79800,24.049999237060547,24.450000762939453,24.040000915527344,24.229999542236328,6.782617568969727
2001-04-06,105700,24.729999542236328,24.729999542236328,24.0,24.1299991607666,6.754626274108887
2001-04-05,66200,24.479999542236328,24.739999771118164,24.3700008392334,24.729999542236328,6.922581672668457
2001-04-04,136500,23.89999961853028,25.0,23.809999465942383,24.530000686645508,6.8665947914123535
2001-04-03,83900,24.0,24.0,23.5,23.89999961853028,6.690242767333984
2001-04-02,90400,24.350000381469727,24.489999771118164,23.64999961853028,24.01000022888184,6.721028804779053
2001-03-30,172000,23.670000076293945,24.61000061035156,23.670000076293945,24.100000381469727,6.746227264404297
2001-03-29,59700,23.39999961853028,23.850000381469727,23.39999961853028,23.65999984741211,6.623058795928955
2001-03-28,88300,23.600000381469727,23.64999961853028,23.350000381469727,23.39999961853028,6.550276756286621
2001-03-27,86500,23.46999931335449,23.670000076293945,23.39999961853028,23.600000381469727,6.606263637542725
2001-03-26,80100,23.200000762939453,23.540000915527344,23.01000022888184,23.489999771118164,6.575473785400391
2001-03-23,121000,23.25,23.450000762939453,23.049999237060547,23.200000762939453,6.494290828704834
2001-03-22,181500,23.190000534057617,23.34000015258789,22.270000457763672,23.200000762939453,6.494290828704834
2001-03-21,131000,22.290000915527344,23.1200008392334,22.18000030517578,23.040000915527344,6.4495038986206055
2001-03-20,118500,23.0,23.450000762939453,22.540000915527344,22.540000915527344,6.309540748596191
2001-03-19,137100,22.07999992370605,22.8700008392334,22.07999992370605,22.82999992370605,6.390718936920166
2001-03-16,95600,21.950000762939453,22.18000030517578,21.700000762939453,21.82999992370605,6.110795021057129
2001-03-15,142700,22.6200008392334,22.6200008392334,21.700000762939453,21.700000762939453,6.07440185546875
2001-03-14,123100,22.290000915527344,22.43000030517578,22.11000061035156,22.3700008392334,6.261955261230469
2001-03-13,46400,22.450000762939453,22.540000915527344,22.229999542236328,22.540000915527344,6.309540748596191
2001-03-12,99200,22.6200008392334,22.75,22.200000762939453,22.450000762939453,6.284350395202637
2001-03-09,61200,22.75,22.950000762939453,22.3700008392334,22.559999465942383,6.31513786315918
2001-03-08,72200,22.780000686645508,23.0,22.5,22.790000915527344,6.379525661468506
2001-03-07,74800,22.780000686645508,22.8799991607666,22.299999237060547,22.700000762939453,6.3543314933776855
2001-03-06,50000,22.88999938964844,22.950000762939453,22.64999961853028,22.71999931335449,6.359927177429199
2001-03-05,68400,22.780000686645508,23.0,22.75,22.770000457763672,6.373924732208252
2001-03-02,112900,22.600000381469727,22.780000686645508,22.39999961853028,22.780000686645508,6.376727104187012
2001-03-01,68900,22.39999961853028,22.479999542236328,22.31999969482422,22.450000762939453,6.284350395202637
2001-02-28,75400,22.059999465942383,22.350000381469727,21.959999084472656,22.209999084472656,6.217166900634766
2001-02-27,69000,21.600000381469727,22.1200008392334,21.600000381469727,22.059999465942383,6.175177097320557
2001-02-26,111900,21.39999961853028,21.780000686645508,21.18000030517578,21.780000686645508,6.096796989440918
2001-02-23,109400,22.0,22.290000915527344,21.51000022888184,21.6299991607666,6.054810523986816
2001-02-22,52700,22.01000022888184,22.049999237060547,21.549999237060547,21.959999084472656,6.1471848487854
2001-02-21,33100,22.18000030517578,22.18000030517578,21.89999961853028,22.0,6.158380508422852
2001-02-20,50400,22.25,22.459999084472656,22.049999237060547,22.299999237060547,6.242358207702637
2001-02-16,33300,22.479999542236328,22.549999237060547,22.299999237060547,22.450000762939453,6.284350395202637
2001-02-15,45800,22.25,22.540000915527344,22.209999084472656,22.479999542236328,6.29274320602417
2001-02-14,68800,22.049999237060547,22.25,22.049999237060547,22.25,6.228362083435059
2001-02-13,120200,22.350000381469727,22.700000762939453,22.14999961853028,22.14999961853028,6.200371742248535
2001-02-12,117600,22.239999771118164,23.0,22.239999771118164,22.8799991607666,6.245158672332764
2001-02-09,43200,22.38999938964844,22.61000061035156,22.25,22.489999771118164,6.138707637786865
2001-02-08,63500,22.5,22.71999931335449,22.3799991607666,22.63999938964844,6.179649353027344
2001-02-07,70100,22.299999237060547,22.6200008392334,22.200000762939453,22.5,6.141434669494629
2001-02-06,33100,22.020000457763672,22.3700008392334,21.8799991607666,22.280000686645508,6.081387519836426
2001-02-05,77200,21.989999771118164,22.21999931335449,21.88999938964844,21.950000762939453,5.991312026977539
2001-02-02,68200,22.049999237060547,22.350000381469727,21.89999961853028,21.93000030517578,5.98585319519043
2001-02-01,52400,22.280000686645508,22.299999237060547,21.940000534057617,22.11000061035156,6.034982681274414
2001-01-31,110400,22.64999961853028,22.64999961853028,22.1200008392334,22.280000686645508,6.081387519836426
2001-01-30,60200,22.5,22.5,22.25,22.39999961853028,6.114143371582031
2001-01-29,120900,22.11000061035156,22.729999542236328,22.07999992370605,22.450000762939453,6.127790451049805
2001-01-26,101900,22.1875,22.25,22.0,22.0625,6.022021770477295
2001-01-25,134500,22.625,22.6875,22.3125,22.375,6.107319355010986
2001-01-24,164700,22.4375,22.625,22.3125,22.5,6.141434669494629
2001-01-23,175000,22.0625,22.5,22.0625,22.4375,6.124378204345703
2001-01-22,143100,22.3125,22.375,22.0625,22.0625,6.022021770477295
2001-01-19,171600,21.75,22.4375,21.6875,22.1875,6.0561394691467285
2001-01-18,81300,21.8125,22.0625,21.5625,21.875,5.97083854675293
2001-01-17,84900,21.9375,22.4375,21.9375,22.0625,6.022021770477295
2001-01-16,68700,21.9375,22.125,21.9375,22.0625,6.022021770477295
2001-01-12,75000,22.0625,22.25,21.9375,22.0625,6.022021770477295
2001-01-11,76100,22.0,22.0625,21.75,22.0,6.004958629608154
2001-01-10,89900,21.6875,22.0625,21.625,22.0,6.004958629608154
2001-01-09,138200,21.875,22.125,21.5,21.6875,5.919658660888672
2001-01-08,110000,21.375,21.9375,21.375,21.9375,5.987900733947754
2001-01-05,298900,22.0,22.0,21.125,21.375,5.834360122680664
2001-01-04,343600,22.5625,22.5625,21.6875,22.0625,6.022021770477295
2001-01-03,250400,21.25,22.6875,21.25,22.6875,6.19261646270752
2001-01-02,190800,21.25,21.875,20.75,21.5,5.868484020233154
2000-12-29,217200,20.8125,21.25,20.75,21.25,5.800243854522705
2000-12-28,119500,20.4375,20.9375,20.3125,20.9375,5.714946269989014
2000-12-27,93200,20.25,20.625,19.8125,20.5625,5.612590789794922
2000-12-26,126700,19.6875,20.125,19.625,20.125,5.493175029754639
2000-12-22,80100,19.625,19.8125,19.3125,19.75,5.390815258026123
2000-12-21,127200,18.9375,19.625,18.875,19.4375,5.305517196655273
2000-12-20,112000,19.125,19.3125,18.875,18.875,5.151980876922607
2000-12-19,101800,19.3125,19.3125,18.9375,19.1875,5.237278938293457
2000-12-18,152600,19.0,19.5,19.0,19.3125,5.271400451660156
2000-12-15,142000,18.625,19.0625,18.5,19.0625,5.203161716461182
2000-12-14,58600,18.5625,18.875,18.5625,18.75,5.117866039276123
2000-12-13,103000,18.5625,18.9375,18.5,18.625,5.083745002746582
2000-12-12,62900,19.1875,19.1875,18.4375,18.6875,5.100803375244141
2000-12-11,101100,19.1875,19.1875,18.75,19.0625,5.203161716461182
2000-12-08,116100,18.75,19.0,18.5625,19.0,5.186100482940674
2000-12-07,88900,18.4375,18.625,18.375,18.5,5.049625396728516
2000-12-06,76100,18.5625,18.5625,18.1875,18.3125,4.998445987701416
2000-12-05,157900,17.875,18.5,17.8125,18.3125,4.998445987701416
2000-12-04,97400,17.875,18.0625,17.6875,17.8125,4.861973285675049
2000-12-01,114500,18.0625,18.1875,17.875,18.0,4.913150310516357
2000-11-30,118600,18.0625,18.375,17.9375,17.9375,4.896090507507324
2000-11-29,50600,18.1875,18.375,18.0625,18.1875,4.964328765869141
2000-11-28,55000,18.4375,18.5,18.0,18.1875,4.964328765869141
2000-11-27,79200,18.625,18.75,18.3125,18.3125,4.998445987701416
2000-11-24,26200,18.3125,18.5,18.25,18.5,5.049625396728516
2000-11-22,112200,18.1875,18.5,18.0625,18.375,5.015506267547607
2000-11-21,47900,18.125,18.1875,17.875,18.1875,4.964328765869141
2000-11-20,90900,17.625,18.3125,17.625,18.125,4.947269916534424
2000-11-17,79000,17.3125,17.8125,17.3125,17.625,4.810791969299316
2000-11-16,89600,17.75,17.875,17.3125,17.3125,4.725495338439941
2000-11-15,98000,17.375,17.875,17.375,17.625,4.810791969299316
2000-11-14,148600,17.9375,17.9375,17.375,17.4375,4.75961446762085
2000-11-13,102700,18.0625,18.125,17.6875,17.8125,4.861973285675049
2000-11-10,146500,18.4375,18.75,18.25,18.4375,4.878347873687744
2000-11-09,158900,17.9375,18.75,17.9375,18.6875,4.944493770599365
2000-11-08,482600,18.1875,18.5,17.75,17.9375,4.746054649353027
2000-11-07,319200,17.25,18.1875,17.25,18.125,4.795665264129639
2000-11-06,268000,18.5,18.625,17.875,17.875,4.729516983032227
2000-11-03,241000,18.9375,19.0,18.625,18.75,4.961032867431641
2000-11-02,158000,19.4375,19.6875,19.1875,19.4375,5.142934799194336
2000-11-01,161900,19.9375,19.9375,19.625,19.6875,5.209083080291748
2000-10-31,172400,19.9375,20.0,19.5,19.9375,5.275231838226318
2000-10-30,75200,20.0625,20.4375,20.0,20.1875,5.34137773513794
2000-10-27,60100,20.1875,20.25,20.0,20.1875,5.34137773513794
2000-10-26,42400,20.125,20.3125,20.0,20.25,5.357914447784424
2000-10-25,41600,20.375,20.375,20.0625,20.0625,5.308305263519287
2000-10-24,35200,20.375,20.5,20.25,20.3125,5.374452114105225
2000-10-23,43100,20.75,20.8125,20.25,20.3125,5.374452114105225
2000-10-20,46200,20.4375,20.75,20.4375,20.625,5.457135677337647
2000-10-19,72200,20.0625,20.5625,20.0,20.5,5.42406177520752
2000-10-18,54600,20.0,20.1875,19.625,20.0,5.291768550872803
2000-10-17,87800,20.3125,20.3125,19.875,20.0,5.291768550872803
2000-10-16,99800,20.3125,20.5,20.0625,20.25,5.357914447784424
2000-10-13,45000,20.0,20.3125,19.875,20.3125,5.374452114105225
2000-10-12,79500,20.25,20.25,19.875,20.0625,5.308305263519287
2000-10-11,70500,20.3125,20.5625,20.125,20.3125,5.374452114105225
2000-10-10,25400,20.5625,20.8125,20.5,20.5,5.42406177520752
2000-10-09,69000,20.6875,20.75,20.5,20.625,5.457135677337647
2000-10-06,48400,20.9375,21.0625,20.625,20.6875,5.473670959472656
2000-10-05,51000,20.75,21.0625,20.625,21.0,5.55635404586792
2000-10-04,42000,20.8125,20.9375,20.75,20.8125,5.506744861602783
2000-10-03,65100,20.875,21.0,20.625,20.8125,5.506744861602783
2000-10-02,124400,21.0,21.3125,20.875,20.875,5.523280620574951
2000-09-29,43500,21.4375,21.4375,21.0,21.125,5.5894293785095215
2000-09-28,75600,21.25,21.8125,21.125,21.4375,5.672111988067627
2000-09-27,50700,21.375,21.5,21.0,21.3125,5.6390380859375
2000-09-26,131500,21.1875,21.75,21.125,21.25,5.622500896453857
2000-09-25,88500,21.0,21.25,20.9375,21.1875,5.605964183807373
2000-09-22,122100,20.8125,21.4375,20.75,21.25,5.622500896453857
2000-09-21,86700,20.75,21.125,20.75,20.9375,5.539817810058594
2000-09-20,120500,20.4375,21.0,20.375,20.6875,5.473670959472656
2000-09-19,81300,19.6875,20.5,19.5,20.4375,5.40752649307251
2000-09-18,112100,19.9375,20.1875,19.5625,19.5625,5.1760077476501465
2000-09-15,63600,20.0625,20.5,20.0,20.0625,5.308305263519287
2000-09-14,64000,20.4375,20.75,20.125,20.3125,5.374452114105225
2000-09-13,46700,20.3125,20.625,20.25,20.3125,5.374452114105225
2000-09-12,49200,20.4375,20.5,20.1875,20.3125,5.374452114105225
2000-09-11,51100,20.1875,20.4375,20.0625,20.4375,5.40752649307251
2000-09-08,73000,20.125,20.25,20.0,20.25,5.357914447784424
2000-09-07,62700,20.0,20.1875,19.875,20.0625,5.308305263519287
2000-09-06,71300,20.0,20.0625,19.8125,19.875,5.258694171905518
2000-09-05,60000,19.875,20.125,19.75,20.125,5.324841022491455
2000-09-01,42400,19.8125,19.9375,19.8125,19.875,5.258694171905518
2000-08-31,87000,19.6875,20.0625,19.5625,19.75,5.225618839263916
2000-08-30,93600,19.6875,19.75,19.375,19.6875,5.209083080291748
2000-08-29,90300,20.125,20.1875,19.75,19.75,5.225618839263916
2000-08-28,91900,20.0,20.25,19.875,20.0,5.291768550872803
2000-08-25,112000,19.875,20.125,19.8125,20.0,5.291768550872803
2000-08-24,36700,19.625,19.8125,19.625,19.8125,5.242157936096191
2000-08-23,50300,19.4375,19.75,19.375,19.625,5.192546367645264
2000-08-22,55200,19.625,19.875,19.5,19.625,5.192546367645264
2000-08-21,44100,19.75,19.75,19.5,19.625,5.192546367645264
2000-08-18,53300,19.6875,19.8125,19.625,19.75,5.225618839263916
2000-08-17,99200,20.0,20.0625,19.5625,19.625,5.192546367645264
2000-08-16,46800,19.4375,19.625,19.3125,19.625,5.192546367645264
2000-08-15,47800,19.1875,19.4375,19.1875,19.25,5.093325138092041
2000-08-14,56200,19.25,19.4375,19.1875,19.3125,5.109863758087158
2000-08-11,95000,19.0625,19.3125,19.0625,19.3125,5.109863758087158
2000-08-10,76700,19.0625,19.0625,18.8125,19.0,5.027177810668945
2000-08-09,164500,19.4375,19.4375,19.0,19.0625,5.043715953826904
2000-08-08,74100,19.25,19.375,19.125,19.3125,5.109863758087158
2000-08-07,113700,19.125,19.375,19.125,19.3125,5.109863758087158
2000-08-04,95300,19.3125,19.375,18.9375,19.125,5.06024980545044
2000-08-03,89100,19.6875,19.6875,19.25,19.3125,5.109863758087158
2000-08-02,68600,19.5,19.6875,19.3125,19.5625,5.1760077476501465
2000-08-01,166900,19.9375,20.1875,19.6875,20.0625,5.160134315490723
2000-07-31,155700,19.5,19.875,19.4375,19.875,5.111909866333008
2000-07-28,293000,19.3125,19.8125,19.25,19.5,5.0154571533203125
2000-07-27,136700,19.125,19.5,19.125,19.375,4.983307361602783
2000-07-26,77800,18.875,19.3125,18.875,19.25,4.951155662536621
2000-07-25,90900,18.9375,19.0625,18.75,18.875,4.854706287384033
2000-07-24,117700,18.875,19.125,18.5625,18.9375,4.870782852172852
2000-07-21,158500,18.75,19.0,18.75,18.875,4.854706287384033
2000-07-20,94500,18.25,18.75,18.25,18.75,4.822555065155029
2000-07-19,56400,18.125,18.375,18.0625,18.25,4.693954944610596
2000-07-18,52800,18.125,18.25,18.0625,18.125,4.661804676055908
2000-07-17,77100,17.875,18.25,17.875,18.125,4.661804676055908
2000-07-14,151800,17.9375,18.25,17.8125,17.875,4.597500801086426
2000-07-13,98600,17.75,18.0,17.5625,17.875,4.597500801086426
2000-07-12,70300,17.625,17.875,17.625,17.8125,4.581427574157715
2000-07-11,231300,18.1875,18.1875,17.5,17.6875,4.5492753982543945
2000-07-10,159900,17.5,18.25,17.4375,18.125,4.661804676055908
2000-07-07,70700,17.5625,17.625,17.3125,17.5,4.501051425933838
2000-07-06,58700,17.1875,17.5,17.1875,17.5,4.501051425933838
2000-07-05,90300,17.25,17.4375,17.125,17.3125,4.452826023101807
2000-07-03,60100,17.0625,17.25,17.0625,17.25,4.436751365661621
2000-06-30,144700,17.25,17.25,17.046875,17.078125,4.392544746398926
2000-06-29,64200,17.3125,17.3125,17.125,17.1875,4.420675277709961
2000-06-28,152700,17.25,17.375,17.0625,17.3125,4.452826023101807
2000-06-27,99100,17.125,17.3125,17.125,17.25,4.436751365661621
2000-06-26,254000,17.1875,17.25,16.9375,17.125,4.404600620269775
2000-06-23,29700,17.125,17.25,17.125,17.1875,4.420675277709961
2000-06-22,57400,17.25,17.25,17.125,17.125,4.404600620269775
2000-06-21,76900,17.25,17.3125,17.0625,17.1875,4.420675277709961
2000-06-20,77700,17.25,17.3125,17.125,17.25,4.436751365661621
2000-06-19,79200,17.0625,17.3125,17.0,17.25,4.436751365661621
2000-06-16,107300,17.25,17.3125,17.125,17.3125,4.452826023101807
2000-06-15,225300,17.125,17.375,17.0,17.1875,4.420675277709961
2000-06-14,124400,17.1875,17.4375,17.0625,17.125,4.404600620269775
2000-06-13,84200,17.25,17.25,17.0625,17.25,4.436751365661621
2000-06-12,84200,17.5,17.5,17.125,17.1875,4.420675277709961
2000-06-09,47300,17.3125,17.5625,17.25,17.5,4.501051425933838
2000-06-08,133600,17.1875,17.5,17.125,17.3125,4.452826023101807
2000-06-07,208300,17.0,17.5,16.9375,17.4375,4.4849772453308105
2000-06-06,138900,16.5625,17.125,16.5625,16.9375,4.3563737869262695
2000-06-05,60300,16.5,16.6875,16.4375,16.5625,4.259925842285156
2000-06-02,167000,16.4375,16.8125,16.4375,16.75,4.30814790725708
2000-06-01,199300,16.375,16.625,16.375,16.5,4.24384880065918
2000-05-31,102300,16.4375,16.75,16.3125,16.625,4.275998592376709
2000-05-30,261600,16.1875,16.5625,15.875,16.4375,4.227774143218994
2000-05-26,93000,15.875,16.125,15.8125,16.0625,4.131321430206299
2000-05-25,185400,16.3125,16.3125,15.875,15.875,4.083098411560059
2000-05-24,152900,16.5625,16.5625,16.0,16.25,4.179549694061279
2000-05-23,182600,16.6875,17.0,16.5,16.5625,4.259925842285156
2000-05-22,113500,17.0625,17.1875,16.4375,16.8125,4.32422399520874
2000-05-19,129200,17.0,17.0625,16.8125,17.0625,4.3885273933410645
2000-05-18,191400,17.5,17.5,16.875,16.875,4.340299606323242
2000-05-17,173000,17.75,17.9375,17.375,17.5,4.501051425933838
2000-05-16,122300,17.3125,17.875,17.25,17.875,4.597500801086426
2000-05-15,75600,17.5,17.5,17.1875,17.4375,4.4849772453308105
2000-05-12,167300,17.5625,17.6875,17.25,17.5,4.501051425933838
2000-05-11,139500,17.625,18.0,17.25,17.5,4.501051425933838
2000-05-10,67800,17.625,17.8125,17.5,17.625,4.533200263977051
2000-05-09,97500,17.5,18.0,17.375,18.0,4.629652976989746
2000-05-08,154400,17.4375,17.5,17.1875,17.4375,4.4849772453308105
2000-05-05,143500,17.4375,17.4375,17.125,17.3125,4.452826023101807
2000-05-04,136700,18.0625,18.0625,17.0,17.375,4.468903064727783
2000-05-03,134200,18.0625,18.125,17.75,18.0625,4.645731925964356
2000-05-02,172200,18.4375,18.875,18.4375,18.5,4.615509033203125
2000-05-01,120800,17.9375,18.4375,17.875,18.375,4.584322929382324
2000-04-28,177600,18.625,18.625,17.9375,18.0,4.490764141082764
2000-04-27,132200,18.5625,19.0,18.375,19.0,4.740249156951904
2000-04-26,109800,18.125,18.5,18.0,18.3125,4.568727970123291
2000-04-25,128300,17.75,18.0,17.625,17.9375,4.47517204284668
2000-04-24,153100,17.625,17.9375,17.5,17.5625,4.381614208221436
2000-04-20,602400,17.9375,18.1875,17.5,17.75,4.428391456604004
2000-04-19,200600,17.8125,18.3125,17.625,17.875,4.459578037261963
2000-04-18,81200,17.5,17.9375,17.375,17.8125,4.4439849853515625
2000-04-17,100600,17.375,18.0,17.3125,17.5625,4.381614208221436
2000-04-14,149700,17.5625,17.5625,17.1875,17.4375,4.350426197052002
2000-04-13,188300,17.75,17.8125,17.1875,17.3125,4.31924295425415
2000-04-12,118000,17.9375,17.9375,17.625,17.6875,4.412798881530762
2000-04-11,89900,17.75,18.0,17.6875,17.75,4.428391456604004
2000-04-10,111700,17.875,18.0,17.625,17.875,4.459578037261963
2000-04-07,88500,17.625,17.875,17.5625,17.875,4.459578037261963
2000-04-06,135000,17.375,17.75,17.25,17.75,4.428391456604004
2000-04-05,113700,17.25,17.6875,17.125,17.375,4.33483362197876
2000-04-04,118500,17.25,17.3125,16.875,17.25,4.303649425506592
2000-04-03,115400,16.8125,17.5625,16.8125,17.125,4.272464752197266
2000-03-31,120600,16.9375,17.0,16.75,16.75,4.178905010223389
2000-03-30,96200,17.0,17.125,16.5,16.8125,4.194498538970947
2000-03-29,95000,17.1875,17.1875,16.8125,17.0,4.241277694702148
2000-03-28,87100,16.9375,17.3125,16.9375,17.0,4.241277694702148
2000-03-27,76000,17.4375,17.6875,17.0,17.125,4.272464752197266
2000-03-24,218300,17.375,17.5,17.1875,17.25,4.303649425506592
2000-03-23,78200,17.375,17.5625,17.3125,17.3125,4.31924295425415
2000-03-22,143300,17.125,17.5,17.0,17.3125,4.31924295425415
2000-03-21,96800,16.75,17.125,16.75,17.125,4.272464752197266
2000-03-20,88300,17.1875,17.3125,16.875,17.0,4.241277694702148
2000-03-17,141400,16.8125,17.375,16.8125,17.1875,4.288054466247559
2000-03-16,134700,16.625,17.0,16.625,16.875,4.210092067718506
2000-03-15,119000,16.125,16.6875,16.0625,16.5,4.116533279418945
2000-03-14,84900,16.0,16.25,16.0,16.125,4.022974491119385
2000-03-13,74000,16.0,16.125,15.875,16.0625,4.007380962371826
2000-03-10,96000,15.875,16.1875,15.8125,15.8125,3.9450113773345934
2000-03-09,168200,15.75,16.4375,15.75,16.0,3.991788625717163
2000-03-08,125000,15.75,15.9375,15.6875,15.9375,3.976196050643921
2000-03-07,110700,15.75,15.875,15.75,15.75,3.9294183254241934
2000-03-06,117900,16.0,16.125,15.6875,15.75,3.9294183254241934
2000-03-03,120000,16.0625,16.0625,15.6875,15.875,3.960604190826416
2000-03-02,88700,16.25,16.25,16.0,16.125,4.022974491119385
2000-03-01,92000,16.1875,16.25,15.875,16.0625,4.007380962371826
2000-02-29,109200,16.0,16.25,15.625,16.25,4.05416202545166
2000-02-28,110000,15.5625,15.9375,15.5,15.875,3.960604190826416
2000-02-25,126100,15.875,15.875,15.5,15.6875,3.9138262271881104
2000-02-24,141800,15.9375,16.0,15.6875,15.8125,3.9450113773345934
2000-02-23,217400,15.875,16.25,15.875,16.1875,4.038570404052734
2000-02-22,323700,15.875,16.125,15.875,16.125,4.022974491119385
2000-02-18,280900,16.0625,16.125,15.9375,16.0,3.991788625717163
2000-02-17,106000,16.0625,16.25,16.0,16.125,4.022974491119385
2000-02-16,96700,16.0,16.125,15.875,15.875,3.960604190826416
2000-02-15,234700,16.0625,16.1875,15.9375,16.0625,4.007380962371826
2000-02-14,88000,16.125,16.125,16.0,16.0,3.991788625717163
2000-02-11,140800,16.125,16.375,16.0,16.0625,4.007380962371826
2000-02-10,256100,16.375,16.4375,16.0,16.0625,4.007380962371826
2000-02-09,241800,16.75,16.9375,16.25,16.5,4.116533279418945
2000-02-08,87400,17.125,17.125,16.8125,16.875,4.210092067718506
2000-02-07,143200,17.5,17.75,17.0,17.1875,4.288054466247559
2000-02-04,120100,17.75,17.75,17.3125,17.4375,4.350426197052002
2000-02-03,113800,17.8125,18.0,17.6875,17.8125,4.4439849853515625
2000-02-02,157500,17.5,18.0625,17.375,18.0,4.490764141082764
2000-02-01,118000,18.1875,18.25,17.9375,18.0625,4.369137287139893
2000-01-31,164800,18.4375,18.5,17.875,18.0,4.354020595550537
2000-01-28,115800,18.1875,18.375,18.125,18.3125,4.429611682891846
2000-01-27,145300,17.5625,18.1875,17.5,18.1875,4.399374008178711
2000-01-26,83500,17.5,17.75,17.5,17.6875,4.2784295082092285
2000-01-25,58300,17.5625,17.8125,17.5,17.625,4.263312339782715
2000-01-24,109100,17.6875,17.9375,17.5,17.5,4.2330756187438965
2000-01-21,86000,17.5,17.75,17.25,17.75,4.293548107147217
2000-01-20,64800,17.5,17.625,17.375,17.625,4.263312339782715
2000-01-19,160900,17.1875,17.8125,17.1875,17.5625,4.24819278717041
2000-01-18,180500,17.25,17.5,17.125,17.375,4.202839374542236
2000-01-14,126700,17.8125,18.0,17.3125,17.3125,4.1877217292785645
2000-01-13,93200,17.6875,17.875,17.5,17.875,4.323784828186035
2000-01-12,100000,17.875,17.875,17.5,17.5625,4.24819278717041
2000-01-11,184300,17.5,17.75,17.375,17.625,4.263312339782715
2000-01-10,198700,17.0625,17.4375,17.0,17.375,4.202839374542236
2000-01-07,156800,16.4375,17.0,16.4375,16.875,4.081894397735596
2000-01-06,193800,15.9375,16.5,15.8125,16.5,3.991185426712036
2000-01-05,76000,15.5,16.0,15.5,15.75,3.809768915176392
2000-01-04,158200,15.75,15.9375,15.4375,15.5,3.7492949962615967
2000-01-03,141500,15.6875,15.875,15.4375,15.875,3.840003490447998
1999-12-31,305700,15.1875,15.875,15.125,15.625,3.779531717300415
1999-12-30,317700,15.125,15.6875,15.0,15.3125,3.703941822052002
1999-12-29,278800,14.8125,15.25,14.75,15.125,3.658588171005249
1999-12-28,301200,14.5625,14.875,14.5,14.75,3.567878484725952
1999-12-27,433400,15.0625,15.25,14.625,14.6875,3.5527596473693848
1999-12-23,239200,15.5625,15.625,15.25,15.25,3.688820838928223
1999-12-22,138600,15.625,15.75,15.5625,15.6875,3.794650077819824
1999-12-21,290900,15.5625,15.875,15.5,15.703125,3.7984304428100586
1999-12-20,220900,15.75,16.25,15.75,15.75,3.809768915176392
1999-12-17,264600,15.5,15.8125,15.5,15.75,3.809768915176392
1999-12-16,163200,15.4375,15.625,15.375,15.375,3.719058990478516
1999-12-15,194100,15.25,15.4375,15.25,15.4375,3.734177827835083
1999-12-14,274600,15.3125,15.5625,15.1875,15.25,3.688820838928223
1999-12-13,538900,15.5,15.625,15.25,15.375,3.719058990478516
1999-12-10,240500,15.5625,15.875,15.5625,15.5625,3.764413356781006
1999-12-09,267500,15.5,15.75,15.4375,15.6875,3.794650077819824
1999-12-08,263500,15.5625,15.625,15.4375,15.5625,3.764413356781006
1999-12-07,254000,15.625,15.875,15.375,15.625,3.779531717300415
1999-12-06,381100,15.625,16.1875,15.375,15.625,3.779531717300415
1999-12-03,563400,15.4375,15.5,14.625,15.4375,3.734177827835083
1999-12-02,403900,16.375,16.4375,15.1875,15.4375,3.734177827835083
1999-12-01,151300,16.3125,16.375,16.0625,16.1875,3.915595531463623
1999-11-30,225000,16.125,16.5625,16.0,16.5625,4.006304740905762
1999-11-29,192400,16.8125,17.0,16.3125,16.375,3.960949420928955
1999-11-26,70300,16.8125,16.875,16.75,16.8125,4.066776275634766
1999-11-24,232900,16.875,17.25,16.625,16.75,4.051658630371094
1999-11-23,215600,17.5,17.5625,16.875,17.125,4.142366409301758
1999-11-22,140800,17.5625,17.75,17.5,17.5,4.2330756187438965
1999-11-19,190300,17.875,17.9375,17.5,17.75,4.293548107147217
1999-11-18,168700,17.3125,18.0,17.25,17.8125,4.308668613433838
1999-11-17,236300,18.3125,18.3125,17.625,17.625,4.263312339782715
1999-11-16,122600,18.125,18.5,17.875,18.0625,4.369137287139893
1999-11-15,90200,18.375,18.5,18.25,18.375,4.444729328155518
1999-11-12,111000,18.5,18.625,18.25,18.4375,4.459848403930664
1999-11-11,120000,18.9375,19.0,18.5,18.5,4.4749674797058105
1999-11-10,87000,18.5,18.75,18.5,18.6875,4.520320415496826
1999-11-09,150000,18.625,18.75,18.25,18.25,4.414494514465332
1999-11-08,112600,18.75,18.9375,18.625,18.625,4.50520133972168
1999-11-05,122800,18.8125,19.0,18.75,18.8125,4.5505547523498535
1999-11-04,60500,19.1875,19.1875,18.75,18.8125,4.5505547523498535
1999-11-03,82200,18.8125,19.25,18.8125,19.0,4.595909118652344
1999-11-02,95300,19.5,19.75,19.5,19.6875,4.630378723144531
1999-11-01,118200,19.1875,19.5,19.125,19.4375,4.5715813636779785
1999-10-29,94300,18.875,19.5,18.875,19.25,4.5274810791015625
1999-10-28,93000,18.875,19.0,18.6875,18.9375,4.453984260559082
1999-10-27,145600,18.375,18.6875,18.3125,18.6875,4.395185947418213
1999-10-26,109800,18.4375,18.625,18.3125,18.375,4.321689128875732
1999-10-25,117500,18.625,18.6875,18.4375,18.4375,4.336389541625977
1999-10-22,95400,18.25,18.6875,18.25,18.6875,4.395185947418213
1999-10-21,95800,18.375,18.4375,18.25,18.25,4.292287826538086
1999-10-20,59700,18.375,18.5,18.375,18.4375,4.336389541625977
1999-10-19,107600,18.125,18.4375,18.0625,18.375,4.321689128875732
1999-10-18,74600,18.125,18.25,18.0,18.125,4.262890338897705
1999-10-15,117800,18.3125,18.3125,17.8125,18.125,4.262890338897705
1999-10-14,94500,18.125,18.375,18.125,18.1875,4.277586936950684
1999-10-13,70500,18.3125,18.3125,18.0625,18.125,4.262890338897705
1999-10-12,107700,18.4375,18.5,18.1875,18.3125,4.30698823928833
1999-10-11,136100,18.875,18.9375,18.4375,18.5,4.35108757019043
1999-10-08,59600,19.3125,19.375,19.125,19.125,4.498081684112549
1999-10-07,75900,19.0,19.3125,18.9375,19.25,4.5274810791015625
1999-10-06,76400,18.875,19.125,18.75,18.875,4.4392852783203125
1999-10-05,95400,18.375,18.9375,18.375,18.875,4.4392852783203125
1999-10-04,79400,18.9375,19.0625,18.75,18.75,4.409885406494141
1999-10-01,73800,18.6875,19.125,18.625,19.0625,4.483383655548096
1999-09-30,188800,19.4375,19.6875,18.6875,18.75,4.409885406494141
1999-09-29,76600,19.125,19.5,19.125,19.3125,4.542182922363281
1999-09-28,80600,19.0625,19.4375,19.0625,19.25,4.5274810791015625
1999-09-27,83000,19.375,19.5,19.1875,19.1875,4.512782096862793
1999-09-24,70100,18.875,19.3125,18.75,19.3125,4.542182922363281
1999-09-23,104400,18.9375,19.0625,18.8125,18.875,4.4392852783203125
1999-09-22,94200,18.9375,19.1875,18.6875,18.75,4.409885406494141
1999-09-21,103400,19.1875,19.3125,19.0,19.25,4.5274810791015625
1999-09-20,90300,19.625,19.625,19.25,19.25,4.5274810791015625
1999-09-17,75700,19.5625,19.875,19.5,19.625,4.615679264068604
1999-09-16,62000,19.75,19.8125,19.5625,19.5625,4.600983619689941
1999-09-15,102900,19.9375,19.9375,19.6875,19.8125,4.65977954864502
1999-09-14,101200,19.9375,20.25,19.75,19.875,4.674478530883789
1999-09-13,102700,19.9375,20.0,19.5,19.875,4.674478530883789
1999-09-10,170600,19.5,19.9375,19.5,19.8125,4.65977954864502
1999-09-09,112400,19.9375,20.0,19.6875,19.6875,4.630378723144531
1999-09-08,133900,20.125,20.3125,20.0,20.0,4.703880310058594
1999-09-07,71500,20.375,20.375,20.0,20.3125,4.777375221252441
1999-09-03,73200,20.0625,20.375,20.0,20.375,4.79207706451416
1999-09-02,65900,20.3125,20.3125,19.875,20.0,4.703880310058594
1999-09-01,108900,20.0625,20.3125,19.75,20.0625,4.71858024597168
1999-08-31,137300,19.75,20.3125,19.5,20.3125,4.777375221252441
1999-08-30,66800,20.0,20.0625,19.5,19.625,4.615679264068604
1999-08-27,52900,19.8125,20.0,19.75,19.8125,4.65977954864502
1999-08-26,62400,19.8125,20.0625,19.8125,20.0,4.703880310058594
1999-08-25,83100,19.9375,20.0,19.5,19.875,4.674478530883789
1999-08-24,65500,19.625,20.0,19.5625,19.875,4.674478530883789
1999-08-23,74300,20.1875,20.3125,19.75,19.75,4.645078182220459
1999-08-20,44500,19.875,20.25,19.8125,20.0,4.703880310058594
1999-08-19,53000,19.6875,20.0625,19.6875,19.875,4.674478530883789
1999-08-18,107600,20.0,20.125,19.625,19.9375,4.689177513122559
1999-08-17,76400,19.875,20.25,19.75,19.875,4.674478530883789
1999-08-16,59400,19.875,19.875,19.5,19.6875,4.630378723144531
1999-08-13,50600,19.9375,20.0625,19.5625,19.625,4.615679264068604
1999-08-12,46000,19.75,19.8125,19.5,19.75,4.645078182220459
1999-08-11,97700,20.125,20.375,19.4375,19.8125,4.65977954864502
1999-08-10,65400,20.0,20.125,19.8125,19.9375,4.689177513122559
1999-08-09,55200,20.5,20.5,20.0,20.0625,4.71858024597168
1999-08-06,78800,20.5625,20.75,20.25,20.4375,4.80677604675293
1999-08-05,69100,20.75,21.0,20.4375,20.8125,4.894974231719971
1999-08-04,89000,20.75,20.9375,20.5,20.75,4.880274295806885
1999-08-03,71300,21.25,21.375,21.0,21.375,4.900264263153076
1999-08-02,110600,21.0,21.3125,20.8125,21.3125,4.885936737060547
1999-07-30,82600,20.9375,21.0,20.75,21.0,4.814297199249268
1999-07-29,65800,20.875,21.0,20.625,20.9375,4.799966812133789
1999-07-28,142500,21.0,21.0625,20.6875,21.0,4.814297199249268
1999-07-27,90900,20.75,21.1875,20.75,20.9375,4.799966812133789
1999-07-26,123700,20.625,20.875,20.5,20.75,4.756983757019043
1999-07-23,77700,20.9375,21.375,20.875,20.875,4.785636901855469
1999-07-22,88500,21.0625,21.25,20.875,21.0,4.814297199249268
1999-07-21,71800,21.1875,21.4375,21.0625,21.1875,4.85728120803833
1999-07-20,71600,21.0625,21.4375,21.0625,21.25,4.871606826782227
1999-07-19,55800,21.3125,21.375,21.0,21.125,4.842953205108643
1999-07-16,65400,21.375,21.5,21.125,21.375,4.900264263153076
1999-07-15,119800,21.375,21.625,21.0,21.5,4.928922653198242
1999-07-14,58400,21.0625,21.5625,21.0,21.375,4.900264263153076
1999-07-13,49300,21.0,21.25,21.0,21.1875,4.85728120803833
1999-07-12,55300,21.1875,21.625,21.0,21.0,4.814297199249268
1999-07-09,86000,21.25,21.6875,20.9375,21.0625,4.828625679016113
1999-07-08,47000,21.25,21.375,21.0625,21.1875,4.85728120803833
1999-07-07,96800,21.8125,21.8125,20.875,21.0625,4.828625679016113
1999-07-06,110200,22.0625,22.1875,21.625,21.6875,4.971904277801514
1999-07-02,87600,21.125,22.0,21.125,21.875,5.014889717102051
1999-07-01,74100,21.375,21.5,21.125,21.4375,4.91459321975708
1999-06-30,106900,21.3125,21.75,21.0,21.125,4.842953205108643
1999-06-29,85600,20.8125,21.75,20.6875,21.4375,4.91459321975708
1999-06-28,65000,20.875,21.0,20.6875,20.8125,4.771311283111572
1999-06-25,87500,20.875,20.9375,20.75,20.8125,4.771311283111572
1999-06-24,83600,21.3125,21.375,20.8125,20.875,4.785636901855469
1999-06-23,81200,21.375,21.375,21.0,21.125,4.842953205108643
1999-06-22,54500,21.25,21.5,21.0625,21.5,4.928922653198242
1999-06-21,71500,21.5,21.5,21.0,21.375,4.900264263153076
1999-06-18,83400,21.375,21.4375,21.125,21.25,4.871606826782227
1999-06-17,47300,20.9375,21.0,20.75,21.0,4.814297199249268
1999-06-16,75100,20.625,21.375,20.625,20.9375,4.799966812133789
1999-06-15,86100,20.875,21.0,20.5625,20.8125,4.771311283111572
1999-06-14,93900,20.8125,21.0,20.5625,20.6875,4.742655277252197
1999-06-11,169000,21.5625,21.5625,20.75,20.75,4.756983757019043
1999-06-10,48800,21.875,22.0,21.5,21.5,4.928922653198242
1999-06-09,42100,21.875,22.125,21.75,22.0,5.043546199798584
1999-06-08,79900,21.875,22.1875,21.6875,22.0625,5.057876110076904
1999-06-07,95600,21.9375,22.125,21.75,22.125,5.072204113006592
1999-06-04,78800,21.375,21.9375,21.375,21.9375,5.0292181968688965
1999-06-03,92000,21.75,21.875,21.25,21.375,4.900264263153076
1999-06-02,96500,21.6875,22.0,21.6875,21.875,5.014889717102051
1999-06-01,160500,21.75,22.0,21.625,21.9375,5.0292181968688965
1999-05-28,87800,21.5625,21.9375,21.375,21.625,4.957580089569092
1999-05-27,163700,21.3125,21.6875,21.3125,21.625,4.957580089569092
1999-05-26,84100,21.4375,21.5625,21.375,21.4375,4.91459321975708
1999-05-25,91000,21.125,21.5625,21.0,21.4375,4.91459321975708
1999-05-24,64600,21.1875,21.4375,21.0625,21.25,4.871606826782227
1999-05-21,132100,21.25,21.375,21.1875,21.1875,4.85728120803833
1999-05-20,114300,20.8125,21.3125,20.8125,21.25,4.871606826782227
1999-05-19,91500,20.4375,21.0,20.4375,21.0,4.814297199249268
1999-05-18,194300,20.5625,20.5625,20.25,20.3125,4.656684398651123
1999-05-17,106300,20.6875,20.6875,20.25,20.3125,4.656684398651123
1999-05-14,79700,21.125,21.125,20.5,20.625,4.728326797485352
1999-05-13,115300,20.6875,20.875,20.5625,20.875,4.785636901855469
1999-05-12,121000,20.625,20.625,20.375,20.4375,4.685341358184815
1999-05-11,220700,20.5625,20.6875,20.5,20.5625,4.7139997482299805
1999-05-10,265500,20.5625,20.75,20.4375,20.5625,4.7139997482299805
1999-05-07,83400,20.9375,21.0,20.625,20.6875,4.742655277252197
1999-05-06,83000,21.0,21.125,20.75,20.75,4.756983757019043
1999-05-05,243800,21.5,21.6875,20.9375,20.9375,4.799966812133789
1999-05-04,171500,21.6875,21.75,21.25,21.25,4.871606826782227
1999-05-03,209400,21.875,22.125,21.5,22.0,4.920896053314209
1999-04-30,263300,21.5625,21.9375,21.4375,21.8125,4.878958702087402
1999-04-29,119500,21.1875,21.5,21.1875,21.4375,4.795079231262207
1999-04-28,140400,21.0,21.1875,21.0,21.1875,4.739160060882568
1999-04-27,112300,21.3125,21.4375,20.8125,20.8125,4.655283451080322
1999-04-26,134800,21.5,21.5625,21.125,21.125,4.725180149078369
1999-04-23,86800,21.375,21.4375,21.125,21.375,4.781098365783691
1999-04-22,104500,21.375,21.5,21.125,21.25,4.753139019012451
1999-04-21,129700,21.375,21.4375,21.0625,21.25,4.753139019012451
1999-04-20,124000,21.0,21.4375,21.0,21.1875,4.739160060882568
1999-04-19,359100,21.375,21.75,21.125,21.125,4.725180149078369
1999-04-16,500900,20.125,21.1875,19.875,21.0,4.697220802307129
1999-04-15,169500,19.1875,19.6875,19.0625,19.6875,4.403642654418945
1999-04-14,170200,18.5625,19.125,18.375,19.0,4.24986743927002
1999-04-13,166800,18.5,19.375,18.5,18.75,4.193946361541748
1999-04-12,157200,18.1875,18.5625,18.1875,18.5,4.138027667999268
1999-04-09,120500,18.625,18.75,18.25,18.4375,4.124049663543701
1999-04-08,103800,18.8125,19.0625,18.5625,18.75,4.193946361541748
1999-04-07,132900,18.625,19.1875,18.5,18.9375,4.235886096954346
1999-04-06,131500,18.625,19.0625,18.5,18.625,4.165987014770508
1999-04-05,133400,18.9375,19.3125,18.75,18.875,4.221905708312988
1999-04-01,116300,19.25,19.25,18.75,19.0625,4.263845443725586
1999-03-31,141400,18.25,19.6875,18.25,19.0,4.24986743927002
1999-03-30,181100,18.375,18.4375,18.0,18.125,4.054150104522705
1999-03-29,204200,18.8125,18.9375,18.3125,18.375,4.1100687980651855
1999-03-26,118200,18.875,18.9375,18.5,18.5625,4.152009010314941
1999-03-25,65600,19.1875,19.1875,18.75,18.8125,4.207927227020264
1999-03-24,66100,18.9375,19.1875,18.625,19.0,4.24986743927002
1999-03-23,84900,18.875,18.9375,18.5,18.8125,4.207927227020264
1999-03-22,132600,19.3125,19.3125,18.75,18.9375,4.235886096954346
1999-03-19,128300,19.125,19.375,19.0,19.1875,4.291805267333984
1999-03-18,184400,19.625,19.625,19.0,19.125,4.277825355529785
1999-03-17,688600,19.75,19.8125,19.5,19.625,4.389663696289063
1999-03-16,118500,19.75,19.9375,19.625,19.75,4.4176225662231445
1999-03-15,72300,19.75,19.875,19.625,19.75,4.4176225662231445
1999-03-12,207500,19.875,19.9375,19.4375,19.625,4.389663696289063
1999-03-11,86700,19.4375,19.75,19.375,19.6875,4.403642654418945
1999-03-10,205200,19.75,19.8125,19.375,19.4375,4.347724914550781
1999-03-09,63500,19.8125,19.8125,19.5,19.625,4.389663696289063
1999-03-08,73600,19.8125,19.875,19.5,19.75,4.4176225662231445
1999-03-05,59800,19.5,19.8125,19.5,19.8125,4.431604862213135
1999-03-04,118800,19.4375,19.8125,19.25,19.5,4.361707210540772
1999-03-03,230600,20.0,20.0,19.25,19.6875,4.403642654418945
1999-03-02,96800,19.75,19.9375,19.4375,19.75,4.4176225662231445
1999-03-01,154300,19.625,19.6875,19.1875,19.5,4.361707210540772
1999-02-26,71700,19.6875,19.8125,19.375,19.375,4.333745002746582
1999-02-25,127100,19.125,19.5625,19.0,19.4375,4.347724914550781
1999-02-24,141700,19.5625,20.0,19.375,19.375,4.333745002746582
1999-02-23,146100,19.0,19.6875,18.875,19.5,4.361707210540772
1999-02-22,170000,19.0625,19.5,19.0625,19.3125,4.319766998291016
1999-02-19,112800,18.5625,18.9375,18.375,18.6875,4.179967880249023
1999-02-18,147300,18.4375,18.75,18.1875,18.375,4.1100687980651855
1999-02-17,209400,19.125,19.1875,18.25,18.3125,4.0960893630981445
1999-02-16,182700,19.0625,19.1875,18.75,19.0,4.24986743927002
1999-02-12,288300,19.0,19.0,18.25,18.9375,4.235886096954346
1999-02-11,222800,19.625,19.875,19.0625,19.125,4.277825355529785
1999-02-10,165400,20.5,20.75,19.5625,19.875,4.445586204528809
1999-02-09,125700,21.25,21.3125,20.375,20.5,4.585381984710693
1999-02-08,92200,21.25,21.4375,20.5625,21.3125,4.767121315002441
1999-02-05,100400,21.0625,21.4375,20.75,21.25,4.753139019012451
1999-02-04,115400,21.375,21.75,21.125,21.3125,4.767121315002441
1999-02-03,173800,21.9375,21.9375,21.0,21.25,4.753139019012451
1999-02-02,225100,22.4375,22.4375,21.9375,22.1875,4.844288349151611
1999-02-01,87700,22.75,23.25,22.375,22.4375,4.89887285232544
1999-01-29,108200,22.4375,23.0,22.25,22.75,4.967101573944092
1999-01-28,116700,22.0,22.6875,22.0,22.4375,4.89887285232544
1999-01-27,70300,22.6875,22.8125,22.0625,22.0625,4.816995620727539
1999-01-26,61300,22.3125,22.6875,22.125,22.6875,4.953454971313477
1999-01-25,67300,21.9375,22.375,21.8125,22.375,4.885225296020508
1999-01-22,49900,21.8125,22.0625,21.75,21.8125,4.762412071228027
1999-01-21,72100,21.75,22.0625,21.75,22.0,4.803349494934082
1999-01-20,138200,21.8125,22.0,21.5,21.8125,4.762412071228027
1999-01-19,122400,22.25,22.25,21.75,21.75,4.748767375946045
1999-01-15,92800,21.5625,22.4375,21.4375,22.1875,4.844288349151611
1999-01-14,89100,22.3125,22.5625,21.5,21.5,4.694185256958008
1999-01-13,118000,22.375,22.9375,22.0,22.1875,4.844288349151611
1999-01-12,63700,22.25,22.6875,22.125,22.6875,4.953454971313477
1999-01-11,144400,22.5625,22.75,22.0,22.1875,4.844288349151611
1999-01-08,103400,22.75,23.0,22.625,22.8125,4.980747222900391
1999-01-07,76900,22.875,23.0,22.5625,22.8125,4.980747222900391
1999-01-06,144300,22.75,22.9375,22.5,22.625,4.939813137054443
1999-01-05,109800,22.625,22.6875,22.1875,22.5,4.912517547607422
1999-01-04,113500,22.25,22.9375,22.25,22.5,4.912517547607422
1998-12-31,122200,21.375,22.3125,21.125,22.125,4.8306427001953125
1998-12-30,112300,21.5,22.0,21.25,21.8125,4.762412071228027
1998-12-29,141500,21.75,21.9375,21.5,21.875,4.776059150695801
1998-12-28,130900,21.75,21.875,21.375,21.875,4.776059150695801
1998-12-24,86900,22.0,22.0,21.5,21.875,4.776059150695801
1998-12-23,97300,21.5,22.0625,21.375,21.9375,4.789706230163574
1998-12-22,83000,21.6875,21.75,21.3125,21.4375,4.680537223815918
1998-12-21,107800,21.1875,21.75,21.0,21.4375,4.680537223815918
1998-12-18,96000,21.375,21.75,21.25,21.25,4.639601707458496
1998-12-17,66600,22.1875,22.1875,21.5625,21.625,4.7214765548706055
1998-12-16,85600,22.0625,22.1875,21.5,22.1875,4.844288349151611
1998-12-15,115700,21.75,22.0,21.5,21.875,4.776059150695801
1998-12-14,107900,21.5625,21.8125,21.375,21.5625,4.707831382751465
1998-12-11,132400,21.4375,22.1875,21.4375,21.625,4.7214765548706055
1998-12-10,260000,21.4375,21.4375,21.0,21.4375,4.680537223815918
1998-12-09,183800,22.4375,22.4375,21.3125,21.75,4.748767375946045
1998-12-08,94500,22.75,23.125,22.5,22.5,4.912517547607422
1998-12-07,80300,23.0625,23.25,22.875,23.0,5.021683216094971
1998-12-04,125200,23.0,23.1875,22.875,23.0625,5.035332202911377
1998-12-03,102600,22.75,23.125,22.6875,23.125,5.048979759216309
1998-12-02,59800,22.9375,23.0,22.5625,22.8125,4.980747222900391
1998-12-01,69200,23.0,23.0,22.5625,23.0,5.021683216094971
1998-11-30,74000,22.875,23.0,22.5625,23.0,5.021683216094971
1998-11-27,38500,22.8125,23.125,22.8125,23.0,5.021683216094971
1998-11-25,94600,22.1875,22.9375,22.0,22.9375,5.0080389976501465
1998-11-24,85200,22.0625,22.3125,22.0,22.125,4.8306427001953125
1998-11-23,142200,22.25,22.75,22.0625,22.0625,4.816995620727539
1998-11-20,89200,22.625,22.875,22.125,22.5,4.912517547607422
1998-11-19,78500,23.0,23.0,22.5,22.5625,4.926164150238037
1998-11-18,72900,22.5,23.0,22.375,22.9375,5.0080389976501465
1998-11-17,166700,22.6875,22.6875,22.25,22.5,4.912517547607422
1998-11-16,58500,22.3125,22.6875,22.25,22.4375,4.89887285232544
1998-11-13,72600,22.5,22.9375,22.125,22.375,4.885225296020508
1998-11-12,82500,22.75,23.0,22.0,22.25,4.857934474945068
1998-11-11,52400,22.9375,23.375,22.1875,23.0,5.021683216094971
1998-11-10,99400,22.375,22.875,22.3125,22.75,4.967101573944092
1998-11-09,90600,23.375,23.5,22.3125,22.625,4.939813137054443
1998-11-06,86900,23.8125,23.9375,23.0,23.125,5.048979759216309
1998-11-05,87400,23.3125,24.125,23.25,23.9375,5.226372241973877
1998-11-04,60500,23.5,23.6875,23.125,23.375,5.1035590171813965
1998-11-03,64800,23.0,23.6875,23.0,23.25,5.076270580291748
1998-11-02,105900,23.25,23.625,23.0625,23.0625,5.035332202911377
1998-10-30,105800,24.0,24.0,23.1875,23.4375,5.117205619812012
1998-10-29,108200,23.3125,23.875,22.875,23.8125,5.199082851409912
1998-10-28,51600,23.4375,23.75,23.3125,23.5625,5.144498825073242
1998-10-27,78200,23.6875,23.9375,23.3125,23.8125,5.199082851409912
1998-10-26,78500,24.125,24.125,23.3125,23.8125,5.199082851409912
1998-10-23,156800,23.5,23.875,23.125,23.875,5.212728023529053
1998-10-22,147600,24.4375,24.5,23.5,23.8125,5.199082851409912
1998-10-21,119700,25.0,25.125,23.75,24.5625,5.362832069396973
1998-10-20,82000,24.625,25.25,24.5,25.25,5.512936592102051
1998-10-19,63400,23.875,25.0,23.875,24.75,5.4037699699401855
1998-10-16,53400,23.5,23.9375,23.4375,23.875,5.212728023529053
1998-10-15,49100,24.125,24.125,23.5,23.5,5.130852222442627
1998-10-14,23000,23.9375,24.125,23.8125,23.875,5.212728023529053
1998-10-13,32800,24.1875,24.1875,23.875,23.9375,5.226372241973877
1998-10-12,20000,24.375,24.625,24.0625,24.0625,5.253665924072266
1998-10-09,64200,23.875,24.375,23.6875,24.375,5.321895599365234
1998-10-08,66700,24.0,24.125,23.4375,23.875,5.212728023529053
1998-10-07,73700,24.5625,24.5625,24.0625,24.25,5.2945990562438965
1998-10-06,48900,24.75,25.375,24.75,25.25,5.39831018447876
1998-10-05,59000,25.5625,25.5625,24.375,24.8125,5.304775238037109
1998-10-02,72800,25.1875,25.375,24.125,25.3125,5.411670684814453
1998-10-01,33400,25.125,25.1875,24.75,24.9375,5.331501483917236
1998-09-30,35900,25.75,25.8125,25.25,25.5,5.45175838470459
1998-09-29,71800,26.125,26.125,25.8125,25.875,5.531932353973389
1998-09-28,74400,25.375,25.625,25.25,25.625,5.478485584259033
1998-09-25,70200,24.8125,25.5,24.8125,25.5,5.45175838470459
1998-09-24,71300,24.9375,25.25,24.75,25.0625,5.358226776123047
1998-09-23,90300,24.9375,24.9375,24.25,24.625,5.264688491821289
1998-09-22,101000,23.3125,24.6875,23.3125,24.6875,5.278051376342773
1998-09-21,91800,23.75,23.75,23.1875,23.25,4.970724582672119
1998-09-18,154300,22.6875,23.75,22.6875,23.5,5.024170875549316
1998-09-17,68800,21.8125,22.5,21.75,22.1875,4.743566989898682
1998-09-16,73700,21.75,22.125,21.5,22.125,4.730203628540039
1998-09-15,65800,21.5,21.9375,21.5,21.6875,4.636667251586914
1998-09-14,73800,21.5625,22.125,21.5625,21.75,4.650031089782715
1998-09-11,46000,22.375,22.375,21.5,21.75,4.650031089782715
1998-09-10,62800,22.3125,22.625,21.75,22.125,4.730203628540039
1998-09-09,45300,23.1875,23.3125,22.5,22.5625,4.823739051818848
1998-09-08,63700,23.125,23.6875,23.125,23.25,4.970724582672119
1998-09-04,31100,23.125,23.3125,22.75,23.0625,4.930637836456299
1998-09-03,51400,23.0,23.375,22.875,23.1875,4.9573588371276855
1998-09-02,34600,23.125,23.375,23.0625,23.25,4.970724582672119
1998-09-01,92200,22.875,23.25,22.5,23.25,4.970724582672119
1998-08-31,78800,24.25,24.625,22.8125,22.875,4.890548706054688
1998-08-28,47100,25.0625,25.125,24.125,24.125,5.157792091369629
1998-08-27,70000,25.125,25.1875,25.0,25.125,5.371586799621582
1998-08-26,31600,25.625,25.6875,25.5,25.5,5.45175838470459
1998-08-25,144800,26.0,26.25,25.875,25.875,5.531932353973389
1998-08-24,78200,25.125,26.0625,25.125,25.8125,5.518571376800537
1998-08-21,36800,25.375,25.5625,25.0625,25.5625,5.465121269226074
1998-08-20,39200,25.8125,25.8125,25.5,25.6875,5.49184513092041
1998-08-19,191300,25.5625,25.875,25.5625,25.75,5.50520658493042
1998-08-18,64800,26.1875,26.25,25.625,25.8125,5.518571376800537
1998-08-17,63900,26.125,26.1875,26.0,26.0625,5.572020053863525
1998-08-14,67600,25.5625,26.3125,25.375,26.0,5.558656692504883
1998-08-13,78300,25.375,25.375,25.0,25.3125,5.411670684814453
1998-08-12,66100,25.9375,26.0,25.5,25.5,5.45175838470459
1998-08-11,80400,26.0625,26.0625,24.9375,25.6875,5.49184513092041
1998-08-10,26400,26.0625,26.1875,26.0,26.125,5.585382461547852
1998-08-07,24100,26.1875,26.1875,26.125,26.1875,5.598743438720703
1998-08-06,88300,26.4375,26.5,26.125,26.125,5.585382461547852
1998-08-05,159000,26.375,26.6875,26.375,26.5625,5.678915500640869
1998-08-04,207600,27.25,27.25,26.1875,26.5,5.665554523468018
1998-08-03,120700,28.125,28.3125,28.125,28.25,5.928521156311035
1998-07-31,129800,28.0625,28.5,28.0625,28.25,5.928521156311035
1998-07-30,36700,27.8125,28.125,27.8125,28.0625,5.889173030853272
1998-07-29,48200,27.3125,27.8125,27.25,27.8125,5.836708068847656
1998-07-28,68900,28.0625,28.125,27.375,27.375,5.744893550872803
1998-07-27,51200,28.0625,28.25,28.0,28.125,5.902287483215332
1998-07-24,68300,28.0625,28.3125,28.0,28.25,5.928521156311035
1998-07-23,46600,28.1875,28.4375,28.1875,28.1875,5.9154052734375
1998-07-22,98900,28.25,28.3125,28.125,28.3125,5.941635608673096
1998-07-21,20000,28.3125,28.5,28.3125,28.4375,5.967867851257324
1998-07-20,60300,28.4375,28.5,28.3125,28.5,5.980984210968018
1998-07-17,33900,28.5,28.5,28.375,28.375,5.954753875732422
1998-07-16,73200,28.375,28.5,28.25,28.5,5.980984210968018
1998-07-15,76400,28.25,28.4375,28.25,28.375,5.954753875732422
1998-07-14,68500,28.125,28.4375,28.0,28.25,5.928521156311035
1998-07-13,22800,28.1875,28.25,28.125,28.25,5.928521156311035
1998-07-10,52000,28.375,28.4375,28.1875,28.375,5.954753875732422
1998-07-09,87800,28.25,28.5625,28.25,28.5625,5.994104385375977
1998-07-08,74600,28.5,28.5,28.1875,28.375,5.954753875732422
1998-07-07,117400,28.0625,28.5625,28.0625,28.5625,5.994104385375977
1998-07-06,91400,28.25,28.3125,28.0625,28.1875,5.9154052734375
1998-07-02,47400,27.75,28.0625,27.625,28.0625,5.889173030853272
1998-07-01,56600,27.5,27.75,27.25,27.75,5.823592185974121
1998-06-30,71700,27.3125,27.3125,26.8125,27.25,5.718664646148682
1998-06-29,80400,27.25,27.5625,27.125,27.25,5.718664646148682
1998-06-26,28700,27.125,27.1875,26.875,27.0,5.666197776794434
1998-06-25,31700,26.9375,27.125,26.75,27.125,5.692431449890137
1998-06-24,78000,27.0625,27.1875,26.9375,27.125,5.692431449890137
1998-06-23,47700,27.0,27.0,26.875,27.0,5.666197776794434
1998-06-22,15200,27.0,27.0625,27.0,27.0625,5.679314136505127
1998-06-19,63000,27.0,27.0625,27.0,27.0,5.666197776794434
1998-06-18,51600,26.8125,27.0625,26.75,27.0,5.666197776794434
1998-06-17,78200,26.875,27.125,26.875,27.0625,5.679314136505127
1998-06-16,31800,26.8125,27.0,26.8125,27.0,5.666197776794434
1998-06-15,32800,27.0625,27.125,26.8125,26.9375,5.653082370758057
1998-06-12,66000,27.375,27.375,27.125,27.3125,5.731776714324951
1998-06-11,81200,27.8125,27.8125,27.125,27.375,5.744893550872803
1998-06-10,36800,27.8125,27.8125,27.625,27.6875,5.810478210449219
1998-06-09,322800,28.5,28.5625,27.75,27.8125,5.836708068847656
1998-06-08,46300,28.3125,28.6875,28.3125,28.625,6.00722074508667
1998-06-05,45100,28.3125,28.375,28.3125,28.375,5.954753875732422
1998-06-04,20100,28.1875,28.4375,28.125,28.375,5.954753875732422
1998-06-03,343400,28.3125,28.375,28.0,28.25,5.928521156311035
1998-06-02,79100,28.3125,28.5625,28.25,28.25,5.928521156311035
1998-06-01,27000,28.3125,28.4375,28.25,28.375,5.954753875732422
1998-05-29,9400,28.25,28.375,28.25,28.3125,5.941635608673096
1998-05-28,21200,28.125,28.375,28.125,28.25,5.928521156311035
1998-05-27,20000,28.25,28.375,28.1875,28.375,5.954753875732422
1998-05-26,19300,28.5,28.5625,28.0,28.25,5.928521156311035
1998-05-22,18400,28.5,28.5,28.25,28.3125,5.941635608673096
1998-05-21,65800,28.5,28.8125,28.5,28.5,5.980984210968018
1998-05-20,22700,28.25,28.5625,28.125,28.4375,5.967867851257324
1998-05-19,28900,28.1875,28.3125,28.0625,28.25,5.928521156311035
1998-05-18,33800,27.9375,28.25,27.9375,28.125,5.902287483215332
1998-05-15,48800,28.5,28.5625,28.25,28.3125,5.941635608673096
1998-05-14,18600,28.4375,28.5,28.25,28.4375,5.967867851257324
1998-05-13,13200,28.375,28.6875,28.25,28.5625,5.994104385375977
1998-05-12,15600,28.0,28.4375,28.0,28.3125,5.941635608673096
1998-05-11,21400,28.4375,28.4375,28.0,28.0625,5.889173030853272
1998-05-08,20800,28.0625,28.6875,28.0625,28.5625,5.994104385375977
1998-05-07,16700,27.875,28.3125,27.875,28.1875,5.9154052734375
1998-05-06,14900,27.875,28.1875,27.875,28.0625,5.889173030853272
1998-05-05,44500,27.9375,27.9375,27.5,27.9375,5.862940788269043
1998-05-04,126600,28.0,28.0,27.4375,27.625,5.797362327575684
1998-05-01,74200,28.125,28.4375,28.0,28.3125,5.833557605743408
1998-04-30,46800,27.6875,28.125,27.5,28.125,5.794926166534424
1998-04-29,100600,27.875,27.875,27.5,27.5625,5.679029941558838
1998-04-28,76100,26.8125,27.75,26.8125,27.625,5.691908359527588
1998-04-27,53300,27.625,27.6875,27.25,27.3125,5.627519607543945
1998-04-24,26900,27.625,27.9375,27.625,27.875,5.7434163093566895
1998-04-23,30800,28.25,28.375,28.0625,28.1875,5.807803630828857
1998-04-22,61800,28.1875,28.25,28.0,28.125,5.794926166534424
1998-04-21,63600,27.75,28.25,27.75,28.125,5.794926166534424
1998-04-20,42700,28.0,28.125,27.625,28.0625,5.782050132751465
1998-04-17,32200,27.875,28.3125,27.875,28.0625,5.782050132751465
1998-04-16,42700,28.1875,28.4375,28.0,28.125,5.794926166534424
1998-04-15,24200,27.6875,28.1875,27.6875,28.0625,5.782050132751465
1998-04-14,43400,27.875,27.875,27.5625,27.75,5.717660903930664
1998-04-13,24500,27.625,27.875,27.5625,27.6875,5.7047858238220215
1998-04-09,49800,27.875,28.125,27.6875,27.875,5.7434163093566895
1998-04-08,33300,28.125,28.5,28.0,28.125,5.794926166534424
1998-04-07,17200,28.0625,28.1875,27.6875,28.125,5.794926166534424
1998-04-06,51800,28.5625,28.5625,28.0625,28.0625,5.782050132751465
1998-04-03,10400,28.1875,28.375,28.1875,28.3125,5.833557605743408
1998-04-02,119400,28.0,28.5,28.0,28.25,5.820684909820557
1998-04-01,10300,28.25,28.25,28.0,28.0,5.769172668457031
1998-03-31,106900,27.6875,28.25,27.5,28.25,5.820684909820557
1998-03-30,142100,27.8125,27.8125,27.5,27.625,5.691908359527588
1998-03-27,93100,27.4375,27.625,27.4375,27.625,5.691908359527588
1998-03-26,24000,27.4375,27.5,27.25,27.4375,5.653275012969971
1998-03-25,45100,27.125,27.375,27.0625,27.375,5.640395641326904
1998-03-24,38600,27.5,27.5625,27.3125,27.4375,5.653275012969971
1998-03-23,67100,27.6875,27.75,27.375,27.4375,5.653275012969971
1998-03-20,36900,27.9375,27.9375,27.5625,27.625,5.691908359527588
1998-03-19,58300,27.875,27.9375,27.75,27.9375,5.756295204162598
1998-03-18,16000,27.75,27.875,27.625,27.875,5.7434163093566895
1998-03-17,30000,27.75,27.75,27.5,27.6875,5.7047858238220215
1998-03-16,30500,28.0,28.125,27.6875,27.6875,5.7047858238220215
1998-03-13,17500,28.1875,28.3125,28.0,28.0625,5.782050132751465
1998-03-12,23900,28.0625,28.375,28.0625,28.1875,5.807803630828857
1998-03-11,30400,28.4375,28.4375,28.0625,28.125,5.794926166534424
1998-03-10,35200,28.375,28.4375,28.3125,28.375,5.846439838409424
1998-03-09,31300,28.0,28.5,28.0,28.375,5.846439838409424
1998-03-06,124600,28.125,28.375,28.0,28.25,5.820684909820557
1998-03-05,12100,28.0625,28.4375,28.0625,28.25,5.820684909820557
1998-03-04,61900,28.375,28.375,28.0,28.125,5.794926166534424
1998-03-03,60300,28.4375,28.5,28.3125,28.3125,5.833557605743408
1998-03-02,35500,28.5,28.625,28.375,28.5625,5.885073661804199
1998-02-27,62200,28.6875,29.0,28.4375,28.625,5.897951126098633
1998-02-26,29100,28.125,28.625,28.125,28.625,5.897951126098633
1998-02-25,30200,27.9375,28.375,27.9375,28.25,5.820684909820557
1998-02-24,70500,28.25,28.25,27.875,28.0625,5.782050132751465
1998-02-23,47200,28.125,28.25,27.9375,28.125,5.794926166534424
1998-02-20,22400,28.5625,28.5625,28.0,28.25,5.820684909820557
1998-02-19,17400,28.9375,28.9375,28.4375,28.5,5.8721923828125
1998-02-18,14400,28.8125,28.9375,28.8125,28.8125,5.936582088470459
1998-02-17,17300,28.625,28.8125,28.4375,28.5625,5.885073661804199
1998-02-13,8500,28.625,28.875,28.625,28.625,5.897951126098633
1998-02-12,25700,28.5625,28.75,28.25,28.5,5.8721923828125
1998-02-11,55600,28.875,29.0625,28.5,28.8125,5.936582088470459
1998-02-10,19700,29.0,29.0625,28.75,29.0,5.975213050842285
1998-02-09,36200,28.5625,28.875,28.3125,28.875,5.949461460113525
1998-02-06,29200,28.9375,28.9375,28.5625,28.6875,5.910825252532959
1998-02-05,30600,29.3125,29.3125,28.6875,28.8125,5.936582088470459
1998-02-04,39600,28.875,29.4375,28.875,29.25,6.026726722717285
1998-02-03,33800,28.875,29.5,28.875,28.875,5.949461460113525
1998-02-02,25800,29.125,29.5,28.8125,28.8125,5.936582088470459
1998-01-30,70600,29.5625,29.9375,29.5,29.9375,6.063297748565674
1998-01-29,16000,29.375,29.625,29.25,29.5625,5.9873456954956055
1998-01-28,39600,29.0625,29.4375,29.0625,29.375,5.949373722076416
1998-01-27,24100,29.1875,29.25,29.0,29.25,5.924057483673096
1998-01-26,17000,29.3125,29.3125,28.9375,29.0,5.8734235763549805
1998-01-23,11300,29.3125,29.3125,29.125,29.1875,5.911399841308594
1998-01-22,23900,29.3125,29.6875,29.125,29.25,5.924057483673096
1998-01-21,38400,29.1875,29.625,29.1875,29.5,5.974689483642578
1998-01-20,37700,29.4375,29.75,29.375,29.6875,6.012663841247559
1998-01-16,58900,29.1875,29.4375,29.1875,29.375,5.949373722076416
1998-01-15,20800,28.875,29.1875,28.875,29.0625,5.886082172393799
1998-01-14,33100,28.75,29.125,28.75,28.875,5.848107814788818
1998-01-13,55600,28.75,28.875,28.4375,28.625,5.797475337982178
1998-01-12,21400,29.125,29.375,28.625,28.75,5.822791576385498
1998-01-09,25100,29.0,29.4375,28.9375,29.3125,5.936713695526123
1998-01-08,16400,29.5,29.5,28.8125,29.0625,5.886082172393799
1998-01-07,14300,29.6875,29.6875,29.1875,29.375,5.949373722076416
1998-01-06,21100,29.625,29.625,29.25,29.4375,5.96203088760376
1998-01-05,32600,29.4375,29.75,29.375,29.625,6.000005722045898
1998-01-02,19000,29.0,29.375,29.0,29.375,5.949373722076416
1997-12-31,25900,29.0625,29.75,28.9375,28.9375,5.860764980316162
1997-12-30,13500,29.1875,29.6875,29.1875,29.3125,5.936713695526123
1997-12-29,8400,28.875,29.125,28.6875,28.9375,5.860764980316162
1997-12-26,16100,28.4375,28.875,28.4375,28.625,5.797475337982178
1997-12-24,53700,28.3125,28.5,27.9375,28.1875,5.708865642547607
1997-12-23,29200,28.4375,28.625,28.4375,28.4375,5.759498596191406
1997-12-22,79900,28.625,28.875,28.125,28.375,5.746842384338379
1997-12-19,61900,28.4375,28.5,28.25,28.4375,5.759498596191406
1997-12-18,14200,29.125,29.3125,28.625,28.625,5.797475337982178
1997-12-17,14500,28.6875,29.25,28.6875,29.1875,5.911399841308594
1997-12-16,27800,29.0,29.125,28.625,28.6875,5.810130596160889
1997-12-15,18900,29.4375,29.4375,28.75,28.875,5.848107814788818
1997-12-12,11800,29.375,29.375,29.0,29.0,5.8734235763549805
1997-12-11,19300,29.375,29.875,29.25,29.3125,5.936713695526123
1997-12-10,25600,29.6875,29.9375,29.1875,29.375,5.949373722076416
1997-12-09,33700,29.5,29.9375,29.375,29.8125,6.0379815101623535
1997-12-08,24500,29.5625,29.6875,29.375,29.5,5.974689483642578
1997-12-05,10700,29.1875,29.5,29.0625,29.3125,5.936713695526123
1997-12-04,30300,29.0625,29.375,28.875,29.0625,5.886082172393799
1997-12-03,40100,29.125,29.125,28.625,28.875,5.848107814788818
1997-12-02,9700,29.625,29.75,29.25,29.25,5.924057483673096
1997-12-01,26500,29.25,29.5,29.25,29.5,5.974689483642578
1997-11-28,35500,29.0,29.375,29.0,29.25,5.924057483673096
1997-11-26,16300,29.0,29.0,28.75,29.0,5.8734235763549805
1997-11-25,15500,28.75,29.0,28.5625,28.9375,5.860764980316162
1997-11-24,8900,29.0625,29.25,28.75,28.875,5.848107814788818
1997-11-21,18200,28.9375,29.125,28.8125,28.875,5.848107814788818
1997-11-20,28300,28.6875,28.875,28.375,28.875,5.848107814788818
1997-11-19,31700,28.75,28.75,28.3125,28.5625,5.784818172454834
1997-11-18,18900,28.6875,28.875,28.5,28.75,5.822791576385498
1997-11-17,9700,28.375,28.8125,28.3125,28.6875,5.810130596160889
1997-11-14,33200,28.0625,28.5,28.0,28.4375,5.759498596191406
1997-11-13,24900,28.125,28.1875,27.625,27.9375,5.658233642578125
1997-11-12,22400,28.75,28.75,28.0625,28.3125,5.734181880950928
1997-11-11,20200,28.75,29.0,28.4375,28.4375,5.759498596191406
1997-11-10,46600,28.3125,28.5625,28.3125,28.5,5.772158622741699
1997-11-07,49700,29.0,29.0,28.375,28.5625,5.784818172454834
1997-11-06,12300,28.8125,29.125,28.5625,29.0,5.8734235763549805
1997-11-05,38400,28.3125,28.75,28.25,28.75,5.822791576385498
1997-11-04,42500,28.5625,29.25,28.4375,28.5,5.772158622741699
1997-11-03,108600,27.9375,28.75,27.9375,28.5625,5.784818172454834
1997-10-31,28200,27.75,28.0,27.4375,27.8125,5.632916450500488
1997-10-30,10500,28.0,28.25,28.0,28.1875,5.6065874099731445
1997-10-29,32800,27.8125,28.625,27.75,28.125,5.594156265258789
1997-10-28,51900,27.8125,28.3125,27.4375,27.9375,5.5568623542785645
1997-10-27,16100,29.125,29.125,28.25,28.25,5.619019031524658
1997-10-24,20200,28.375,29.25,28.375,29.25,5.8179240226745605
1997-10-23,44100,28.6875,28.8125,27.75,28.375,5.643883228302002
1997-10-22,38900,29.0,29.25,28.875,29.0,5.7681965827941895
1997-10-21,37500,28.6875,29.0,28.625,29.0,5.7681965827941895
1997-10-20,30100,28.75,28.875,28.375,28.5625,5.681179046630859
1997-10-17,12200,28.75,28.875,28.5,28.625,5.693609237670898
1997-10-16,26400,28.9375,29.0,28.75,28.875,5.743334770202637
1997-10-15,37800,28.9375,29.0,28.75,28.9375,5.755765914916992
1997-10-14,66200,29.0,29.0,28.4375,28.875,5.743334770202637
1997-10-13,34600,29.5,29.5,28.875,29.25,5.8179240226745605
1997-10-10,12100,29.375,29.8125,29.3125,29.8125,5.929806709289551
1997-10-09,22300,30.0,30.0,29.4375,29.625,5.89251184463501
1997-10-08,68400,29.75,30.0,29.6875,29.875,5.942237377166748
1997-10-07,23800,29.625,29.6875,29.3125,29.6875,5.904942512512207
1997-10-06,18200,29.4375,29.625,29.3125,29.5,5.867648124694824
1997-10-03,40200,29.125,29.5,29.125,29.4375,5.855216503143311
1997-10-02,34900,28.6875,29.0625,28.375,29.0,5.7681965827941895
1997-10-01,22300,28.5625,28.625,28.1875,28.625,5.693609237670898
1997-09-30,34200,27.75,28.4375,27.6875,28.4375,5.656312942504883
1997-09-29,21600,28.0625,28.125,27.75,27.8125,5.531999111175537
1997-09-26,65500,28.125,28.1875,28.0,28.125,5.594156265258789
1997-09-25,24400,28.0625,28.125,27.75,28.0625,5.581725120544434
1997-09-24,87500,28.0,28.3125,27.875,27.9375,5.5568623542785645
1997-09-23,20500,28.25,28.25,28.0,28.125,5.594156265258789
1997-09-22,98600,28.0,28.125,27.875,28.0625,5.581725120544434
1997-09-19,110600,27.75,28.3125,27.6875,28.1875,5.6065874099731445
1997-09-18,95800,27.9375,28.0,27.8125,27.875,5.544430255889893
1997-09-17,34800,27.9375,28.0,27.875,28.0,5.569293022155762
1997-09-16,40500,27.8125,28.0,27.5,27.75,5.519567489624023
1997-09-15,51600,28.125,28.125,27.8125,27.9375,5.5568623542785645
1997-09-12,39700,28.0,28.125,28.0,28.125,5.594156265258789
1997-09-11,9100,27.8125,27.9375,27.8125,27.9375,5.5568623542785645
1997-09-10,39900,27.3125,27.9375,27.3125,27.9375,5.5568623542785645
1997-09-09,44200,27.8125,28.0,27.3125,27.375,5.444977760314941
1997-09-08,26000,27.75,28.125,27.75,27.9375,5.5568623542785645
1997-09-05,38500,28.25,28.25,28.0,28.0,5.569293022155762
1997-09-04,43600,28.4375,28.4375,28.1875,28.25,5.619019031524658
1997-09-03,10200,28.6875,28.75,28.5,28.5625,5.681179046630859
1997-09-02,12500,28.6875,28.75,28.25,28.6875,5.706037998199463
1997-08-29,15500,28.5625,28.75,28.4375,28.4375,5.656312942504883
1997-08-28,16200,28.375,28.5,28.25,28.375,5.643883228302002
1997-08-27,18300,27.6875,28.5,27.5625,28.5,5.668746471405029
1997-08-26,29500,27.875,28.125,27.8125,28.0,5.569293022155762
1997-08-25,17200,28.5625,28.6875,28.0,28.125,5.594156265258789
1997-08-22,36700,28.4375,29.25,28.4375,28.75,5.718472003936768
1997-08-21,13900,28.6875,28.6875,28.1875,28.4375,5.656312942504883
1997-08-20,28900,28.0,28.875,28.0,28.875,5.743334770202637
1997-08-19,21700,28.5625,28.8125,27.8125,28.0,5.569293022155762
1997-08-18,24300,28.9375,28.9375,28.3125,28.6875,5.706037998199463
1997-08-15,7000,28.625,28.8125,28.375,28.6875,5.706037998199463
1997-08-14,43100,28.5,28.6875,28.4375,28.625,5.693609237670898
1997-08-13,19300,28.25,28.5,28.25,28.375,5.643883228302002
1997-08-12,23300,28.4375,28.4375,28.0,28.375,5.643883228302002
1997-08-11,25000,28.3125,28.4375,28.0625,28.1875,5.6065874099731445
1997-08-08,22800,28.375,28.5,28.0,28.1875,5.6065874099731445
1997-08-07,20000,28.75,28.875,28.5,28.8125,5.730903625488281
1997-08-06,42300,28.875,29.3125,28.875,29.0,5.7681965827941895
1997-08-05,14800,28.5,28.9375,28.4375,28.875,5.743334770202637
1997-08-04,34900,29.1875,29.1875,28.125,28.75,5.718472003936768
1997-08-01,23400,28.75,29.0,28.6875,29.0,5.7681965827941895
1997-07-31,30000,28.375,29.0,28.25,28.875,5.743334770202637
1997-07-30,73800,28.875,29.0,28.6875,29.0,5.668745994567871
1997-07-29,21100,28.5,28.6875,28.4375,28.625,5.5954437255859375
1997-07-28,14800,28.625,28.625,28.0,28.3125,5.534355163574219
1997-07-25,41000,28.5,28.75,28.1875,28.4375,5.55879020690918
1997-07-24,13300,28.3125,28.625,28.1875,28.5625,5.58322811126709
1997-07-23,37700,28.4375,28.4375,27.8125,28.25,5.522140502929688
1997-07-22,32100,28.375,28.8125,28.25,28.4375,5.55879020690918
1997-07-21,25400,28.75,28.8125,28.3125,28.625,5.5954437255859375
1997-07-18,37900,28.3125,28.875,27.75,28.875,5.644311904907227
1997-07-17,77900,28.375,28.9375,28.25,28.5625,5.58322811126709
1997-07-16,137500,27.9375,28.5,27.8125,28.5,5.571009159088135
1997-07-15,41400,27.8125,28.0,27.75,27.9375,5.461056232452393
1997-07-14,18200,27.75,28.0,27.625,27.9375,5.461056232452393
1997-07-11,23800,28.0,28.0,27.625,27.9375,5.461056232452393
1997-07-10,17600,28.125,28.125,27.875,28.0,5.47327184677124
1997-07-09,51400,27.875,28.125,27.6875,28.125,5.497705459594727
1997-07-08,140400,28.6875,28.75,27.75,27.875,5.448836803436279
1997-07-07,32600,28.25,28.625,27.875,28.5,5.571009159088135
1997-07-03,48600,28.0,28.6875,28.0,28.25,5.522140502929688
1997-07-02,72500,27.625,28.3125,27.125,27.75,5.424401760101318
1997-07-01,20100,27.9375,27.9375,27.125,27.375,5.351098537445068
1997-06-30,27700,27.4375,27.875,27.375,27.875,5.448836803436279
1997-06-27,7600,27.25,27.375,27.25,27.375,5.351098537445068
1997-06-26,45300,27.125,27.375,26.9375,27.375,5.351098537445068
1997-06-25,30800,26.9375,27.625,26.9375,27.3125,5.338881969451904
1997-06-24,32500,27.25,27.25,26.6875,27.125,5.302233695983887
1997-06-23,14700,27.0,27.125,26.625,27.0,5.277798175811768
1997-06-20,55100,27.25,27.375,26.875,27.25,5.326668739318848
1997-06-19,15900,27.25,27.375,27.125,27.25,5.326668739318848
1997-06-18,17900,26.5,27.125,26.5,27.125,5.302233695983887
1997-06-17,23100,26.625,26.875,26.625,26.75,5.228927135467529
1997-06-16,13500,26.375,26.75,26.25,26.75,5.228927135467529
1997-06-13,32400,26.5,26.625,26.375,26.5,5.180060863494873
1997-06-12,34400,26.375,26.625,26.375,26.625,5.204495906829834
1997-06-11,34300,26.75,26.875,26.5,26.625,5.204495906829834
1997-06-10,213300,25.75,26.5,25.75,26.5,5.180060863494873
1997-06-09,19200,26.125,26.375,26.0,26.125,5.106757164001465
1997-06-06,87400,26.25,26.375,26.0,26.125,5.106757164001465
1997-06-05,14200,26.25,26.25,26.125,26.125,5.106757164001465
1997-06-04,36100,26.125,26.25,25.875,26.25,5.1311936378479
1997-06-03,39400,26.25,26.5,25.875,26.0,5.082320690155029
1997-06-02,39500,26.125,26.5,25.875,26.25,5.1311936378479
1997-05-30,20800,25.75,26.0,25.5,26.0,5.082320690155029
1997-05-29,23500,26.125,26.125,25.625,25.75,5.033455848693848
1997-05-28,63900,26.375,26.375,25.875,26.0,5.082320690155029
1997-05-27,16500,26.125,26.375,26.0,26.25,5.1311936378479
1997-05-23,15700,26.125,26.25,25.75,26.0,5.082320690155029
1997-05-22,48000,25.75,26.0,25.75,26.0,5.082320690155029
1997-05-21,23300,26.0,26.25,25.625,25.875,5.057888984680176
1997-05-20,36800,26.25,26.25,25.75,26.25,5.1311936378479
1997-05-19,24400,25.875,26.25,25.875,26.25,5.1311936378479
1997-05-16,19000,26.0,26.125,25.75,26.0,5.082320690155029
1997-05-15,29500,26.0,26.0,25.5,25.75,5.033455848693848
1997-05-14,29700,26.375,26.5,25.875,26.0,5.082320690155029
1997-05-13,30300,26.125,26.25,25.875,26.25,5.1311936378479
1997-05-12,40800,26.625,26.875,26.0,26.0,5.082320690155029
1997-05-09,19700,26.375,26.5,26.125,26.375,5.1556243896484375
1997-05-08,30000,26.25,26.375,26.125,26.25,5.1311936378479
1997-05-07,38100,26.125,26.5,26.0,26.375,5.1556243896484375
1997-05-06,50300,26.25,26.5,26.25,26.375,5.1556243896484375
1997-05-05,39100,26.25,26.25,26.0,26.25,5.1311936378479
1997-05-02,18000,26.25,26.625,26.0,26.125,5.106757164001465
1997-05-01,73000,26.25,26.875,26.0,26.125,5.106757164001465
1997-04-30,18500,25.75,25.875,25.625,25.875,5.057888984680176
1997-04-29,34400,25.75,26.125,25.5,26.125,5.00999927520752
1997-04-28,39300,26.125,26.125,25.625,25.875,4.962054252624512
1997-04-25,12500,26.125,26.25,25.875,26.125,5.00999927520752
1997-04-24,27800,26.375,26.75,26.0,26.0,4.986023902893066
1997-04-23,16500,26.25,26.75,26.25,26.5,5.081913471221924
1997-04-22,57500,25.875,26.25,25.875,26.25,5.033967971801758
1997-04-21,74600,25.875,26.125,25.75,26.0,4.986023902893066
1997-04-18,41800,25.875,26.0,25.625,25.875,4.962054252624512
1997-04-17,27000,26.0,26.0,25.75,26.0,4.986023902893066
1997-04-16,14200,25.875,26.0,25.75,26.0,4.986023902893066
1997-04-15,36100,25.625,26.0,25.5,26.0,4.986023902893066
1997-04-14,14500,25.75,25.75,25.5,25.625,4.914113998413086
1997-04-11,17000,26.0,26.0,25.75,25.875,4.962054252624512
1997-04-10,29100,25.75,26.0,25.75,25.875,4.962054252624512
1997-04-09,28200,25.75,26.25,25.75,26.0,4.986023902893066
1997-04-08,30800,25.625,26.0,25.625,26.0,4.986023902893066
1997-04-07,34500,25.375,25.875,25.375,25.75,4.938083171844482
1997-04-04,56500,25.625,25.75,25.375,25.5,4.890141487121582
1997-04-03,120400,26.875,27.0,25.875,26.125,5.00999927520752
1997-04-02,72700,27.625,27.625,26.75,27.0,5.17779541015625
1997-04-01,37100,27.125,27.5,27.125,27.375,5.249712944030762
1997-03-31,52300,27.375,27.625,27.25,27.375,5.249712944030762
1997-03-27,90500,27.875,27.875,27.375,27.625,5.297651767730713
1997-03-26,30100,27.75,27.875,27.5,27.875,5.3455963134765625
1997-03-25,31000,28.0,28.0,27.25,27.75,5.321625232696533
1997-03-24,19500,28.125,28.125,27.875,28.0,5.369570732116699
1997-03-21,23000,28.0,28.0,27.625,28.0,5.369570732116699
1997-03-20,35100,27.875,28.0,27.625,27.875,5.3455963134765625
1997-03-19,74900,27.5,27.875,27.5,27.875,5.3455963134765625
1997-03-18,64600,27.625,27.875,27.375,27.625,5.297651767730713
1997-03-17,53800,28.125,28.125,27.75,27.875,5.3455963134765625
1997-03-14,53700,27.625,28.0,27.5,28.0,5.369570732116699
1997-03-13,49500,27.5,27.875,27.5,27.75,5.321625232696533
1997-03-12,74100,28.0,28.0,27.75,27.875,5.3455963134765625
1997-03-11,72600,28.125,28.125,27.1875,28.125,5.3935370445251465
1997-03-10,55200,28.375,28.375,27.875,28.0,5.369570732116699
1997-03-07,109200,27.875,28.25,27.75,28.25,5.417510986328125
1997-03-06,91900,27.875,28.0,27.75,27.875,5.3455963134765625
1997-03-05,39400,27.875,28.125,27.75,28.0,5.369570732116699
1997-03-04,74500,27.75,28.0,27.625,28.0,5.369570732116699
1997-03-03,65300,27.875,27.875,27.5,27.75,5.321625232696533
1997-02-28,151300,27.75,27.75,27.25,27.625,5.297651767730713
1997-02-27,175300,28.0,28.125,27.75,27.75,5.321625232696533
1997-02-26,139900,28.375,28.375,27.75,28.125,5.3935370445251465
1997-02-25,122600,28.375,28.5,28.25,28.375,5.441481590270996
1997-02-24,70400,28.375,28.5,28.25,28.5,5.465453147888184
1997-02-21,100500,28.75,28.875,28.125,28.5,5.465453147888184
1997-02-20,181500,28.5,29.25,28.25,29.125,5.585309982299805
1997-02-19,86900,28.75,28.75,28.125,28.625,5.489422798156738
1997-02-18,157600,28.25,28.5,28.125,28.5,5.465453147888184
1997-02-14,165500,28.375,28.375,27.625,28.375,5.441481590270996
1997-02-13,367600,27.75,28.25,27.625,28.125,5.3935370445251465
1997-02-12,1419400,27.5,27.75,27.25,27.625,5.297651767730713
1997-02-11,38100,26.875,27.5,26.875,27.25,5.225738048553467
1997-02-10,35900,27.875,27.875,26.625,27.0,5.17779541015625
1997-02-07,42900,26.875,27.875,26.875,27.875,5.3455963134765625
1997-02-06,59400,26.875,27.0,26.375,27.0,5.17779541015625
1997-02-05,12300,26.75,26.875,26.75,26.875,5.153827667236328
1997-02-04,30000,26.875,26.875,26.25,26.875,5.153827667236328
1997-02-03,22900,27.375,27.625,26.75,26.75,5.12985372543335
1997-01-31,17400,27.375,27.5,27.125,27.375,5.249712944030762
1997-01-30,53000,27.125,27.125,26.75,27.0,5.17779541015625
1997-01-29,93700,27.125,27.125,26.75,27.125,5.20176887512207
1997-01-28,28200,27.75,28.0,27.25,27.375,5.249712944030762
1997-01-27,106700,28.5,28.5,27.625,28.0,5.369570732116699
1997-01-24,98100,27.0,29.125,27.0,28.875,5.537367343902588
1997-01-23,23200,27.5,27.625,27.25,27.625,5.203685760498047
1997-01-22,30000,27.0,27.75,26.875,27.75,5.227231979370117
1997-01-21,35300,27.375,27.375,26.875,27.0,5.085954189300537
1997-01-20,30700,27.75,27.75,26.875,27.25,5.133046627044678
1997-01-17,30600,27.625,28.0,27.375,28.0,5.274325370788574
1997-01-16,41400,26.625,27.75,26.375,27.75,5.227231979370117
1997-01-15,15300,27.125,27.25,26.75,27.0,5.085954189300537
1997-01-14,23900,27.5,27.625,27.25,27.375,5.156594753265381
1997-01-13,40200,26.75,27.625,26.5,27.5,5.180139064788818
1997-01-10,38000,26.625,26.875,26.5,26.5,4.991771697998047
1997-01-09,33600,26.625,27.375,26.625,27.0,5.085954189300537
1997-01-08,15900,27.25,27.25,26.375,26.875,5.062408924102783
1997-01-07,35300,26.625,27.375,26.625,27.125,5.10950231552124
1997-01-06,54900,26.0,26.875,25.75,26.75,5.038862228393555
1997-01-03,20000,26.375,26.5,26.0,26.0,4.897585391998291
1997-01-02,51200,26.75,26.75,26.125,26.125,4.921134471893311
1996-12-31,50400,27.125,27.25,26.5,26.5,4.991771697998047
1996-12-30,22200,26.25,26.875,26.25,26.875,5.062408924102783
1996-12-27,10500,26.125,26.5,26.125,26.5,4.991771697998047
1996-12-26,20000,25.875,26.25,25.75,26.125,4.921134471893311
1996-12-24,9400,25.625,25.875,25.5,25.875,4.874039649963379
1996-12-23,24500,25.5,25.75,25.25,25.375,4.77985429763794
1996-12-20,29700,25.25,25.5,25.25,25.5,4.803402900695801
1996-12-19,45700,25.375,25.5,25.0,25.125,4.7327656745910645
1996-12-18,20700,25.25,25.5,25.125,25.375,4.77985429763794
1996-12-17,24200,25.25,25.5,25.125,25.25,4.75631046295166
1996-12-16,17800,25.5,25.75,25.375,25.375,4.77985429763794
1996-12-13,14100,25.625,25.875,25.25,25.75,4.850494861602783
1996-12-12,16900,25.875,26.0,25.5,25.875,4.874039649963379
1996-12-11,15700,25.875,26.0,25.375,25.625,4.826949119567871
1996-12-10,44700,26.0,26.75,26.0,26.125,4.921134471893311
1996-12-09,19300,25.125,26.0,25.0,26.0,4.897585391998291
1996-12-06,39500,25.5,25.75,24.875,25.125,4.7327656745910645
1996-12-05,25500,25.625,25.625,25.125,25.375,4.77985429763794
1996-12-04,39200,25.375,25.625,25.125,25.5,4.803402900695801
1996-12-03,95300,26.0,26.5,25.625,25.75,4.850494861602783
1996-12-02,24900,25.25,26.125,25.25,26.125,4.921134471893311
1996-11-29,7500,25.25,25.625,25.25,25.5,4.803402900695801
1996-11-27,18200,25.125,25.125,24.75,25.125,4.7327656745910645
1996-11-26,23100,24.75,24.875,24.625,24.875,4.685673236846924
1996-11-25,33600,24.875,25.0,24.75,24.875,4.685673236846924
1996-11-22,35200,24.25,24.75,24.0,24.625,4.638577461242676
1996-11-21,13700,24.25,24.375,24.0,24.375,4.591488361358643
1996-11-20,26400,24.375,24.5,24.125,24.25,4.567941665649414
1996-11-19,20900,24.0,24.25,24.0,24.25,4.567941665649414
1996-11-18,39200,24.125,24.625,23.875,24.0,4.520851135253906
1996-11-15,38600,23.5,24.125,23.5,23.875,4.49730396270752
1996-11-14,35200,23.625,24.0,23.375,23.625,4.450211524963379
1996-11-13,79900,23.375,23.875,23.375,23.625,4.450211524963379
1996-11-12,66600,23.125,23.25,23.0,23.125,4.3560285568237305
1996-11-11,17600,23.25,23.25,23.125,23.125,4.3560285568237305
1996-11-08,20500,23.375,23.5,23.125,23.25,4.379573345184326
1996-11-07,33700,23.625,23.625,23.25,23.375,4.403117656707764
1996-11-06,235100,23.375,23.75,23.375,23.625,4.450211524963379
1996-11-05,38900,24.25,24.25,23.375,23.5,4.426666259765625
1996-11-04,27500,23.75,24.375,23.75,24.125,4.544396877288818
1996-11-01,24900,24.875,24.875,24.125,24.375,4.501070022583008
1996-10-31,19400,24.0,24.625,24.0,24.5,4.524153232574463
1996-10-30,38900,24.375,24.5,24.25,24.25,4.477988243103027
1996-10-29,12500,24.25,24.75,24.25,24.375,4.501070022583008
1996-10-28,15100,24.5,24.75,24.0,24.375,4.501070022583008
1996-10-25,33900,24.25,24.5,24.125,24.375,4.501070022583008
1996-10-24,21700,23.75,24.25,23.75,24.25,4.477988243103027
1996-10-23,13100,24.0,24.0,23.75,23.875,4.4087419509887695
1996-10-22,22400,23.625,24.0,23.625,24.0,4.431825160980225
1996-10-21,23800,24.0,24.0,23.625,23.875,4.4087419509887695
1996-10-18,17600,23.75,24.0,23.625,23.75,4.385659694671631
1996-10-17,16900,23.625,23.875,23.5,23.875,4.4087419509887695
1996-10-16,30900,23.75,23.875,23.5,23.625,4.362575531005859
1996-10-15,32800,23.375,23.75,23.375,23.75,4.385659694671631
1996-10-14,10200,23.375,23.5,23.25,23.5,4.339494228363037
1996-10-11,6900,23.0,23.25,23.0,23.25,4.29332971572876
1996-10-10,18900,23.375,23.5,22.875,23.0,4.247162818908691
1996-10-09,30700,23.375,23.375,22.875,23.25,4.29332971572876
1996-10-08,21400,23.25,23.5,23.125,23.375,4.316411972045898
1996-10-07,13800,23.625,23.625,23.25,23.375,4.316411972045898
1996-10-04,16800,23.625,23.75,23.375,23.625,4.362575531005859
1996-10-03,15900,23.625,23.75,23.375,23.625,4.362575531005859
1996-10-02,30300,23.625,23.75,23.375,23.5,4.339494228363037
1996-10-01,23600,23.375,23.625,23.375,23.625,4.362575531005859
1996-09-30,17700,23.625,23.75,23.375,23.625,4.362575531005859
1996-09-27,27100,23.25,23.625,23.25,23.5,4.339494228363037
1996-09-26,17400,23.5,23.5,23.125,23.25,4.29332971572876
1996-09-25,36300,23.5,23.75,23.375,23.5,4.339494228363037
1996-09-24,25100,23.125,23.5,23.125,23.5,4.339494228363037
1996-09-23,17400,23.0,23.125,22.75,23.125,4.270246505737305
1996-09-20,19100,23.0,23.125,22.875,23.0,4.247162818908691
1996-09-19,14300,23.25,23.25,22.875,23.125,4.270246505737305
1996-09-18,21900,23.125,23.375,23.0,23.25,4.29332971572876
1996-09-17,26600,23.0,23.25,23.0,23.25,4.29332971572876
1996-09-16,13700,23.375,23.5,23.125,23.25,4.29332971572876
1996-09-13,29600,23.0,23.375,22.875,23.25,4.29332971572876
1996-09-12,19200,23.0,23.0,22.75,23.0,4.247162818908691
1996-09-11,12400,23.0,23.125,22.75,23.0,4.247162818908691
1996-09-10,23500,23.0,23.0,22.625,22.875,4.224082946777344
1996-09-09,8300,23.0,23.0,22.75,22.875,4.224082946777344
1996-09-06,13800,23.0,23.125,22.875,23.125,4.270246505737305
1996-09-05,19800,22.875,22.875,22.625,22.875,4.224082946777344
1996-09-04,19800,23.25,23.25,22.375,23.0,4.247162818908691
1996-09-03,17300,23.0,23.375,23.0,23.375,4.316411972045898
1996-08-30,14500,23.5,23.5,23.0,23.125,4.270246505737305
1996-08-29,27900,22.75,23.5,22.625,23.5,4.339494228363037
1996-08-28,15600,22.5,22.625,22.5,22.625,4.177919387817383
1996-08-27,41600,22.0,22.5,22.0,22.5,4.154834270477295
1996-08-26,46500,22.25,22.375,22.0,22.125,4.085587978363037
1996-08-23,53200,21.875,22.125,21.75,22.125,4.085587978363037
1996-08-22,53200,21.75,22.0,21.625,21.75,4.016340732574463
1996-08-21,29200,21.875,21.875,21.625,21.875,4.039421558380127
1996-08-20,19200,21.875,22.0,21.75,21.875,4.039421558380127
1996-08-19,43200,21.75,22.125,21.75,21.875,4.039421558380127
1996-08-16,44500,21.625,21.875,21.5,21.875,4.039421558380127
1996-08-15,42800,21.625,21.625,21.375,21.5,3.9701743125915527
1996-08-14,38400,22.125,22.25,21.5,21.625,3.993256092071533
1996-08-13,24900,22.125,22.125,21.625,22.0,4.062504291534424
1996-08-12,42200,21.875,22.25,21.875,22.25,4.108670234680176
1996-08-09,31800,22.0,22.0,21.75,21.875,4.039421558380127
1996-08-08,28300,22.125,22.125,21.625,21.75,4.016340732574463
1996-08-07,18300,22.375,22.375,22.0,22.125,4.085587978363037
1996-08-06,18300,22.375,22.375,22.25,22.375,4.131752967834473
1996-08-05,24300,22.25,22.5,22.25,22.375,4.131752967834473
1996-08-02,49400,22.125,22.25,22.125,22.25,4.108670234680176
1996-08-01,25100,21.75,22.125,21.75,22.0,4.062504291534424
1996-07-31,18000,21.875,22.0,21.625,21.625,3.993256092071533
1996-07-30,29200,22.25,22.375,22.125,22.25,4.020033836364746
1996-07-29,33000,22.25,22.375,21.875,22.125,3.997450113296509
1996-07-26,42000,22.125,22.5,22.0,22.25,4.020033836364746
1996-07-25,23100,21.5,22.0,21.5,22.0,3.974863767623901
1996-07-24,53200,21.875,21.875,21.25,21.5,3.884525775909424
1996-07-23,32200,22.0,22.125,21.875,22.0,3.974863767623901
1996-07-22,22500,22.625,22.625,21.875,22.0,3.974863767623901
1996-07-19,13500,22.625,22.875,22.25,22.625,4.0877885818481445
1996-07-18,27200,23.0,23.0,22.5,22.75,4.1103715896606445
1996-07-17,19200,23.25,23.25,23.0,23.125,4.178123950958252
1996-07-16,37000,23.25,23.5,22.875,23.125,4.178123950958252
1996-07-15,10900,23.375,23.375,23.0,23.25,4.200708866119385
1996-07-12,10600,23.125,23.375,23.125,23.375,4.223294258117676
1996-07-11,17500,23.5,23.5,23.125,23.25,4.200708866119385
1996-07-10,16200,23.5,23.5,23.375,23.5,4.245876789093018
1996-07-09,24900,23.375,23.5,23.25,23.5,4.245876789093018
1996-07-08,13500,23.125,23.5,23.125,23.375,4.223294258117676
1996-07-05,9900,23.5,23.5,23.125,23.125,4.178123950958252
1996-07-03,39400,24.125,24.125,23.5,23.75,4.2910475730896
1996-07-02,77200,23.875,24.125,23.625,24.125,4.358798503875732
1996-07-01,47700,23.75,23.875,23.625,23.875,4.313632011413574
1996-06-28,54200,23.625,24.25,23.5,23.75,4.2910475730896
1996-06-27,29100,23.5,23.75,22.75,23.625,4.268462657928467
1996-06-26,37200,22.875,23.5,22.875,23.5,4.245876789093018
1996-06-25,48200,23.0,23.125,22.625,23.0,4.155539989471436
1996-06-24,24000,22.375,22.875,22.375,22.875,4.132956504821777
1996-06-21,73300,21.875,22.375,21.75,22.125,3.997450113296509
1996-06-20,41400,21.875,22.0,21.75,21.875,3.952279090881348
1996-06-19,8500,22.0,22.125,21.875,22.0,3.974863767623901
1996-06-18,10200,22.0,22.0,21.875,22.0,3.974863767623901
1996-06-17,8400,22.375,22.375,21.75,22.125,3.997450113296509
1996-06-14,17900,22.125,22.375,21.75,22.375,4.0426177978515625
1996-06-13,17300,21.625,22.375,21.625,22.125,3.997450113296509
1996-06-12,11900,21.75,21.75,21.5,21.625,3.90710973739624
1996-06-11,38300,21.75,21.75,21.375,21.75,3.9296963214874254
1996-06-10,15000,21.875,21.875,21.625,21.75,3.9296963214874254
1996-06-07,18100,21.875,22.0,21.625,21.875,3.952279090881348
1996-06-06,13900,22.25,22.375,22.0,22.125,3.997450113296509
1996-06-05,17800,22.25,22.375,22.0,22.0,3.974863767623901
1996-06-04,18100,22.375,22.375,22.25,22.25,4.020033836364746
1996-06-03,25000,22.75,22.875,22.375,22.375,4.0426177978515625
1996-05-31,10400,22.875,22.875,22.75,22.75,4.1103715896606445
1996-05-30,61700,22.875,23.0,22.75,22.875,4.132956504821777
1996-05-29,23800,23.0,23.125,22.875,23.0,4.155539989471436
1996-05-28,9200,23.125,23.125,22.875,23.0,4.155539989471436
1996-05-24,10500,22.875,23.375,22.75,23.0,4.155539989471436
1996-05-23,11900,22.875,23.0,22.625,22.625,4.0877885818481445
1996-05-22,10100,22.75,22.875,22.625,22.75,4.1103715896606445
1996-05-21,43000,23.0,23.0,22.625,22.625,4.0877885818481445
1996-05-20,38200,23.0,23.125,22.875,23.0,4.155539989471436
1996-05-17,52600,22.875,23.125,22.75,23.0,4.155539989471436
1996-05-16,39600,23.625,23.75,23.0,23.0,4.155539989471436
1996-05-15,50700,23.625,23.75,23.25,23.25,4.200708866119385
1996-05-14,74800,22.625,23.75,22.5,23.625,4.268462657928467
1996-05-13,22400,22.625,22.75,22.5,22.75,4.1103715896606445
1996-05-10,10100,22.75,22.75,22.375,22.625,4.0877885818481445
1996-05-09,11600,22.25,22.75,22.25,22.625,4.0877885818481445
1996-05-08,20200,22.25,22.375,22.125,22.375,4.0426177978515625
1996-05-07,165900,22.625,22.75,22.375,22.375,4.0426177978515625
1996-05-06,8900,22.5,22.625,22.375,22.625,4.0877885818481445
1996-05-03,10600,22.5,22.75,22.5,22.625,4.0877885818481445
1996-05-02,626600,22.125,22.75,22.125,22.75,4.1103715896606445
1996-05-01,24500,22.375,22.5,22.125,22.125,3.997450113296509
1996-04-30,72800,22.0,22.5,22.0,22.375,4.0426177978515625
1996-04-29,68200,22.5,22.625,22.375,22.625,4.001967430114746
1996-04-26,56700,22.0,22.5,22.0,22.5,3.9798550605773926
1996-04-25,12500,22.125,22.375,22.125,22.25,3.935635805130005
1996-04-24,26400,22.125,22.375,22.125,22.25,3.935635805130005
1996-04-23,28100,21.75,22.375,21.75,22.25,3.935635805130005
1996-04-22,11700,22.0,22.0,21.5,21.75,3.84719443321228
1996-04-19,34400,21.625,22.0,21.625,21.625,3.825082063674927
1996-04-18,22700,21.875,21.875,21.5,21.75,3.84719443321228
1996-04-17,12900,21.875,21.875,21.625,21.875,3.869302988052368
1996-04-16,13400,21.875,22.0,21.625,21.75,3.84719443321228
1996-04-15,18700,21.75,22.0,21.625,21.875,3.869302988052368
1996-04-12,16300,21.875,22.0,21.5,21.625,3.825082063674927
1996-04-11,23200,21.875,22.0,21.75,22.0,3.8914132118225098
1996-04-10,14300,21.5,21.875,21.25,21.875,3.869302988052368
1996-04-09,9700,21.375,21.625,21.375,21.625,3.825082063674927
1996-04-08,12300,21.625,21.625,21.5,21.5,3.802972078323364
1996-04-04,17400,21.75,21.875,21.625,21.625,3.825082063674927
1996-04-03,27200,22.0,22.0,21.625,21.875,3.869302988052368
1996-04-02,16400,22.125,22.125,21.75,21.875,3.869302988052368
1996-04-01,24500,21.75,21.875,21.375,21.875,3.869302988052368
1996-03-29,17900,22.125,22.125,21.75,21.875,3.869302988052368
1996-03-28,42500,22.0,22.0,21.75,21.875,3.869302988052368
1996-03-27,69300,21.625,22.5,21.5,21.75,3.84719443321228
1996-03-26,43700,21.375,21.875,21.375,21.375,3.78086256980896
1996-03-25,10500,21.125,21.375,21.125,21.25,3.758751630783081
1996-03-22,13300,21.375,21.375,21.125,21.25,3.758751630783081
1996-03-21,53100,21.625,21.75,21.125,21.125,3.736642360687256
1996-03-20,23500,21.25,21.625,21.25,21.625,3.825082063674927
1996-03-19,41900,20.875,21.6875,20.875,21.375,3.78086256980896
1996-03-18,21900,20.875,21.125,20.625,20.875,3.692422389984131
1996-03-15,51000,21.0,21.125,20.875,20.875,3.692422389984131
1996-03-14,39600,21.125,21.25,20.875,21.0,3.7145309448242174
1996-03-13,39500,21.625,21.625,21.0,21.125,3.736642360687256
1996-03-12,28400,21.125,21.625,21.0,21.625,3.825082063674927
1996-03-11,31000,21.625,21.75,21.375,21.375,3.78086256980896
1996-03-08,33300,21.5,22.0,21.125,21.75,3.84719443321228
1996-03-07,15900,21.75,21.75,21.625,21.75,3.84719443321228
1996-03-06,43900,21.875,21.875,21.625,21.875,3.869302988052368
1996-03-05,9800,21.75,21.875,21.625,21.875,3.869302988052368
1996-03-04,69200,21.875,21.875,21.5,21.75,3.84719443321228
1996-03-01,39100,21.625,22.0,21.375,21.625,3.825082063674927
1996-02-29,50000,21.625,21.625,21.375,21.5,3.802972078323364
1996-02-28,41100,21.75,22.0,21.5,21.625,3.825082063674927
1996-02-27,33800,22.0,22.0,21.875,21.875,3.869302988052368
1996-02-26,11000,21.875,22.0,21.75,22.0,3.8914132118225098
1996-02-23,13600,21.875,22.0,21.75,22.0,3.8914132118225098
1996-02-22,128600,22.0,22.0,21.625,21.875,3.869302988052368
1996-02-21,16900,22.25,22.25,21.875,22.0,3.8914132118225098
1996-02-20,18200,22.375,22.375,22.25,22.25,3.935635805130005
1996-02-16,35800,22.25,22.375,22.0,22.25,3.935635805130005
1996-02-15,30800,22.125,22.25,21.875,22.0,3.8914132118225098
1996-02-14,31500,22.5,22.5,22.125,22.125,3.9135262966156006
1996-02-13,30300,22.375,22.625,22.25,22.375,3.95774507522583
1996-02-12,39000,22.375,22.75,22.25,22.25,3.935635805130005
1996-02-09,18600,22.5,22.5,22.25,22.375,3.95774507522583
1996-02-08,18900,22.25,22.5,22.25,22.5,3.9798550605773926
1996-02-07,24500,22.5,22.5,22.0,22.125,3.9135262966156006
1996-02-06,14100,22.375,22.625,22.375,22.5,3.9798550605773926
1996-02-05,42100,22.25,22.625,22.25,22.375,3.95774507522583
1996-02-02,49000,22.0,22.375,21.75,22.375,3.95774507522583
1996-02-01,55000,21.75,22.0,21.625,22.0,3.8914132118225098
1996-01-31,50400,21.75,22.0,21.5,21.625,3.825082063674927
1996-01-30,84600,22.5,22.5,21.875,22.125,3.830390691757202
1996-01-29,22300,22.875,22.875,22.375,22.5,3.8953120708465576
1996-01-26,37800,22.75,22.75,22.25,22.75,3.938591480255127
1996-01-25,17000,22.875,22.875,22.625,22.75,3.938591480255127
1996-01-24,15100,22.875,22.875,22.75,22.875,3.960233688354492
1996-01-23,22000,22.875,22.875,22.5,22.625,3.9169533252716064
1996-01-22,13600,22.25,22.625,22.25,22.625,3.9169533252716064
1996-01-19,33800,22.875,22.875,22.375,22.5,3.8953120708465576
1996-01-18,18800,22.875,23.0,22.75,22.875,3.960233688354492
1996-01-17,12000,23.25,23.25,22.875,23.0,3.9818732738494873
1996-01-16,36200,22.875,23.125,22.875,23.125,4.003515243530273
1996-01-15,7000,22.75,22.875,22.5,22.875,3.960233688354492
1996-01-12,45400,22.75,22.75,22.375,22.625,3.9169533252716064
1996-01-11,35800,22.625,22.75,22.375,22.5,3.8953120708465576
1996-01-10,9600,22.75,22.75,22.25,22.375,3.873672008514404
1996-01-09,28900,22.375,22.625,22.125,22.5,3.8953120708465576
1996-01-08,11300,22.25,22.375,22.0,22.25,3.8520314693450928
1996-01-05,5400,22.625,22.625,22.375,22.5,3.8953120708465576
1996-01-04,78200,22.875,23.25,22.75,22.75,3.938591480255127
1996-01-03,28000,23.25,23.25,23.0,23.125,4.003515243530273
1996-01-02,67400,23.0,23.5,22.875,23.0,3.9818732738494873
1995-12-29,156900,23.0,23.25,22.875,23.0,3.9818732738494873
1995-12-28,35000,22.375,23.0,22.25,22.875,3.960233688354492
1995-12-27,38800,22.25,22.5,22.0,22.5,3.8953120708465576
1995-12-26,19000,22.125,22.25,21.875,22.25,3.8520314693450928
1995-12-22,19200,21.875,22.125,21.875,22.125,3.830390691757202
1995-12-21,13800,21.625,21.875,21.375,21.75,3.7654683589935294
1995-12-20,18100,20.875,21.625,20.875,21.5,3.72218656539917
1995-12-19,38500,20.875,21.25,20.625,21.0,3.635623455047608
1995-12-18,32900,21.25,21.5,20.875,21.0,3.635623455047608
1995-12-15,43200,21.375,21.375,20.875,21.0,3.635623455047608
1995-12-14,30700,21.25,21.375,21.125,21.375,3.7005457878112793
1995-12-13,14300,21.625,21.625,21.25,21.5,3.72218656539917
1995-12-12,25900,21.5,21.75,21.375,21.5,3.72218656539917
1995-12-11,13600,21.75,21.875,21.375,21.625,3.743828296661377
1995-12-08,15700,21.75,21.75,21.5,21.625,3.743828296661377
1995-12-07,25300,21.875,22.0,21.375,21.5,3.72218656539917
1995-12-06,27000,21.125,22.0,21.125,21.75,3.7654683589935294
1995-12-05,13600,20.875,21.25,20.75,21.25,3.6789042949676514
1995-12-04,21300,20.75,21.125,20.75,21.0,3.635623455047608
1995-12-01,10800,20.625,21.0,20.625,20.75,3.592343807220459
1995-11-30,23300,20.875,21.0,20.75,20.875,3.613983869552612
1995-11-29,23900,20.625,20.6875,20.375,20.625,3.570702075958252
1995-11-28,24000,20.625,20.625,20.375,20.5,3.5490615367889404
1995-11-27,28400,20.375,20.625,20.125,20.625,3.570702075958252
1995-11-24,3200,20.125,20.375,20.125,20.25,3.505780935287476
1995-11-22,30700,20.25,20.375,20.0,20.375,3.527421474456787
1995-11-21,42500,20.125,20.25,20.0,20.0,3.462499618530273
1995-11-20,52400,20.25,20.375,20.125,20.25,3.505780935287476
1995-11-17,27000,20.75,20.75,20.375,20.5,3.5490615367889404
1995-11-16,18100,20.75,20.75,20.625,20.75,3.592343807220459
1995-11-15,18200,20.75,20.75,20.5,20.75,3.592343807220459
1995-11-14,18500,20.75,20.75,20.5,20.75,3.592343807220459
1995-11-13,18100,20.875,20.875,20.625,20.875,3.613983869552612
1995-11-10,6900,20.875,20.875,20.625,20.875,3.613983869552612
1995-11-09,19900,20.875,21.0,20.625,20.875,3.613983869552612
1995-11-08,22100,20.5,20.75,20.5,20.75,3.592343807220459
1995-11-07,18100,20.625,20.75,20.625,20.75,3.592343807220459
1995-11-06,17700,20.5,20.75,20.5,20.625,3.570702075958252
1995-11-03,23300,20.375,20.625,20.25,20.5,3.5490615367889404
1995-11-02,70100,20.25,20.5,20.25,20.5,3.5490615367889404
1995-11-01,22700,20.375,20.375,20.25,20.375,3.527421474456787
1995-10-31,39100,20.0,20.25,20.0,20.125,3.4841411113739014
1995-10-30,25500,20.5,20.5,20.25,20.25,3.425276279449463
1995-10-27,18600,20.25,20.375,20.125,20.375,3.446420669555664
1995-10-26,23800,20.125,20.625,20.125,20.25,3.425276279449463
1995-10-25,32700,20.25,20.25,20.0,20.25,3.425276279449463
1995-10-24,43800,20.25,20.375,20.125,20.25,3.425276279449463
1995-10-23,23100,20.125,20.375,20.125,20.125,3.4041337966918945
1995-10-20,96500,20.375,20.375,19.75,20.125,3.4041337966918945
1995-10-19,34500,20.375,20.375,20.375,20.375,3.446420669555664
1995-10-18,39400,20.5,20.5,20.25,20.5,3.4675657749176025
1995-10-17,15500,20.375,20.5,20.25,20.5,3.4675657749176025
1995-10-16,73100,20.5,20.5,20.25,20.5,3.4675657749176025
1995-10-13,11800,20.5,20.5,20.375,20.5,3.4675657749176025
1995-10-12,49100,20.75,20.75,20.5,20.5,3.4675657749176025
1995-10-11,23200,20.75,20.75,20.625,20.75,3.5098531246185303
1995-10-10,26500,20.625,20.75,20.375,20.75,3.5098531246185303
1995-10-09,41200,20.625,20.75,20.375,20.625,3.488708019256592
1995-10-06,52900,20.625,20.625,20.375,20.5,3.4675657749176025
1995-10-05,31400,20.375,20.75,20.375,20.625,3.488708019256592
1995-10-04,32200,20.75,20.75,20.5,20.5,3.4675657749176025
1995-10-03,59700,20.75,20.75,20.625,20.75,3.5098531246185303
1995-10-02,53400,20.75,20.875,20.625,20.75,3.5098531246185303
1995-09-29,36000,20.625,20.75,20.5,20.75,3.5098531246185303
1995-09-28,39100,20.625,20.75,20.375,20.625,3.488708019256592
1995-09-27,65500,20.625,20.75,20.5,20.5,3.4675657749176025
1995-09-26,85300,20.5,20.625,20.375,20.5,3.4675657749176025
1995-09-25,16300,20.5,20.5,20.25,20.25,3.425276279449463
1995-09-22,24500,20.5,20.625,20.375,20.5,3.4675657749176025
1995-09-21,9900,20.375,20.5,20.375,20.375,3.446420669555664
1995-09-20,18600,20.625,20.625,20.375,20.625,3.488708019256592
1995-09-19,31000,20.5,20.625,20.375,20.625,3.488708019256592
1995-09-18,38800,20.5,20.5,20.375,20.5,3.4675657749176025
1995-09-15,14500,20.25,20.5,20.125,20.375,3.446420669555664
1995-09-14,60300,20.125,20.5,20.125,20.375,3.446420669555664
1995-09-13,20700,20.25,20.25,20.125,20.25,3.425276279449463
1995-09-12,8200,20.125,20.25,20.125,20.125,3.4041337966918945
1995-09-11,11400,20.25,20.25,20.125,20.125,3.4041337966918945
1995-09-08,11500,20.25,20.25,20.125,20.25,3.425276279449463
1995-09-07,14200,20.25,20.25,20.125,20.25,3.425276279449463
1995-09-06,22300,20.125,20.25,20.125,20.25,3.425276279449463
1995-09-05,19900,20.0,20.125,20.0,20.0,3.382989883422852
1995-09-01,11800,20.0,20.25,20.0,20.125,3.4041337966918945
1995-08-31,22600,20.125,20.125,19.875,20.0,3.382989883422852
1995-08-30,20400,20.125,20.25,20.0,20.0,3.382989883422852
1995-08-29,49200,20.0,20.125,19.875,20.0,3.382989883422852
1995-08-28,5800,20.0,20.125,19.875,20.125,3.4041337966918945
1995-08-25,20800,20.0,20.125,20.0,20.125,3.4041337966918945
1995-08-24,11500,20.125,20.125,20.0,20.125,3.4041337966918945
1995-08-23,23100,20.25,20.375,20.125,20.125,3.4041337966918945
1995-08-22,21000,20.375,20.375,20.0,20.25,3.425276279449463
1995-08-21,44400,19.875,20.375,19.875,20.375,3.446420669555664
1995-08-18,35000,19.625,19.75,19.5,19.75,3.340702772140503
1995-08-17,22700,19.5,20.0,19.375,19.625,3.3195581436157227
1995-08-16,25300,19.5,19.625,19.25,19.625,3.3195581436157227
1995-08-15,21400,19.5,19.5,19.125,19.375,3.277271032333374
1995-08-14,38500,19.625,19.625,19.0,19.5,3.298414707183838
1995-08-11,30000,19.5,19.75,19.5,19.625,3.3195581436157227
1995-08-10,25500,20.0,20.0,19.5,19.75,3.340702772140503
1995-08-09,22800,20.125,20.125,19.75,20.0,3.382989883422852
1995-08-08,25100,19.875,20.25,19.875,19.875,3.3618454933166504
1995-08-07,12900,19.75,20.125,19.75,20.125,3.4041337966918945
1995-08-04,12500,19.75,20.0,19.75,19.75,3.340702772140503
1995-08-03,7100,19.875,19.875,19.75,19.875,3.3618454933166504
1995-08-02,33600,20.125,20.125,19.875,20.0,3.382989883422852
1995-08-01,26000,20.0,20.25,20.0,20.125,3.4041337966918945
1995-07-31,10200,20.125,20.25,20.0,20.0,3.382989883422852
1995-07-28,13100,20.375,20.5,20.25,20.375,3.368612289428711
1995-07-27,60100,20.125,20.5,20.125,20.25,3.347944736480713
1995-07-26,9600,20.25,20.25,20.125,20.25,3.347944736480713
1995-07-25,21800,19.625,20.125,19.625,20.125,3.3272793292999268
1995-07-24,33000,20.0,20.125,19.5,19.5,3.223948240280152
1995-07-21,18800,20.25,20.25,20.0,20.0,3.3066139221191406
1995-07-20,26800,20.0,20.25,19.875,20.0,3.3066139221191406
1995-07-19,18400,20.25,20.25,20.0,20.125,3.3272793292999268
1995-07-18,18300,20.0,20.25,20.0,20.25,3.347944736480713
1995-07-17,89000,19.875,20.0,19.75,20.0,3.3066139221191406
1995-07-14,9800,19.875,19.875,19.75,19.875,3.28594708442688
1995-07-13,12700,20.125,20.125,19.875,19.875,3.28594708442688
1995-07-12,14600,20.25,20.25,20.0,20.125,3.3272793292999268
1995-07-11,32000,20.125,20.25,20.0,20.125,3.3272793292999268
1995-07-10,30100,20.25,20.25,20.125,20.25,3.347944736480713
1995-07-07,13400,20.375,20.375,20.0,20.125,3.3272793292999268
1995-07-06,11900,20.125,20.375,20.125,20.375,3.368612289428711
1995-07-05,12300,20.5,20.625,20.125,20.125,3.3272793292999268
1995-07-03,5200,20.0,20.25,20.0,20.25,3.347944736480713
1995-06-30,32600,20.375,20.5,20.125,20.25,3.347944736480713
1995-06-29,31900,20.375,20.75,20.125,20.5,3.3892788887023926
1995-06-28,24900,20.125,20.375,20.125,20.375,3.368612289428711
1995-06-27,26800,20.125,20.5,20.0,20.25,3.347944736480713
1995-06-26,13600,20.25,20.25,20.0,20.125,3.3272793292999268
1995-06-23,20000,20.25,20.25,20.0,20.125,3.3272793292999268
1995-06-22,16400,20.125,20.375,20.125,20.125,3.3272793292999268
1995-06-21,3300,20.375,20.375,20.25,20.375,3.368612289428711
1995-06-20,10400,20.5,20.5,20.125,20.25,3.347944736480713
1995-06-19,7400,20.5,20.625,20.375,20.5,3.3892788887023926
1995-06-16,17400,20.5,20.625,20.25,20.25,3.347944736480713
1995-06-15,12300,20.0,20.375,20.0,20.25,3.347944736480713
1995-06-14,7100,20.0,20.25,20.0,20.25,3.347944736480713
1995-06-13,20600,20.25,20.25,19.75,19.75,3.2652788162231445
1995-06-12,20800,20.125,20.25,20.0,20.125,3.3272793292999268
1995-06-09,15600,20.125,20.375,20.125,20.25,3.347944736480713
1995-06-08,17000,20.0,20.5,19.875,20.375,3.368612289428711
1995-06-07,25500,20.25,20.625,20.125,20.25,3.347944736480713
1995-06-06,17000,19.75,20.25,19.75,20.25,3.347944736480713
1995-06-05,17400,19.5,20.0,19.5,19.875,3.28594708442688
1995-06-02,38300,19.375,19.625,19.25,19.375,3.2032811641693115
1995-06-01,23100,19.625,19.625,19.25,19.375,3.2032811641693115
1995-05-31,19200,19.625,19.625,19.375,19.625,3.244614124298096
1995-05-30,19200,20.0,20.125,19.5,19.5,3.223948240280152
1995-05-26,20000,19.875,20.0,19.75,20.0,3.3066139221191406
1995-05-25,20000,19.75,20.0,19.625,20.0,3.3066139221191406
1995-05-24,13600,19.875,20.125,19.75,19.875,3.28594708442688
1995-05-23,15200,19.875,20.125,19.875,20.0,3.3066139221191406
1995-05-22,7300,20.125,20.125,20.0,20.0,3.3066139221191406
1995-05-19,24100,20.0,20.25,19.875,20.125,3.3272793292999268
1995-05-18,6900,20.375,20.5,20.125,20.25,3.347944736480713
1995-05-17,25900,20.375,20.5,20.25,20.5,3.3892788887023926
1995-05-16,17000,20.625,20.75,20.375,20.5,3.3892788887023926
1995-05-15,14000,20.5,20.625,20.375,20.375,3.368612289428711
1995-05-12,22400,20.25,20.625,20.0,20.5,3.3892788887023926
1995-05-11,35100,20.0,20.25,19.875,20.125,3.3272793292999268
1995-05-10,52000,19.75,20.125,19.625,20.125,3.3272793292999268
1995-05-09,26700,19.25,19.75,19.0,19.5,3.223948240280152
1995-05-08,14000,19.25,19.25,19.125,19.25,3.1826138496398926
1995-05-05,16800,19.125,19.25,19.0,19.25,3.1826138496398926
1995-05-04,31000,19.0,19.125,18.875,19.125,3.161948680877685
1995-05-03,29100,18.75,19.125,18.5,19.0,3.141282081604004
1995-05-02,490100,18.75,18.875,18.625,18.75,3.0999510288238525
1995-05-01,29100,18.75,18.875,18.625,18.875,3.120616912841797
1995-04-28,12800,18.75,18.75,18.625,18.75,3.0999510288238525
1995-04-27,37000,19.125,19.125,18.625,18.75,3.0999510288238525
1995-04-26,30700,19.875,20.0,19.75,19.75,3.1900551319122314
1995-04-25,45400,19.5,20.0,19.375,20.0,3.230436086654663
1995-04-24,10400,19.25,19.375,19.125,19.25,3.109293460845948
1995-04-21,7000,19.125,19.125,19.0,19.0,3.0689139366149902
1995-04-20,21300,18.875,19.25,18.875,19.0,3.0689139366149902
1995-04-19,30300,19.25,19.25,18.75,19.125,3.089104652404785
1995-04-18,5400,18.875,19.375,18.875,19.25,3.109293460845948
1995-04-17,25400,19.0,19.0,18.875,18.875,3.048722505569458
1995-04-13,10300,19.0,19.0,18.875,19.0,3.0689139366149902
1995-04-12,11900,19.125,19.125,18.875,19.125,3.089104652404785
1995-04-11,19900,18.625,18.875,18.625,18.875,3.048722505569458
1995-04-10,40900,18.75,18.75,18.375,18.5,2.988154649734497
1995-04-07,45600,19.125,19.125,18.75,18.75,3.028533935546875
1995-04-06,24500,19.375,19.375,19.25,19.375,3.129483699798584
1995-04-05,12600,19.5,19.5,19.375,19.375,3.129483699798584
1995-04-04,16000,19.75,19.75,19.375,19.375,3.129483699798584
1995-04-03,15600,19.5,19.75,19.375,19.625,3.169865608215332
1995-03-31,28800,19.375,20.0,19.375,19.75,3.1900551319122314
1995-03-30,18400,19.375,19.625,19.375,19.5,3.1496739387512207
1995-03-29,13700,19.625,19.75,19.5,19.75,3.1900551319122314
1995-03-28,10000,19.5,19.75,19.5,19.625,3.169865608215332
1995-03-27,35400,19.75,19.75,19.625,19.625,3.169865608215332
1995-03-24,10300,20.0,20.0,19.625,19.75,3.1900551319122314
1995-03-23,2600,19.875,19.875,19.75,19.875,3.210245370864868
1995-03-22,6100,19.875,20.0,19.75,19.875,3.210245370864868
1995-03-21,7100,19.75,20.0,19.75,19.875,3.210245370864868
1995-03-20,45100,19.875,19.875,19.5,19.625,3.169865608215332
1995-03-17,10000,20.0,20.0,19.875,20.0,3.230436086654663
1995-03-16,28100,19.5,20.0,19.125,20.0,3.230436086654663
1995-03-15,17100,19.375,19.75,19.25,19.625,3.169865608215332
1995-03-14,26500,19.625,19.625,19.375,19.5,3.1496739387512207
1995-03-13,51900,19.25,19.625,19.25,19.625,3.169865608215332
1995-03-10,21600,19.0,19.25,18.75,19.125,3.089104652404785
1995-03-09,13500,19.125,19.125,19.0,19.0,3.0689139366149902
1995-03-08,38700,19.625,19.75,19.0,19.0,3.0689139366149902
1995-03-07,17300,19.25,19.75,19.125,19.75,3.1900551319122314
1995-03-06,21800,19.75,19.75,19.375,19.375,3.129483699798584
1995-03-03,9200,19.75,20.125,19.625,19.875,3.210245370864868
1995-03-02,6100,19.75,20.0,19.625,20.0,3.230436086654663
1995-03-01,11400,20.375,20.5,20.0,20.0,3.230436086654663
1995-02-28,30700,19.625,20.5,19.5,20.5,3.3111958503723145
1995-02-27,4400,19.875,20.0,19.625,19.875,3.210245370864868
1995-02-24,37300,20.125,20.125,19.5,19.625,3.169865608215332
1995-02-23,9900,20.25,20.25,20.0,20.0,3.230436086654663
1995-02-22,18300,20.375,20.375,19.875,20.0,3.230436086654663
1995-02-21,17100,20.0,20.375,19.875,20.375,3.291006803512573
1995-02-17,7800,20.125,20.25,20.0,20.25,3.27081561088562
1995-02-16,64800,20.375,20.375,20.125,20.375,3.291006803512573
1995-02-15,32700,20.25,20.375,19.75,20.375,3.291006803512573
1995-02-14,31500,20.25,20.375,20.25,20.375,3.291006803512573
1995-02-13,15000,20.375,20.5,20.25,20.375,3.291006803512573
1995-02-10,77200,20.25,20.625,20.125,20.625,3.3313872814178467
1995-02-09,12500,20.0,20.125,20.0,20.125,3.2506251335144043
1995-02-08,14700,20.25,20.25,20.0,20.125,3.2506251335144043
1995-02-07,28500,20.0,20.125,19.875,20.125,3.2506251335144043
1995-02-06,39700,19.375,20.0,19.375,19.875,3.210245370864868
1995-02-03,7400,19.125,19.25,19.125,19.25,3.109293460845948
1995-02-02,20200,19.25,19.25,19.0,19.0,3.0689139366149902
1995-02-01,7900,19.375,19.375,19.125,19.25,3.109293460845948
1995-01-31,10200,19.375,19.375,19.125,19.375,3.129483699798584
1995-01-30,12600,19.375,19.375,19.125,19.375,3.129483699798584
1995-01-27,28100,19.375,19.375,19.0,19.125,3.089104652404785
1995-01-26,28700,19.0,19.375,19.0,19.375,3.129483699798584
1995-01-25,5300,19.75,19.75,19.5,19.5,3.07698917388916
1995-01-24,7800,19.875,19.875,19.625,19.75,3.1164374351501465
1995-01-23,6400,19.75,19.75,19.5,19.625,3.0967137813568115
1995-01-20,38000,19.125,19.5,19.125,19.5,3.07698917388916
1995-01-19,28200,19.375,19.375,19.125,19.25,3.037540435791016
1995-01-18,34000,19.5,19.75,19.25,19.375,3.057265520095825
1995-01-17,16200,19.5,19.625,19.125,19.5,3.07698917388916
1995-01-16,15800,19.5,19.5,19.125,19.5,3.07698917388916
1995-01-13,8900,19.5,19.625,19.375,19.5,3.07698917388916
1995-01-12,6800,19.75,20.0,19.5,19.75,3.1164374351501465
1995-01-11,29800,20.125,20.125,19.875,19.875,3.136162281036377
1995-01-10,13700,20.125,20.125,19.875,19.875,3.136162281036377
1995-01-09,5500,20.5,20.5,20.0,20.0,3.155888319015503
1995-01-06,2500,20.5,20.625,20.25,20.375,3.215060234069824
1995-01-05,6100,20.125,20.5,20.125,20.25,3.195335626602173
1995-01-04,14000,20.25,20.375,19.875,19.875,3.136162281036377
1995-01-03,11800,21.0,21.0,20.5,20.5,3.234783411026001
1994-12-30,16100,21.0,21.0,20.25,21.0,3.313682794570923
1994-12-29,28300,19.875,21.125,19.875,21.125,3.333406925201416
1994-12-28,9500,19.625,20.0,19.5,20.0,3.155888319015503
1994-12-27,15600,19.625,20.25,19.375,19.875,3.136162281036377
1994-12-23,19300,19.625,19.75,19.375,19.5,3.07698917388916
1994-12-22,3600,19.875,19.875,19.625,19.75,3.1164374351501465
1994-12-21,20000,20.0,20.0,19.625,20.0,3.155888319015503
1994-12-20,20800,19.875,20.0,19.875,20.0,3.155888319015503
1994-12-19,26100,19.75,20.0,19.5,19.75,3.1164374351501465
1994-12-16,15700,20.125,20.25,20.0,20.0,3.155888319015503
1994-12-15,19700,20.25,20.25,19.875,20.125,3.175610542297364
1994-12-14,16900,20.25,20.375,20.0,20.25,3.195335626602173
1994-12-13,12300,20.375,20.375,20.125,20.125,3.175610542297364
1994-12-12,32000,19.875,20.375,19.75,20.375,3.215060234069824
1994-12-09,19700,19.625,19.75,19.5,19.75,3.1164374351501465
1994-12-08,8300,19.625,19.625,19.5,19.5,3.07698917388916
1994-12-07,11000,19.5,19.625,19.25,19.5,3.07698917388916
1994-12-06,43800,19.25,19.625,19.25,19.625,3.0967137813568115
1994-12-05,96100,18.75,19.125,18.75,19.125,3.0178163051605225
1994-12-02,30700,18.375,18.625,18.375,18.5,2.919196367263794
1994-12-01,17600,18.75,18.75,18.25,18.375,2.8994719982147217
1994-11-30,14500,19.125,19.125,18.5,18.5,2.919196367263794
1994-11-29,30600,19.25,19.25,18.875,19.125,3.0178163051605225
1994-11-28,28000,19.25,19.25,19.125,19.25,3.037540435791016
1994-11-25,17200,19.25,19.25,19.125,19.25,3.037540435791016
1994-11-23,22700,19.25,19.25,18.875,19.25,3.037540435791016
1994-11-22,19200,19.25,19.25,19.125,19.25,3.037540435791016
1994-11-21,14000,19.25,19.375,19.125,19.25,3.037540435791016
1994-11-18,18000,19.625,19.625,19.0,19.125,3.0178163051605225
1994-11-17,39100,19.375,19.625,19.375,19.625,3.0967137813568115
1994-11-16,36400,19.375,19.375,19.125,19.375,3.057265520095825
1994-11-15,27500,19.375,19.375,18.875,19.375,3.057265520095825
1994-11-14,9900,19.25,19.375,19.25,19.375,3.057265520095825
1994-11-11,7100,19.375,19.375,19.25,19.25,3.037540435791016
1994-11-10,13600,19.5,19.5,19.25,19.25,3.037540435791016
1994-11-09,13100,19.25,19.5,19.125,19.375,3.057265520095825
1994-11-08,45500,19.625,19.625,18.75,19.125,3.0178163051605225
1994-11-07,25600,20.0,20.0,19.5,19.625,3.0967137813568115
1994-11-04,27500,20.125,20.125,19.875,19.875,3.136162281036377
1994-11-03,11800,20.125,20.125,20.0,20.0,3.155888319015503
1994-11-02,82500,20.25,20.25,19.75,20.0,3.155888319015503
1994-11-01,33500,20.375,20.375,20.125,20.25,3.195335626602173
1994-10-31,33000,20.375,20.375,20.125,20.375,3.215060234069824
1994-10-28,31600,20.5,20.5,20.25,20.375,3.215060234069824
1994-10-27,33100,20.25,20.5,20.25,20.375,3.215060234069824
1994-10-26,33900,20.125,20.25,20.125,20.25,3.195335626602173
1994-10-25,60800,20.125,20.625,20.125,20.5,3.1645665168762207
1994-10-24,20800,20.125,20.375,20.0,20.125,3.106677770614624
1994-10-21,20100,20.5,20.625,20.25,20.5,3.1645665168762207
1994-10-20,5000,20.375,20.5,20.25,20.375,3.145271778106689
1994-10-19,7500,20.5,20.5,20.25,20.375,3.145271778106689
1994-10-18,4000,20.75,20.75,20.375,20.5,3.1645665168762207
1994-10-17,8300,20.75,20.75,20.5,20.75,3.203157663345337
1994-10-14,8200,20.5,20.875,20.25,20.875,3.222453594207764
1994-10-13,17200,20.375,20.625,20.125,20.25,3.125972270965576
1994-10-12,19900,20.625,20.625,20.125,20.625,3.1838622093200684
1994-10-11,35500,20.625,20.75,20.375,20.625,3.1838622093200684
1994-10-10,37400,19.875,20.75,19.875,20.5,3.1645665168762207
1994-10-07,18800,20.125,20.125,19.625,19.75,3.0487892627716064
1994-10-06,18700,20.375,20.375,19.75,20.0,3.0873820781707764
1994-10-05,11300,20.625,20.625,20.375,20.375,3.145271778106689
1994-10-04,17600,20.875,20.875,20.375,20.5,3.1645665168762207
1994-10-03,24800,20.875,20.875,20.5,20.75,3.203157663345337
1994-09-30,5700,20.875,20.875,20.625,20.875,3.222453594207764
1994-09-29,10900,20.375,20.75,20.375,20.75,3.203157663345337
1994-09-28,24000,21.0,21.0,20.375,20.625,3.1838622093200684
1994-09-27,27500,20.5,21.0,20.375,21.0,3.2417495250701904
1994-09-26,9400,20.5,20.5,20.25,20.375,3.145271778106689
1994-09-23,23800,20.5,20.5,20.25,20.5,3.1645665168762207
1994-09-22,26500,20.25,20.5,20.125,20.5,3.1645665168762207
1994-09-21,9900,20.0,20.25,19.875,20.25,3.125972270965576
1994-09-20,27900,20.25,20.25,19.75,19.875,3.068084478378296
1994-09-19,13500,20.375,20.5,20.125,20.125,3.106677770614624
1994-09-16,95200,20.5,20.625,20.25,20.625,3.1838622093200684
1994-09-15,23800,20.75,20.75,20.5,20.5,3.1645665168762207
1994-09-14,29000,20.625,20.625,20.25,20.625,3.1838622093200684
1994-09-13,16900,20.5,20.625,20.5,20.625,3.1838622093200684
1994-09-12,12800,20.75,20.75,20.375,20.5,3.1645665168762207
1994-09-09,29600,20.75,20.75,20.5,20.75,3.203157663345337
1994-09-08,16100,20.75,20.875,20.625,20.75,3.203157663345337
1994-09-07,26900,20.875,20.875,20.625,20.75,3.203157663345337
1994-09-06,79700,21.0,21.0,20.625,20.875,3.222453594207764
1994-09-02,9400,21.0,21.0,20.75,20.875,3.222453594207764
1994-09-01,8600,21.125,21.125,20.75,21.0,3.2417495250701904
1994-08-31,8100,20.875,21.125,20.625,21.125,3.26104736328125
1994-08-30,20400,21.125,21.125,20.625,20.75,3.203157663345337
1994-08-29,10700,21.25,21.25,21.0,21.125,3.26104736328125
1994-08-26,17400,21.25,21.25,21.0,21.125,3.26104736328125
1994-08-25,27500,21.0,21.25,20.625,21.0,3.2417495250701904
1994-08-24,16300,21.25,21.25,21.0,21.125,3.26104736328125
1994-08-23,44700,21.375,21.375,21.125,21.25,3.2803428173065186
1994-08-22,12500,21.0,21.375,20.75,21.25,3.2803428173065186
1994-08-19,26900,21.0,21.125,20.875,21.0,3.2417495250701904
1994-08-18,29400,21.375,21.5,20.875,20.875,3.222453594207764
1994-08-17,15200,21.5,21.5,21.25,21.375,3.2996397018432617
1994-08-16,27800,21.875,21.875,21.5,21.625,3.338231086730957
1994-08-15,14900,21.875,21.875,21.625,21.875,3.3768231868743896
1994-08-12,6400,21.5,21.875,21.5,21.875,3.3768231868743896
1994-08-11,42100,21.875,21.875,21.5,21.625,3.338231086730957
1994-08-10,16900,21.75,21.875,21.625,21.75,3.35752820968628
1994-08-09,38200,21.875,21.875,21.625,21.75,3.35752820968628
1994-08-08,19800,21.75,21.875,21.625,21.625,3.338231086730957
1994-08-05,13900,22.0,22.0,21.875,22.0,3.3961191177368164
1994-08-04,18300,21.875,22.0,21.625,21.875,3.3768231868743896
1994-08-03,33600,21.625,21.625,21.375,21.625,3.338231086730957
1994-08-02,23900,21.625,21.625,21.5,21.625,3.338231086730957
1994-08-01,45000,21.5,21.75,21.5,21.625,3.338231086730957
1994-07-29,26700,21.25,21.5,21.125,21.5,3.318933248519897
1994-07-28,46200,21.125,21.25,21.125,21.25,3.2803428173065186
1994-07-27,27100,21.5,21.5,21.25,21.25,3.2803428173065186
1994-07-26,20100,21.625,21.625,21.375,21.375,3.2996397018432617
1994-07-25,11700,22.0,22.0,21.625,21.875,3.3089003562927246
1994-07-22,69200,21.625,22.125,21.5,22.0,3.327808141708374
1994-07-21,17600,21.625,21.625,21.25,21.5,3.252176284790039
1994-07-20,22500,21.75,21.875,21.375,21.625,3.2710859775543213
1994-07-19,22100,21.75,21.875,21.625,21.75,3.2899932861328125
1994-07-18,55100,21.75,22.0,21.5,21.75,3.2899932861328125
1994-07-15,26700,21.5,21.625,21.375,21.5,3.252176284790039
1994-07-14,21700,21.5,21.5,21.375,21.5,3.252176284790039
1994-07-13,15500,21.375,21.5,21.25,21.5,3.252176284790039
1994-07-12,41100,21.5,21.5,21.125,21.375,3.2332699298858643
1994-07-11,52200,21.5,21.5,21.25,21.5,3.252176284790039
1994-07-08,27900,21.625,21.625,21.375,21.5,3.252176284790039
1994-07-07,36300,21.625,21.625,21.5,21.625,3.2710859775543213
1994-07-06,39800,21.5,21.625,21.125,21.625,3.2710859775543213
1994-07-05,45700,21.75,21.875,21.5,21.75,3.2899932861328125
1994-07-01,50300,21.375,21.75,21.375,21.625,3.2710859775543213
1994-06-30,104400,21.125,21.375,21.125,21.375,3.2332699298858643
1994-06-29,73800,21.25,21.375,21.0,21.125,3.1954538822174072
1994-06-28,127200,21.25,21.375,20.875,21.125,3.1954538822174072
1994-06-27,72800,20.0,21.0,19.75,20.875,3.157636404037476
1994-06-24,22600,20.5,20.625,19.5,19.75,2.9874658584594727
1994-06-23,8100,20.75,21.0,20.75,20.75,3.138728618621826
1994-06-22,4800,20.625,20.875,20.5,20.625,3.119821071624756
1994-06-21,6300,20.375,20.625,20.25,20.5,3.100913047790528
1994-06-20,50900,21.0,21.25,20.5,20.625,3.119821071624756
1994-06-17,27100,20.875,21.25,20.875,21.125,3.1954538822174072
1994-06-16,66700,20.875,21.375,20.875,20.875,3.157636404037476
1994-06-15,50600,20.75,21.125,20.5,21.125,3.1954538822174072
1994-06-14,15200,20.875,20.875,20.5,20.75,3.138728618621826
1994-06-13,21600,20.875,20.875,20.5,20.875,3.157636404037476
1994-06-10,22000,20.75,20.875,20.75,20.875,3.157636404037476
1994-06-09,10800,20.75,20.75,20.5,20.625,3.119821071624756
1994-06-08,11200,21.0,21.0,20.25,20.625,3.119821071624756
1994-06-07,8800,20.75,20.875,20.75,20.875,3.157636404037476
1994-06-06,10500,20.5,21.0,20.5,20.875,3.157636404037476
1994-06-03,7900,20.5,20.625,20.125,20.5,3.100913047790528
1994-06-02,16100,20.875,20.875,20.625,20.625,3.119821071624756
1994-06-01,7900,21.0,21.125,20.75,20.75,3.138728618621826
1994-05-31,16800,21.125,21.125,20.875,21.125,3.1954538822174072
1994-05-27,12200,20.875,21.0,20.875,21.0,3.176542997360229
1994-05-26,52500,20.875,21.125,20.875,21.0,3.176542997360229
1994-05-25,15700,20.875,21.0,20.75,21.0,3.176542997360229
1994-05-24,26300,20.625,21.0,20.625,20.875,3.157636404037476
1994-05-23,9300,20.75,20.875,20.5,20.625,3.119821071624756
1994-05-20,13400,20.5,20.75,20.5,20.5,3.100913047790528
1994-05-19,51100,19.75,20.625,19.75,20.5,3.100913047790528
1994-05-18,13600,19.75,19.75,19.625,19.75,2.9874658584594727
1994-05-17,11100,19.75,19.75,19.625,19.75,2.9874658584594727
1994-05-16,2300,19.75,19.75,19.625,19.625,2.9685566425323486
1994-05-13,11500,19.75,19.75,19.375,19.625,2.9685566425323486
1994-05-12,6800,19.75,20.0,19.75,19.875,3.0063722133636475
1994-05-11,11100,20.125,20.25,19.625,19.75,2.9874658584594727
1994-05-10,13000,20.375,20.625,20.0,20.0,3.025280475616455
1994-05-09,13500,20.875,20.875,20.125,20.125,3.044189214706421
1994-05-06,26200,20.25,20.875,20.25,20.875,3.157636404037476
1994-05-05,15000,20.875,20.875,20.125,20.125,3.044189214706421
1994-05-04,41700,20.875,21.0,20.625,20.875,3.157636404037476
1994-05-03,28500,20.875,20.875,20.5,20.75,3.138728618621826
1994-05-02,6000,20.75,20.875,20.5,20.875,3.157636404037476
1994-04-29,4400,20.375,20.75,20.375,20.75,3.138728618621826
1994-04-28,22700,21.0,21.0,20.375,20.5,3.100913047790528
1994-04-26,38100,20.0,20.75,20.0,20.75,3.138728618621826
1994-04-25,15600,20.125,20.375,20.0,20.125,3.044189214706421
1994-04-22,20800,20.0,20.375,20.0,20.375,3.016206741333008
1994-04-21,29600,19.75,20.0,19.5,20.0,2.9606926441192627
1994-04-20,24000,19.875,20.0,19.75,19.75,2.923682689666748
1994-04-19,27000,19.875,19.875,19.75,19.75,2.923682689666748
1994-04-18,44800,19.75,20.0,19.75,19.875,2.9421865940093994
1994-04-15,22400,19.875,19.875,19.125,19.5,2.886673927307129
1994-04-14,12900,19.625,20.125,19.625,19.75,2.923682689666748
1994-04-13,37000,20.0,20.25,19.75,19.875,2.9421865940093994
1994-04-12,20300,20.0,20.25,20.0,20.0,2.9606926441192627
1994-04-11,12700,20.125,20.125,19.625,19.75,2.923682689666748
1994-04-08,39400,20.25,20.375,20.0,20.125,2.979196071624756
1994-04-07,11900,20.0,20.125,19.875,20.0,2.9606926441192627
1994-04-06,25600,20.375,20.5,20.0,20.0,2.9606926441192627
1994-04-05,21000,20.125,20.5,19.875,20.125,2.979196071624756
1994-04-04,31100,20.0,20.125,19.625,19.75,2.923682689666748
1994-03-31,20300,19.375,20.0,19.375,20.0,2.9606926441192627
1994-03-30,46300,19.875,19.875,19.625,19.625,2.9051787853240967
1994-03-29,30900,20.25,20.375,19.625,19.625,2.9051787853240967
1994-03-28,21400,20.875,20.875,20.25,20.25,2.997700452804565
1994-03-25,13300,20.875,20.875,20.75,20.75,3.071717023849488
1994-03-24,27800,21.0,21.0,20.5,20.625,3.0532147884368896
1994-03-23,11000,20.875,21.0,20.75,20.75,3.071717023849488
1994-03-22,60200,20.5,21.125,20.5,20.75,3.071717023849488
1994-03-21,11900,20.875,20.875,20.375,20.5,3.03471040725708
1994-03-18,35300,20.875,21.0,20.75,20.75,3.071717023849488
1994-03-17,18100,20.875,21.0,20.625,20.75,3.071717023849488
1994-03-16,36100,21.125,21.125,20.625,20.625,3.0532147884368896
1994-03-15,47700,20.875,21.25,20.625,21.25,3.145737409591675
1994-03-14,15000,20.875,20.875,20.625,20.875,3.0902230739593506
1994-03-11,23500,20.75,20.75,20.5,20.75,3.071717023849488
1994-03-10,21800,20.75,20.875,20.5,20.625,3.0532147884368896
1994-03-09,41700,20.875,21.0,20.125,20.5,3.03471040725708
1994-03-08,13300,20.75,21.0,20.625,20.75,3.071717023849488
1994-03-07,85600,20.25,20.875,20.0,20.875,3.0902230739593506
1994-03-04,13900,20.375,20.375,20.125,20.25,2.997700452804565
1994-03-03,33600,20.5,20.625,20.25,20.25,2.997700452804565
1994-03-02,76200,20.375,20.5,20.125,20.5,3.03471040725708
1994-03-01,34600,20.75,20.75,20.375,20.625,3.0532147884368896
1994-02-28,76300,20.625,21.0,20.125,21.0,3.1087262630462646
1994-02-25,44300,20.125,20.625,19.75,20.625,3.0532147884368896
1994-02-24,42600,20.75,20.75,20.0,20.125,2.979196071624756
1994-02-23,42300,20.875,20.875,20.625,20.875,3.0902230739593506
1994-02-22,17400,20.75,20.875,20.75,20.875,3.0902230739593506
1994-02-18,23100,21.0,21.125,20.875,20.875,3.0902230739593506
1994-02-17,53200,20.75,21.25,20.75,21.125,3.127232551574707
1994-02-16,128200,21.375,21.375,20.625,20.625,3.0532147884368896
1994-02-15,95500,21.375,21.375,21.25,21.375,3.1642391681671143
1994-02-14,105700,21.25,21.375,21.25,21.25,3.145737409591675
1994-02-11,303600,21.375,21.375,21.25,21.25,3.145737409591675
1994-02-10,1653900,21.25,21.375,21.25,21.25,3.145737409591675
1994-02-09,6900,21.625,21.625,21.25,21.375,3.1642391681671143
1994-02-08,4500,21.5,21.625,21.5,21.625,3.20124888420105
1994-02-07,15100,21.75,21.75,21.625,21.625,3.20124888420105
1994-02-04,13700,21.75,21.875,21.625,21.75,3.2197530269622803
1994-02-03,5800,21.5,21.625,21.375,21.625,3.20124888420105
1994-02-02,9200,21.5,21.875,21.5,21.625,3.20124888420105
1994-02-01,15100,22.0,22.0,21.25,21.25,3.145737409591675
1994-01-31,18600,21.875,22.125,21.625,22.125,3.275266408920288
1994-01-28,11600,21.625,22.0,21.625,21.875,3.2382571697235107
1994-01-27,15700,21.625,21.875,21.375,21.875,3.2382571697235107
1994-01-26,34400,21.5,21.875,21.5,21.75,3.2197530269622803
1994-01-25,6300,21.375,21.875,21.375,21.875,3.174602031707764
1994-01-24,17900,21.25,21.5,21.25,21.5,3.120180130004883
1994-01-21,5200,21.5,21.625,21.25,21.25,3.083900690078736
1994-01-20,3200,21.375,21.5,21.25,21.5,3.120180130004883
1994-01-19,2900,21.625,21.75,21.25,21.25,3.083900690078736
1994-01-18,4000,21.625,21.625,21.5,21.625,3.1383211612701416
1994-01-17,9700,21.25,21.625,21.25,21.5,3.120180130004883
1994-01-14,5200,21.5,21.5,21.25,21.375,3.1020400524139404
1994-01-13,3100,21.5,21.625,21.375,21.5,3.120180130004883
1994-01-12,6500,21.5,21.5,21.25,21.5,3.120180130004883
1994-01-11,6000,21.375,21.5,21.25,21.5,3.120180130004883
1994-01-10,20300,21.625,21.625,21.375,21.5,3.120180130004883
1994-01-07,4000,21.625,22.0,21.625,21.875,3.174602031707764
1994-01-06,32000,21.75,21.75,21.0,21.625,3.1383211612701416
1994-01-05,7300,22.25,22.25,22.0,22.0,3.1927425861358643
1994-01-04,26600,22.375,22.5,21.875,22.25,3.229025363922119
1994-01-03,33900,22.5,22.5,21.75,22.375,3.247165441513061
1993-12-31,15400,21.625,22.5,21.625,22.5,3.2653040885925293
1993-12-30,3100,21.25,21.625,21.25,21.625,3.1383211612701416
1993-12-29,12700,20.5,21.125,20.375,21.125,3.065760374069214
1993-12-28,3900,20.625,20.625,20.375,20.5,2.9750566482543945
1993-12-27,3700,20.375,20.625,20.375,20.625,2.9931976795196533
1993-12-23,3100,20.5,20.5,20.25,20.5,2.9750566482543945
1993-12-22,3500,20.375,20.625,20.375,20.5,2.9750566482543945
1993-12-21,4600,20.125,20.25,20.125,20.25,2.9387736320495605
1993-12-20,3100,20.125,20.25,20.125,20.125,2.920633554458618
1993-12-17,19400,19.75,20.25,19.625,20.125,2.920633554458618
1993-12-16,6300,19.5,19.625,19.5,19.625,2.8480708599090576
1993-12-15,10000,20.125,20.125,19.5,19.5,2.82992959022522
1993-12-14,19000,20.625,20.625,20.0,20.0,2.902493953704834
1993-12-13,1500,20.75,20.75,20.625,20.625,2.9931976795196533
1993-12-10,4500,21.0,21.0,20.875,20.875,3.029477596282959
1993-12-09,10800,21.375,21.375,21.0,21.125,3.065760374069214
1993-12-08,9800,21.25,21.375,21.25,21.375,3.1020400524139404
1993-12-07,10600,21.625,21.625,21.125,21.125,3.065760374069214
1993-12-06,6600,21.875,21.875,21.625,21.875,3.174602031707764
1993-12-03,3100,22.0,22.125,22.0,22.125,3.210883617401123
1993-12-02,3300,22.125,22.25,22.125,22.125,3.210883617401123
1993-12-01,6800,22.25,22.25,22.125,22.25,3.229025363922119
1993-11-30,4100,22.25,22.25,21.875,22.0,3.1927425861358643
1993-11-29,4900,22.25,22.25,22.0,22.125,3.210883617401123
1993-11-26,1100,22.25,22.25,22.125,22.25,3.229025363922119
1993-11-24,8100,22.125,22.375,22.0,22.375,3.247165441513061
1993-11-23,10600,22.125,22.375,22.0,22.375,3.247165441513061
1993-11-22,6500,23.0,23.0,22.25,22.25,3.229025363922119
1993-11-19,7200,22.875,23.0,22.75,22.875,3.3197267055511475
1993-11-18,43600,22.125,22.875,22.125,22.75,3.301586151123047
1993-11-17,21600,22.25,22.375,22.125,22.25,3.229025363922119
1993-11-16,4400,22.5,22.5,22.375,22.5,3.2653040885925293
1993-11-15,9900,22.625,22.625,22.375,22.5,3.2653040885925293
1993-11-12,15900,22.75,22.75,22.375,22.375,3.247165441513061
1993-11-11,5200,22.625,22.875,22.625,22.625,3.2834458351135254
1993-11-10,17900,23.0,23.0,22.25,22.5,3.2653040885925293
1993-11-09,10900,22.5,22.875,22.375,22.875,3.3197267055511475
1993-11-08,8600,22.625,22.625,22.375,22.375,3.247165441513061
1993-11-05,11800,22.5,22.75,22.0,22.5,3.2653040885925293
1993-11-04,14700,22.375,22.75,22.125,22.375,3.247165441513061
1993-11-03,4300,22.375,22.5,22.375,22.375,3.247165441513061
1993-11-02,21300,22.75,22.75,22.125,22.375,3.247165441513061
1993-11-01,4900,23.0,23.0,22.75,22.75,3.301586151123047
1993-10-29,13700,22.875,23.0,22.75,23.0,3.337867498397827
1993-10-28,4300,22.875,23.25,22.875,23.0,3.337867498397827
1993-10-27,55600,22.625,23.125,22.625,22.875,3.3197267055511475
1993-10-26,35400,22.625,22.75,22.5,22.5,3.2653040885925293
1993-10-25,12900,23.125,23.5,23.125,23.125,3.276042938232422
1993-10-22,8000,23.0,23.0,22.75,23.0,3.258336067199707
1993-10-21,24100,22.875,23.125,22.875,23.0,3.258336067199707
1993-10-20,7600,22.375,22.75,22.25,22.75,3.2229197025299072
1993-10-19,13100,22.125,22.25,22.0,22.25,3.1520872116088867
1993-10-18,19300,22.25,22.375,22.0,22.125,3.13437819480896
1993-10-15,13900,22.25,22.25,22.125,22.25,3.1520872116088867
1993-10-14,10400,22.25,22.25,22.0,22.25,3.1520872116088867
1993-10-13,6200,22.5,22.5,22.25,22.25,3.1520872116088867
1993-10-12,6200,22.25,22.5,22.25,22.375,3.169795036315918
1993-10-11,12000,22.125,22.375,22.125,22.25,3.1520872116088867
1993-10-08,7400,22.25,22.25,22.0,22.125,3.13437819480896
1993-10-07,7300,22.25,22.25,21.875,22.25,3.1520872116088867
1993-10-06,4300,22.25,22.5,22.25,22.5,3.18750262260437
1993-10-05,6100,22.625,22.625,21.875,22.0,3.116668462753296
1993-10-04,5300,22.75,23.0,22.5,22.5,3.18750262260437
1993-10-01,6300,23.25,23.25,22.75,22.75,3.2229197025299072
1993-09-30,5300,23.0,23.375,22.875,23.375,3.311460256576538
1993-09-29,2100,22.625,22.875,22.625,22.875,3.24062728881836
1993-09-28,8000,22.875,22.875,22.625,22.75,3.2229197025299072
1993-09-27,2600,22.75,22.875,22.75,22.875,3.24062728881836
1993-09-24,6300,22.75,22.875,22.5,22.75,3.2229197025299072
1993-09-23,12000,22.625,22.75,22.5,22.5,3.18750262260437
1993-09-22,8900,22.625,22.625,22.375,22.5,3.18750262260437
1993-09-21,12600,23.25,23.5,22.625,22.625,3.2052106857299805
1993-09-20,14500,22.875,23.25,22.75,23.125,3.276042938232422
1993-09-17,12500,22.875,22.875,22.5,22.875,3.24062728881836
1993-09-16,7400,22.375,22.75,22.25,22.75,3.2229197025299072
1993-09-15,51100,22.875,22.875,22.25,22.25,3.1520872116088867
1993-09-14,14700,22.75,22.75,22.5,22.75,3.2229197025299072
1993-09-13,7800,22.75,22.75,22.5,22.75,3.2229197025299072
1993-09-10,14100,22.5,22.75,22.5,22.625,3.2052106857299805
1993-09-09,37800,22.375,22.5,22.25,22.5,3.18750262260437
1993-09-08,25100,22.5,22.5,22.125,22.25,3.1520872116088867
1993-09-07,18500,22.5,22.5,22.25,22.5,3.18750262260437
1993-09-03,19800,22.5,22.5,22.375,22.5,3.18750262260437
1993-09-02,24400,22.5,22.875,22.25,22.75,3.2229197025299072
1993-09-01,10100,22.0,22.5,21.875,22.5,3.18750262260437
1993-08-31,32100,22.25,22.375,22.0,22.375,3.169795036315918
1993-08-30,27000,21.75,22.25,21.75,22.0,3.116668462753296
1993-08-27,26100,21.25,21.75,21.25,21.625,3.063545227050781
1993-08-26,17400,20.875,21.25,20.75,21.0,2.975001811981201
1993-08-25,32500,21.5,21.5,20.625,20.875,2.95729398727417
1993-08-24,12700,21.125,21.125,20.625,21.125,2.9927122592926025
1993-08-23,30600,21.0,21.0,20.625,20.875,2.95729398727417
1993-08-20,23800,20.625,21.125,20.625,21.125,2.9927122592926025
1993-08-19,44700,20.0,20.5,20.0,20.5,2.904170036315918
1993-08-18,20300,19.875,20.0,19.75,20.0,2.833336591720581
1993-08-17,3900,19.75,19.75,19.625,19.75,2.7979190349578857
1993-08-16,6600,19.875,19.875,19.625,19.75,2.7979190349578857
1993-08-13,7700,20.0,20.125,19.75,19.875,2.815627336502075
1993-08-12,24200,20.125,20.125,19.875,20.0,2.833336591720581
1993-08-11,12600,20.0,20.125,19.625,20.0,2.833336591720581
1993-08-10,29700,20.125,20.125,19.625,19.75,2.7979190349578857
1993-08-09,13200,20.5,20.625,20.0,20.0,2.833336591720581
1993-08-06,10000,20.375,20.5,20.375,20.375,2.8864617347717285
1993-08-05,11800,20.5,20.625,20.25,20.25,2.868751287460327
1993-08-04,9200,20.125,20.375,20.125,20.375,2.8864617347717285
1993-08-03,9200,20.5,20.5,20.25,20.25,2.868751287460327
1993-08-02,15500,20.125,20.5,20.125,20.5,2.904170036315918
1993-07-30,500,20.25,20.25,20.25,20.25,2.868751287460327
1993-07-29,22500,20.0,20.25,20.0,20.25,2.868751287460327
1993-07-28,146100,20.25,20.25,20.0,20.0,2.833336591720581
1993-07-27,9200,20.0,20.25,20.0,20.25,2.868751287460327
1993-07-26,56900,20.125,20.125,19.75,20.0,2.833336591720581
1993-07-23,7700,20.375,20.375,20.125,20.125,2.851043701171875
1993-07-22,50500,20.625,20.625,20.0,20.375,2.8864617347717285
1993-07-21,43700,20.875,20.875,20.5,20.625,2.921877861022949
1993-07-20,11400,21.125,21.125,20.875,20.875,2.95729398727417
1993-07-19,34100,20.875,21.125,20.75,21.0,2.975001811981201
1993-07-16,36900,20.875,21.0,20.625,20.875,2.95729398727417
1993-07-15,30500,20.875,20.875,20.75,20.75,2.9395852088928223
1993-07-14,112700,20.5,20.875,20.5,20.75,2.9395852088928223
1993-07-13,83100,20.5,20.625,20.5,20.5,2.904170036315918
1993-07-12,68700,20.5,20.5,20.25,20.5,2.904170036315918
1993-07-09,34000,20.5,20.5,20.25,20.5,2.904170036315918
1993-07-08,112300,20.0,20.5,20.0,20.5,2.904170036315918
1993-07-07,60500,19.875,20.0,19.75,20.0,2.833336591720581
1993-07-06,95600,19.75,19.875,19.75,19.75,2.7979190349578857
1993-07-02,45300,19.625,19.75,19.5,19.75,2.7979190349578857
1993-07-01,122300,19.25,19.75,19.25,19.625,2.780210256576538
1993-06-30,41300,19.125,19.25,18.75,19.25,2.7270853519439697
1993-06-29,42000,19.0,19.375,19.0,19.0,2.6916682720184326
1993-06-28,34800,19.125,19.25,19.0,19.125,2.7093777656555176
1993-06-25,23100,19.0,19.25,19.0,19.0,2.6916682720184326
1993-06-24,38900,18.875,19.125,18.75,19.0,2.6916682720184326
1993-06-23,194900,19.0,19.25,18.875,19.0,2.6916682720184326
1993-06-22,11000,18.75,18.75,18.5,18.75,2.656252861022949
1993-06-21,44300,18.625,18.75,18.5,18.5,2.620835781097412
1993-06-18,25000,18.875,18.875,18.5,18.5,2.620835781097412
1993-06-17,89200,18.75,18.75,17.75,18.5,2.620835781097412
1993-06-16,57900,19.5,19.5,19.0,19.0,2.6916682720184326
1993-06-15,7200,19.5,19.625,19.5,19.5,2.762502431869507
1993-06-14,11900,19.5,19.625,19.5,19.625,2.780210256576538
1993-06-11,24500,19.5,19.625,19.5,19.5,2.762502431869507
1993-06-10,45300,19.5,19.625,19.5,19.5,2.762502431869507
1993-06-09,29200,19.625,19.625,19.5,19.5,2.762502431869507
1993-06-08,42000,19.5,19.625,19.5,19.625,2.780210256576538
1993-06-07,32700,19.625,19.75,19.5,19.625,2.780210256576538
1993-06-04,48000,19.5,19.875,19.5,19.625,2.780210256576538
1993-06-03,51800,19.75,19.75,19.5,19.5,2.762502431869507
1993-06-02,116300,19.875,19.875,19.625,19.625,2.780210256576538
1993-06-01,122200,19.75,19.875,19.625,19.75,2.7979190349578857
1993-05-28,118700,19.5,19.75,19.5,19.75,2.7979190349578857
1993-05-27,1395500,19.5,19.625,19.5,19.5,2.762502431869507
