date,volume,open,high,low,close,adj close
2023-12-28,4005000,55.290000915527344,55.52000045776367,55.09999847412109,55.220001220703125,55.220001220703125
2023-12-27,5438000,54.880001068115234,55.290000915527344,54.68999862670898,55.22999954223633,55.22999954223633
2023-12-26,2804000,54.41999816894531,55.27999877929688,54.400001525878906,54.93000030517578,54.93000030517578
2023-12-22,6885100,54.369998931884766,54.900001525878906,53.63999938964844,54.290000915527344,54.290000915527344
2023-12-21,9222800,53.540000915527344,54.09000015258789,52.68999862670898,53.9900016784668,53.9900016784668
2023-12-20,7698200,54.540000915527344,55.220001220703125,52.43000030517578,52.4900016784668,52.4900016784668
2023-12-19,4704000,54.209999084472656,55.0099983215332,54.18999862670898,54.970001220703125,54.85100173950195
2023-12-18,4974300,53.68000030517578,54.36000061035156,53.63999938964844,54.02999877929688,53.91303253173828
2023-12-15,6493500,53.18999862670898,53.58000183105469,52.84999847412109,53.18000030517578,53.06487274169922
2023-12-14,9662500,53.61000061035156,54.0099983215332,52.5,53.41999816894531,53.30435180664063
2023-12-13,10707600,51.0,53.060001373291016,50.86000061035156,52.95000076293945,52.83537292480469
2023-12-12,6158100,50.08000183105469,50.90999984741211,49.72999954223633,50.88999938964844,50.77983093261719
2023-12-11,6045100,49.459999084472656,50.27000045776367,49.38999938964844,50.220001220703125,50.11128234863281
2023-12-08,8638100,48.7599983215332,49.81999969482422,48.68999862670898,49.650001525878906,49.542518615722656
2023-12-07,4836500,48.619998931884766,49.22999954223633,48.41999816894531,49.02000045776367,48.91387939453125
2023-12-06,5829800,49.27000045776367,49.29999923706055,47.84000015258789,47.97999954223633,47.87612915039063
2023-12-05,5196600,48.130001068115234,48.900001525878906,48.040000915527344,48.59000015258789,48.48480987548828
2023-12-04,8888100,48.27999877929688,48.720001220703125,47.880001068115234,48.650001525878906,48.544681549072266
2023-12-01,8096800,48.369998931884766,49.59999847412109,48.18000030517578,49.400001525878906,49.29305648803711
2023-11-30,6582500,48.290000915527344,48.68999862670898,47.61000061035156,48.58000183105469,48.47483444213867
2023-11-29,4653900,48.880001068115234,49.2400016784668,47.93000030517578,48.040000915527344,47.93600082397461
2023-11-28,4195100,47.90999984741211,48.59999847412109,47.72999954223633,48.18000030517578,48.07569885253906
2023-11-27,3648300,48.09000015258789,48.380001068115234,47.93000030517578,48.06999969482422,47.96593475341797
2023-11-24,1565600,48.2400016784668,48.38999938964844,48.150001525878906,48.31999969482422,48.21539306640625
2023-11-22,4852700,48.25,48.68999862670898,47.90999984741211,48.27999877929688,48.175479888916016
2023-11-21,6655800,47.709999084472656,47.869998931884766,47.34000015258789,47.72999954223633,47.62667083740234
2023-11-20,4833300,46.959999084472656,48.380001068115234,46.93999862670898,48.09000015258789,47.98589324951172
2023-11-17,6711000,46.88999938964844,47.22999954223633,46.560001373291016,47.04999923706055,46.94814300537109
2023-11-16,5915100,46.54999923706055,46.970001220703125,46.220001220703125,46.869998931884766,46.768531799316406
2023-11-15,6232100,46.880001068115234,47.27999877929688,46.47999954223633,46.75,46.6487922668457
2023-11-14,8035400,45.77000045776367,46.869998931884766,45.68000030517578,46.45000076293945,46.34944534301758
2023-11-13,7261900,43.650001525878906,44.2599983215332,43.400001525878906,43.91999816894531,43.82491683959961
2023-11-10,7495800,42.720001220703125,44.15999984741211,42.27000045776367,44.060001373291016,43.96461868286133
2023-11-09,8754300,43.459999084472656,43.4900016784668,41.9900016784668,42.09999847412109,42.00885772705078
2023-11-08,6130900,43.25,43.41999816894531,42.470001220703125,43.16999816894531,43.076541900634766
2023-11-07,5876600,42.709999084472656,43.27999877929688,42.369998931884766,43.06999969482422,42.97676086425781
2023-11-06,7848800,42.66999816894531,42.880001068115234,42.150001525878906,42.709999084472656,42.61753845214844
2023-11-03,8406700,42.02999877929688,42.91999816894531,41.97999954223633,42.43999862670898,42.348121643066406
2023-11-02,9117700,40.20000076293945,41.380001068115234,40.18000030517578,41.33000183105469,41.24052810668945
2023-11-01,12363200,38.16999816894531,39.34999847412109,38.02999877929688,39.130001068115234,39.045291900634766
2023-10-31,10334300,37.380001068115234,38.0099983215332,36.869998931884766,37.91999816894531,37.83790588378906
2023-10-30,10364500,36.70000076293945,37.52999877929688,36.34999847412109,37.25,37.16936111450195
2023-10-27,10997200,36.900001525878906,37.0,35.56999969482422,35.970001220703125,35.89213180541992
2023-10-26,12198100,37.52999877929688,37.77000045776367,36.220001220703125,36.4900016784668,36.41100692749024
2023-10-25,9454300,39.09999847412109,39.11000061035156,37.72999954223633,37.88999938964844,37.8079719543457
2023-10-24,7171400,39.31999969482422,39.91999816894531,38.790000915527344,39.61000061035156,39.52425003051758
2023-10-23,10577600,38.470001220703125,39.84000015258789,38.0099983215332,38.75,38.66611099243164
2023-10-20,10889200,40.290000915527344,40.470001220703125,38.93000030517578,38.93999862670898,38.8557014465332
2023-10-19,14132800,41.7599983215332,42.310001373291016,40.2599983215332,40.4900016784668,40.40234756469727
2023-10-18,11206500,42.79999923706055,43.08000183105469,41.27000045776367,41.630001068115234,41.53987884521485
2023-10-17,10480900,42.380001068115234,43.9900016784668,42.29999923706055,43.34999847412109,43.25615310668945
2023-10-16,7218200,42.720001220703125,43.70000076293945,42.65999984741211,43.38999938964844,43.29606628417969
2023-10-13,7578600,43.150001525878906,43.52999877929688,41.58000183105469,42.09000015258789,41.99888229370117
2023-10-12,8857900,43.720001220703125,43.81999969482422,42.0,42.7400016784668,42.64747619628906
2023-10-11,6531800,43.369998931884766,43.63999938964844,42.630001068115234,43.56999969482422,43.475677490234375
2023-10-10,8454100,42.59999847412109,43.83000183105469,42.45000076293945,43.02000045776367,42.9268684387207
2023-10-09,6851500,41.040000915527344,42.58000183105469,40.880001068115234,42.369998931884766,42.27827453613281
2023-10-06,9903400,39.470001220703125,42.060001373291016,39.06999969482422,41.59999847412109,41.50994110107422
2023-10-05,6156000,40.15999984741211,40.43000030517578,39.2400016784668,40.18999862670898,40.10299301147461
2023-10-04,8363200,39.560001373291016,40.5,39.13999938964844,40.290000915527344,40.20277786254883
2023-10-03,9954800,40.43000030517578,40.900001525878906,39.02999877929688,39.45000076293945,39.36459732055664
2023-10-02,7607300,40.90999984741211,41.47999954223633,40.29999923706055,41.130001068115234,41.04096221923828
2023-09-29,8816600,42.400001525878906,42.43999862670898,40.720001220703125,41.16999816894531,41.08087158203125
2023-09-28,9067000,40.61000061035156,41.9900016784668,40.45000076293945,41.5,41.41016006469727
2023-09-27,10150600,41.150001525878906,41.290000915527344,39.7400016784668,40.84000015258789,40.7515869140625
2023-09-26,8486900,41.7400016784668,41.95000076293945,40.540000915527344,40.77000045776367,40.681739807128906
2023-09-25,5498900,41.790000915527344,42.70000076293945,41.65999984741211,42.70000076293945,42.60756301879883
2023-09-22,6057700,42.77000045776367,43.2599983215332,42.060001373291016,42.150001525878906,42.05875396728516
2023-09-21,7531100,43.790000915527344,43.880001068115234,42.43000030517578,42.5,42.40799331665039
2023-09-20,6931100,46.41999816894531,46.54999923706055,44.66999816894531,44.72999954223633,44.6331672668457
2023-09-19,4243700,46.06999969482422,46.27000045776367,45.209999084472656,46.09999847412109,45.94432067871094
2023-09-18,3608300,46.18999862670898,46.810001373291016,46.060001373291016,46.38999938964844,46.23334503173828
2023-09-15,5787800,47.54999923706055,47.63999938964844,46.18999862670898,46.31999969482422,46.16357803344727
2023-09-14,3709900,47.70000076293945,48.29999923706055,47.25,48.08000183105469,47.91764068603516
2023-09-13,4157900,46.810001373291016,47.27999877929688,46.459999084472656,46.93000030517578,46.771522521972656
2023-09-12,3478800,47.060001373291016,47.58000183105469,46.58000183105469,46.75,46.59212875366211
2023-09-11,3859300,47.5,47.66999816894531,46.95000076293945,47.56999969482422,47.40935897827149
2023-09-08,4222800,46.4900016784668,47.16999816894531,46.36000061035156,46.63999938964844,46.48249816894531
2023-09-07,4503900,45.91999816894531,46.68000030517578,45.81999969482422,46.47999954223633,46.32304000854492
2023-09-06,5785700,47.63999938964844,47.68000030517578,46.18000030517578,46.959999084472656,46.80141830444336
2023-09-05,3253700,48.459999084472656,48.52999877929688,47.91999816894531,47.959999084472656,47.79804229736328
2023-09-01,4575700,49.2599983215332,49.38999938964844,48.119998931884766,48.56999969482422,48.40597915649414
2023-08-31,4142100,48.77999877929688,49.150001525878906,48.27999877929688,48.33000183105469,48.16679382324219
2023-08-30,4695300,48.16999816894531,48.83000183105469,47.880001068115234,48.630001068115234,48.46577835083008
2023-08-29,6497600,46.0099983215332,48.119998931884766,45.959999084472656,48.02000045776367,47.85784149169922
2023-08-28,4963900,45.88999938964844,46.25,45.47999954223633,46.04999923706055,45.89448928833008
2023-08-25,9793700,44.810001373291016,45.619998931884766,43.70000076293945,45.220001220703125,45.06729507446289
2023-08-24,7541700,46.75,46.900001525878906,44.27999877929688,44.310001373291016,44.16036987304688
2023-08-23,6318400,45.11000061035156,46.459999084472656,45.06999969482422,46.220001220703125,46.06391906738281
2023-08-22,5216400,45.720001220703125,45.72999954223633,44.61000061035156,44.790000915527344,44.63874816894531
2023-08-21,5271700,44.59999847412109,45.400001525878906,43.93999862670898,45.18000030517578,45.02742767333984
2023-08-18,6444000,43.36000061035156,44.63999938964844,43.2599983215332,44.29999923706055,44.15039825439453
2023-08-17,6629100,45.7599983215332,45.869998931884766,44.11000061035156,44.27999877929688,44.130470275878906
2023-08-16,6477500,46.25,46.790000915527344,45.33000183105469,45.34000015258789,45.1868896484375
2023-08-15,7037900,47.459999084472656,47.59999847412109,46.209999084472656,46.43999862670898,46.28317260742188
2023-08-14,4629300,47.02000045776367,48.09000015258789,46.90999984741211,48.060001373291016,47.897705078125
2023-08-11,6752000,46.790000915527344,47.65999984741211,46.59000015258789,47.33000183105469,47.170169830322266
2023-08-10,12200100,48.16999816894531,49.27999877929688,47.04999923706055,47.41999816894531,47.259864807128906
2023-08-09,5819600,48.5099983215332,48.540000915527344,47.18000030517578,47.43000030517578,47.269832611083984
2023-08-08,6264300,48.18000030517578,48.56999969482422,47.290000915527344,48.400001525878906,48.23655700683594
2023-08-07,4888400,48.43000030517578,49.130001068115234,48.20000076293945,49.060001373291016,48.894325256347656
2023-08-04,7619100,49.09999847412109,49.81999969482422,47.66999816894531,47.84999847412109,47.68841171264648
2023-08-03,5749400,48.25,49.150001525878906,48.040000915527344,48.52999877929688,48.36611557006836
2023-08-02,7270600,50.02999877929688,50.130001068115234,48.72999954223633,49.0099983215332,48.8444938659668
2023-08-01,3734500,51.08000183105469,51.400001525878906,50.81999969482422,51.130001068115234,50.95733642578125
2023-07-31,4184400,51.5,51.7400016784668,51.02999877929688,51.619998931884766,51.4456787109375
2023-07-28,4961900,50.970001220703125,51.619998931884766,50.72999954223633,51.33000183105469,51.15666580200195
2023-07-27,6969400,52.06999969482422,52.220001220703125,49.58000183105469,49.900001525878906,49.73149108886719
2023-07-26,5685100,50.61000061035156,51.43999862670898,50.22999954223633,50.93000030517578,50.75801086425781
2023-07-25,3712500,50.40999984741211,51.369998931884766,50.40999984741211,50.95000076293945,50.77794647216797
2023-07-24,3743400,50.27999877929688,50.81999969482422,50.08000183105469,50.560001373291016,50.38926315307617
2023-07-21,4474200,50.5099983215332,50.560001373291016,49.88999938964844,49.90999984741211,49.741455078125
2023-07-20,6093600,50.56999969482422,50.900001525878906,49.68000030517578,49.93000030517578,49.76138687133789
2023-07-19,5167700,50.91999816894531,51.38999938964844,50.70000076293945,50.959999084472656,50.78790664672852
2023-07-18,4749500,49.43999862670898,50.88999938964844,49.29999923706055,50.66999816894531,50.4988899230957
2023-07-17,3391600,48.97999954223633,49.93000030517578,48.97999954223633,49.560001373291016,49.39263916015625
2023-07-14,6045600,49.47999954223633,49.77000045776367,48.81999969482422,49.060001373291016,48.894325256347656
2023-07-13,4276000,48.66999816894531,49.459999084472656,48.52000045776367,49.18000030517578,49.013919830322266
2023-07-12,6678100,48.22999954223633,48.560001373291016,47.7400016784668,48.06999969482422,47.90766906738281
2023-07-11,5094100,46.34000015258789,47.130001068115234,46.02999877929688,47.0,46.84128189086914
2023-07-10,4303400,45.630001068115234,46.16999816894531,45.459999084472656,46.11000061035156,45.954288482666016
2023-07-07,5661200,45.790000915527344,47.060001373291016,45.70000076293945,45.77000045776367,45.61543655395508
2023-07-06,5849500,46.04999923706055,46.27999877929688,45.29999923706055,46.16999816894531,46.01408386230469
2023-07-05,3980700,46.90999984741211,47.540000915527344,46.900001525878906,47.310001373291016,47.150238037109375
2023-07-03,2324000,47.27000045776367,47.619998931884766,47.15999984741211,47.59000015258789,47.429290771484375
2023-06-30,5430400,46.79999923706055,47.70000076293945,46.709999084472656,47.380001068115234,47.220001220703125
2023-06-29,5866300,45.150001525878906,45.84999847412109,45.0,45.790000915527344,45.635372161865234
2023-06-28,6275200,44.869998931884766,45.630001068115234,44.68999862670898,45.29999923706055,45.14702224731445
2023-06-27,5292600,44.11000061035156,45.45000076293945,43.95000076293945,45.22999954223633,45.0772590637207
2023-06-26,5154900,44.209999084472656,44.79999923706055,43.75,43.84000015258789,43.69195556640625
2023-06-23,6262800,44.29999923706055,44.970001220703125,44.15999984741211,44.40999984741211,44.26002883911133
2023-06-22,4837000,44.65999984741211,45.459999084472656,44.52000045776367,45.43000030517578,45.27658462524414
2023-06-21,5909600,45.380001068115234,45.630001068115234,44.79999923706055,45.0,44.84803771972656
2023-06-20,5274300,45.93000030517578,46.22999954223633,45.16999816894531,45.88999938964844,45.590518951416016
2023-06-16,6522400,47.75,47.77999877929688,46.45000076293945,46.619998931884766,46.31575775146485
2023-06-15,7451600,45.15999984741211,47.4900016784668,45.09999847412109,47.08000183105469,46.77275848388672
2023-06-14,9198600,45.40999984741211,46.040000915527344,44.34000015258789,45.43999862670898,45.14345932006836
2023-06-13,6692500,44.91999816894531,45.52000045776367,44.68999862670898,45.31999969482422,45.02424240112305
2023-06-12,4577800,43.56999969482422,44.459999084472656,43.34000015258789,44.43000030517578,44.14005279541016
2023-06-09,5940500,43.310001373291016,43.900001525878906,42.970001220703125,43.2599983215332,42.977684020996094
2023-06-08,4388600,42.31999969482422,43.18999862670898,42.08000183105469,43.06999969482422,42.78892517089844
2023-06-07,6945400,42.91999816894531,43.2599983215332,42.20000076293945,42.34000015258789,42.06369018554688
2023-06-06,4814600,42.38999938964844,42.959999084472656,42.18000030517578,42.77999877929688,42.50081253051758
2023-06-05,5249000,42.88999938964844,43.27000045776367,42.29999923706055,42.5,42.2226448059082
2023-06-02,9215100,41.79999923706055,43.02999877929688,41.630001068115234,42.790000915527344,42.5107536315918
2023-06-01,6797900,39.95000076293945,41.33000183105469,39.56999969482422,41.0099983215332,40.74237060546875
2023-05-31,7848200,40.040000915527344,40.33000183105469,39.45000076293945,39.900001525878906,39.63961410522461
2023-05-30,6778100,41.13999938964844,41.310001373291016,40.18999862670898,40.59999847412109,40.33504104614258
2023-05-26,7332000,39.2400016784668,40.790000915527344,39.2400016784668,40.58000183105469,40.31517791748047
2023-05-25,7184900,39.09000015258789,39.4900016784668,38.45000076293945,39.040000915527344,38.78522491455078
2023-05-24,9004400,38.5099983215332,38.61000061035156,37.790000915527344,38.13999938964844,37.89109802246094
2023-05-23,6440900,39.880001068115234,40.15999984741211,38.880001068115234,39.0099983215332,38.75542068481445
2023-05-22,5141500,40.34000015258789,40.83000183105469,39.959999084472656,40.34000015258789,40.07674407958984
2023-05-19,7087400,40.77999877929688,40.93999862670898,39.970001220703125,40.34000015258789,40.07674407958984
2023-05-18,7849500,39.310001373291016,40.650001525878906,39.22999954223633,40.540000915527344,40.27543640136719
2023-05-17,7160400,38.619998931884766,39.59999847412109,38.13999938964844,39.400001525878906,39.14287567138672
2023-05-16,6093100,38.5099983215332,38.77000045776367,38.04999923706055,38.04999923706055,37.80168533325195
2023-05-15,5116700,38.63999938964844,38.959999084472656,38.06999969482422,38.83000183105469,38.57659530639648
2023-05-12,7040600,38.97999954223633,39.02999877929688,37.7400016784668,38.47999954223633,38.22887802124024
2023-05-11,7251000,38.58000183105469,38.70000076293945,38.0099983215332,38.630001068115234,38.37790298461914
2023-05-10,10305400,39.16999816894531,39.34000015258789,37.75,38.86000061035156,38.60639953613281
2023-05-09,4865900,38.380001068115234,38.66999816894531,38.2599983215332,38.34000015258789,38.08979415893555
2023-05-08,4808400,38.90999984741211,38.9900016784668,38.459999084472656,38.869998931884766,38.6163330078125
2023-05-05,8214000,37.84999847412109,39.13999938964844,37.77000045776367,38.81999969482422,38.5666618347168
2023-05-04,10457000,37.290000915527344,37.38999938964844,36.41999816894531,36.83000183105469,36.58964920043945
2023-05-03,12042800,38.59000015258789,39.290000915527344,37.58000183105469,37.65999984741211,37.41423034667969
2023-05-02,10968200,39.59999847412109,39.59999847412109,37.59000015258789,38.47999954223633,38.22887802124024
2023-05-01,4993600,39.810001373291016,40.41999816894531,39.7400016784668,39.81999969482422,39.56013488769531
2023-04-28,8380300,38.709999084472656,39.959999084472656,38.68000030517578,39.959999084472656,39.69921875
2023-04-27,8052100,37.4900016784668,39.040000915527344,37.41999816894531,38.93999862670898,38.68587493896485
2023-04-26,8089100,37.47999954223633,37.7599983215332,36.63999938964844,36.810001373291016,36.56977844238281
2023-04-25,9033400,38.59000015258789,38.72999954223633,37.27999877929688,37.290000915527344,37.04664611816406
2023-04-24,4962200,39.0,39.290000915527344,38.59000015258789,39.18000030517578,38.924312591552734
2023-04-21,6885200,39.04999923706055,39.18999862670898,38.47999954223633,39.060001373291016,38.80509567260742
2023-04-20,6899700,38.77999877929688,39.5,38.52000045776367,38.970001220703125,38.71568298339844
2023-04-19,6380500,39.130001068115234,39.93000030517578,39.11000061035156,39.66999816894531,39.41111373901367
2023-04-18,7405300,40.09999847412109,40.130001068115234,39.27999877929688,39.709999084472656,39.45085144042969
2023-04-17,6360700,39.209999084472656,39.650001525878906,38.81999969482422,39.630001068115234,39.371376037597656
2023-04-14,8629600,39.31999969482422,39.9900016784668,38.540000915527344,39.2400016784668,38.983924865722656
2023-04-13,7516100,38.34999847412109,39.630001068115234,38.20000076293945,39.5099983215332,39.25215530395508
2023-04-12,11163300,39.13999938964844,39.209999084472656,37.880001068115234,38.08000183105469,37.83148956298828
2023-04-11,5864300,38.66999816894531,38.93999862670898,38.31999969482422,38.52000045776367,38.26861953735352
2023-04-10,7034700,37.65999984741211,38.540000915527344,37.47999954223633,38.52000045776367,38.26861953735352
2023-04-06,7192100,37.7400016784668,38.4900016784668,37.43000030517578,38.40999984741211,38.15933609008789
2023-04-05,8826400,38.060001373291016,38.27000045776367,37.4900016784668,37.9900016784668,37.74208068847656
2023-04-04,8313600,39.18999862670898,39.25,37.93000030517578,38.34000015258789,38.08979415893555
2023-04-03,11693100,38.40999984741211,39.11000061035156,38.27999877929688,38.970001220703125,38.71568298339844
2023-03-31,10767400,37.27999877929688,38.650001525878906,37.25,38.56999969482422,38.31829452514648
2023-03-30,8366400,37.150001525878906,37.18999862670898,36.47999954223633,37.02000045776367,36.77840805053711
2023-03-29,8166700,36.02999877929688,36.47999954223633,35.709999084472656,36.400001525878906,36.16245269775391
2023-03-28,8820100,34.959999084472656,35.13999938964844,34.400001525878906,34.90999984741211,34.68217468261719
2023-03-27,10769300,35.599998474121094,35.790000915527344,34.90999984741211,35.13999938964844,34.910675048828125
2023-03-24,13273300,33.959999084472656,35.0,33.29999923706055,34.970001220703125,34.741783142089844
2023-03-23,16455300,34.810001373291016,35.900001525878906,33.56999969482422,34.29999923706055,34.07615661621094
2023-03-22,12275300,35.86000061035156,36.84999847412109,34.040000915527344,34.08000183105469,33.85759735107422
2023-03-21,10055600,35.540000915527344,36.119998931884766,35.11000061035156,35.959999084472656,35.64286804199219
2023-03-20,10721300,33.849998474121094,34.7400016784668,33.68000030517578,34.630001068115234,34.32460021972656
2023-03-17,14697900,34.529998779296875,34.84000015258789,33.290000915527344,33.709999084472656,33.4127082824707
2023-03-16,16446100,32.540000915527344,34.970001220703125,32.38999938964844,34.88999938964844,34.58230209350586
2023-03-15,21041900,32.279998779296875,33.2400016784668,31.75,33.20000076293945,32.90721130371094
2023-03-14,14474600,33.540000915527344,34.27000045776367,32.650001525878906,33.84000015258789,33.541561126708984
2023-03-13,21660400,31.3700008392334,33.52000045776367,31.07999992370605,32.20000076293945,31.916030883789062
2023-03-10,27823300,33.709999084472656,34.279998779296875,31.979999542236328,32.41999816894531,32.13408660888672
2023-03-09,15767300,36.08000183105469,36.560001373291016,33.599998474121094,33.88999938964844,33.591121673583984
2023-03-08,10397600,35.77000045776367,36.11000061035156,35.27000045776367,35.90999984741211,35.59330749511719
2023-03-07,13710900,37.43999862670898,37.52999877929688,35.560001373291016,35.75,35.434715270996094
2023-03-06,8015900,37.650001525878906,38.310001373291016,37.34999847412109,37.47999954223633,37.14945983886719
2023-03-03,12577600,36.209999084472656,37.47999954223633,36.02000045776367,37.369998931884766,37.04043197631836
2023-03-02,11995300,34.31999969482422,35.93000030517578,34.25,35.68000030517578,35.36533737182617
2023-03-01,10215800,35.099998474121094,35.439998626708984,34.54999923706055,34.91999816894531,34.612037658691406
2023-02-28,8849000,35.61000061035156,36.150001525878906,35.310001373291016,35.33000183105469,35.01842498779297
2023-02-27,8582900,36.34000015258789,36.70000076293945,35.4900016784668,35.72999954223633,35.41489028930664
2023-02-24,13102800,35.119998931884766,35.630001068115234,34.650001525878906,35.38999938964844,35.0778923034668
2023-02-23,14245900,36.84999847412109,37.0,35.38999938964844,36.56999969482422,36.24748611450195
2023-02-22,14889400,36.33000183105469,36.75,35.630001068115234,36.06999969482422,35.751895904541016
2023-02-21,9930200,37.34999847412109,37.630001068115234,36.119998931884766,36.22999954223633,35.91048812866211
2023-02-17,9892500,38.20000076293945,38.61000061035156,37.630001068115234,38.540000915527344,38.20011138916016
2023-02-16,13014500,39.0099983215332,40.209999084472656,38.81999969482422,38.86000061035156,38.51729202270508
2023-02-15,7639700,39.52000045776367,40.61000061035156,39.27000045776367,40.560001373291016,40.20230102539063
2023-02-14,18494200,39.810001373291016,40.90999984741211,38.97999954223633,40.18999862670898,39.8355598449707
2023-02-13,10119300,39.119998931884766,40.29999923706055,38.959999084472656,40.25,39.8950309753418
2023-02-10,9314000,38.290000915527344,39.02999877929688,38.060001373291016,38.88999938964844,38.54702758789063
2023-02-09,11354500,40.79999923706055,40.81999969482422,38.290000915527344,38.68000030517578,38.33887481689453
2023-02-08,11120100,40.4900016784668,40.88999938964844,39.52000045776367,39.75,39.39944076538086
2023-02-07,15104600,39.2599983215332,41.459999084472656,38.880001068115234,41.09999847412109,40.7375373840332
2023-02-06,9688900,39.54999923706055,39.97999954223633,39.040000915527344,39.59000015258789,39.2408561706543
2023-02-03,16025100,40.08000183105469,41.68999862670898,39.91999816894531,40.29999923706055,39.9445915222168
2023-02-02,14382200,41.09999847412109,42.09000015258789,40.5,41.630001068115234,41.26286697387695
2023-02-01,14755700,38.34000015258789,40.75,37.52000045776367,39.90999984741211,39.55803298950195
2023-01-31,7990100,37.220001220703125,38.709999084472656,37.130001068115234,38.709999084472656,38.36861801147461
2023-01-30,8956400,37.720001220703125,38.380001068115234,37.0099983215332,37.11000061035156,36.7827262878418
2023-01-27,10621700,37.9900016784668,39.2599983215332,37.91999816894531,38.54999923706055,38.21002578735352
2023-01-26,11491400,37.84999847412109,38.34000015258789,36.9900016784668,38.27000045776367,37.9324951171875
2023-01-25,11463700,35.880001068115234,37.20000076293945,35.22999954223633,37.119998931884766,36.79263687133789
2023-01-24,7445500,36.7400016784668,37.34999847412109,36.369998931884766,37.08000183105469,36.75299072265625
2023-01-23,10939900,36.150001525878906,37.7599983215332,35.880001068115234,37.209999084472656,36.88184356689453
2023-01-20,10222900,34.40999984741211,35.970001220703125,33.970001220703125,35.900001525878906,35.58340072631836
2023-01-19,10568800,34.2400016784668,34.689998626708984,33.66999816894531,34.04999923706055,33.74970626831055
2023-01-18,10953300,36.91999816894531,37.209999084472656,34.779998779296875,34.86000061035156,34.55257034301758
2023-01-17,9069900,36.810001373291016,37.2599983215332,36.380001068115234,36.59000015258789,36.26731491088867
2023-01-13,8969300,35.459999084472656,36.95000076293945,35.380001068115234,36.790000915527344,36.46554946899414
2023-01-12,14066100,36.29999923706055,36.77999877929688,35.13999938964844,36.380001068115234,36.05916595458984
2023-01-11,8903500,35.18000030517578,36.04999923706055,34.93000030517578,36.0099983215332,35.69242858886719
2023-01-10,9266200,33.849998474121094,34.7400016784668,33.59000015258789,34.720001220703125,34.4138069152832
2023-01-09,11496200,34.66999816894531,35.54999923706055,33.959999084472656,34.029998779296875,33.729888916015625
2023-01-06,13922200,32.709999084472656,34.380001068115234,31.90999984741211,34.06999969482422,33.769535064697266
2023-01-05,12147600,32.52000045776367,32.540000915527344,31.75,31.90999984741211,31.62858390808105
2023-01-04,11186200,32.90999984741211,33.61000061035156,32.119998931884766,33.04999923706055,32.75852966308594
2023-01-03,13371300,33.27000045776367,33.77000045776367,31.559999465942383,32.34000015258789,32.05479049682617
2022-12-30,11616200,32.29999923706055,32.790000915527344,31.729999542236328,32.77000045776367,32.48100280761719
2022-12-29,14159700,32.08000183105469,33.25,31.940000534057617,32.9900016784668,32.699058532714844
2022-12-28,11445900,32.59000015258789,33.099998474121094,31.32999992370605,31.38999938964844,31.113170623779297
2022-12-27,8897400,32.97999954223633,33.060001373291016,32.150001525878906,32.61000061035156,32.32240676879883
2022-12-23,12097000,32.18000030517578,33.040000915527344,31.770000457763672,32.97999954223633,32.68914794921875
2022-12-22,19509400,33.06999969482422,33.150001525878906,30.88999938964844,32.4900016784668,32.20347213745117
2022-12-21,10598800,33.34000015258789,34.400001525878906,33.18000030517578,34.09000015258789,33.65456008911133
2022-12-20,10743100,32.29999923706055,33.06999969482422,31.959999084472656,32.619998931884766,32.20333480834961
2022-12-19,10228100,33.400001525878906,33.5,32.06999969482422,32.52000045776367,32.1046142578125
2022-12-16,12182700,33.900001525878906,34.2599983215332,32.77000045776367,33.369998931884766,32.943756103515625
2022-12-15,14922600,35.939998626708984,36.18999862670898,34.119998931884766,34.630001068115234,34.18765640258789
2022-12-14,17369500,38.02000045776367,39.16999816894531,36.5099983215332,37.40999984741211,36.9321517944336
2022-12-13,23598600,40.459999084472656,40.4900016784668,37.33000183105469,38.11000061035156,37.62321472167969
2022-12-12,8200000,35.9900016784668,37.29999923706055,35.790000915527344,37.29999923706055,36.82355117797852
2022-12-09,11692300,36.22999954223633,36.970001220703125,35.72999954223633,35.7599983215332,35.30322265625
2022-12-08,14053400,36.27000045776367,36.88999938964844,35.83000183105469,36.59999847412109,36.13249206542969
2022-12-07,11443100,35.689998626708984,36.459999084472656,35.45000076293945,35.779998779296875,35.32297134399414
2022-12-06,11008500,37.540000915527344,37.70000076293945,35.34000015258789,35.97999954223633,35.520416259765625
2022-12-05,13138300,38.900001525878906,39.20000076293945,37.209999084472656,37.59000015258789,37.1098518371582
2022-12-02,10559000,38.38999938964844,40.04999923706055,38.369998931884766,39.7599983215332,39.25213241577149
2022-12-01,12623600,40.369998931884766,40.709999084472656,39.150001525878906,39.93000030517578,39.41996383666992
2022-11-30,17124100,36.65999984741211,40.0,36.09000015258789,39.9900016784668,39.47919464111328
2022-11-29,8459100,36.83000183105469,37.15999984741211,36.04999923706055,36.58000183105469,36.112754821777344
2022-11-28,7842700,37.70000076293945,38.209999084472656,36.56999969482422,36.81999969482422,36.34968566894531
2022-11-25,2726000,38.52000045776367,38.83000183105469,38.43000030517578,38.63999938964844,38.14643859863281
2022-11-23,9312800,37.86000061035156,38.84000015258789,37.810001373291016,38.68000030517578,38.1859245300293
2022-11-22,10610100,37.09000015258789,38.04999923706055,36.68000030517578,38.0099983215332,37.52448272705078
2022-11-21,6463000,36.560001373291016,36.88999938964844,36.0,36.540000915527344,36.0732650756836
2022-11-18,11520400,37.45000076293945,37.45000076293945,36.130001068115234,36.959999084472656,36.48789978027344
2022-11-17,11901300,35.40999984741211,36.65999984741211,35.31999969482422,36.470001220703125,36.004154205322266
2022-11-16,8990700,37.22999954223633,37.5,36.65999984741211,36.869998931884766,36.3990478515625
2022-11-15,18012000,38.470001220703125,38.79999923706055,36.61000061035156,37.75,37.26780700683594
2022-11-14,11806300,37.2400016784668,38.22999954223633,36.720001220703125,36.81999969482422,36.34968566894531
2022-11-11,15045900,36.970001220703125,38.0,36.40999984741211,37.77999877929688,37.29742431640625
2022-11-10,19784800,34.97999954223633,36.79999923706055,34.40999984741211,36.68999862670898,36.22134780883789
2022-11-09,13833200,33.0,33.349998474121094,31.3799991607666,31.51000022888184,31.107511520385746
2022-11-08,16032100,33.38999938964844,34.439998626708984,32.5,33.61000061035156,33.180686950683594
2022-11-07,12186700,32.52000045776367,33.25,31.96999931335449,33.11000061035156,32.68707656860352
2022-11-04,21279300,32.33000183105469,32.81999969482422,30.600000381469727,32.18000030517578,31.76895523071289
2022-11-03,19157700,30.96999931335449,31.670000076293945,30.290000915527344,30.84000015258789,30.44607353210449
2022-11-02,22382600,34.31999969482422,35.59000015258789,31.850000381469727,31.8799991607666,31.47278594970703
2022-11-01,13091100,36.0,36.08000183105469,34.13999938964844,34.5,34.0593147277832
2022-10-31,15301700,35.0,35.54999923706055,34.68000030517578,34.959999084472656,34.51344299316406
2022-10-28,16002400,33.31999969482422,35.880001068115234,33.279998779296875,35.709999084472656,35.25386428833008
2022-10-27,14456300,34.220001220703125,34.70000076293945,33.189998626708984,33.369998931884766,32.943756103515625
2022-10-26,17531000,33.83000183105469,35.439998626708984,33.7599983215332,33.959999084472656,33.52621841430664
2022-10-25,17358700,33.119998931884766,34.810001373291016,33.09000015258789,34.72999954223633,34.286380767822266
2022-10-24,16027100,32.400001525878906,33.45000076293945,31.670000076293945,33.130001068115234,32.706825256347656
2022-10-21,17892400,29.71999931335449,32.099998474121094,29.350000381469727,31.96999931335449,31.56163787841797
2022-10-20,14523000,30.46999931335449,31.61000061035156,29.61000061035156,29.81999969482422,29.439096450805664
2022-10-19,13506600,30.71999931335449,31.459999084472656,29.86000061035156,30.6299991607666,30.238752365112305
2022-10-18,24385600,32.29999923706055,32.349998474121094,30.39999961853028,31.11000061035156,30.712623596191406
2022-10-17,14569300,29.59000015258789,30.5,29.559999465942383,30.209999084472656,29.824115753173828
2022-10-14,20903700,30.790000915527344,31.190000534057617,27.920000076293945,28.07999992370605,27.721324920654297
2022-10-13,26105100,26.200000762939453,30.5,25.940000534057617,30.13999938964844,29.75501251220703
2022-10-12,12269400,28.32999992370605,28.729999542236328,27.89999961853028,27.96999931335449,27.61273193359375
2022-10-11,17495800,28.3799991607666,29.51000022888184,27.75,28.229999542236328,27.869409561157227
2022-10-10,15989100,29.75,29.81999969482422,28.21999931335449,28.84000015258789,28.47161865234375
2022-10-07,16822600,31.06999969482422,31.15999984741211,29.0,29.489999771118164,29.11331558227539
2022-10-06,14380900,32.79999923706055,33.63999938964844,32.029998779296875,32.18000030517578,31.76895523071289
2022-10-05,18489300,32.2599983215332,33.869998931884766,31.600000381469727,33.209999084472656,32.78579330444336
2022-10-04,17376100,32.08000183105469,33.47999954223633,32.06999969482422,33.470001220703125,33.04248046875
2022-10-03,14928900,29.32999992370605,31.11000061035156,28.8799991607666,30.64999961853028,30.25849723815918
2022-09-30,18747300,29.56999969482422,30.549999237060547,28.38999938964844,28.40999984741211,28.047107696533203
2022-09-29,19154500,30.82999992370605,30.90999984741211,29.0,29.780000686645508,29.39961242675781
2022-09-28,15903300,30.299999237060547,32.25,29.84000015258789,31.780000686645508,31.37406349182129
2022-09-27,19343600,31.21999931335449,31.790000915527344,29.420000076293945,30.059999465942383,29.676034927368164
2022-09-26,16036400,30.82999992370605,31.780000686645508,29.950000762939453,30.280000686645508,29.89322280883789
2022-09-23,16917500,31.89999961853028,31.93000030517578,30.0,31.200000762939453,30.80147171020508
2022-09-22,12424500,33.5,33.79999923706055,32.66999816894531,32.88999938964844,32.469879150390625
2022-09-21,16503800,36.18999862670898,37.06999969482422,33.7599983215332,33.7599983215332,33.32877349853516
2022-09-20,12608600,35.90999984741211,36.18999862670898,34.79999923706055,35.65999984741211,35.20450592041016
2022-09-19,9851800,35.13999938964844,36.900001525878906,35.119998931884766,36.88999938964844,36.418792724609375
2022-09-16,11593600,35.650001525878906,36.27000045776367,35.09000015258789,36.09999847412109,35.638877868652344
2022-09-15,10567900,37.720001220703125,38.619998931884766,36.52999877929688,36.95000076293945,36.47802734375
2022-09-14,6772200,38.22999954223633,38.709999084472656,37.25,38.2400016784668,37.751556396484375
2022-09-13,11696500,40.58000183105469,41.0,37.470001220703125,37.86000061035156,37.376407623291016
2022-09-12,7244800,42.84999847412109,43.7599983215332,42.75,43.5099983215332,42.95423126220703
2022-09-09,7645900,41.02999877929688,42.43999862670898,40.91999816894531,42.15999984741211,41.62147521972656
2022-09-08,12543600,38.77000045776367,40.43000030517578,38.43000030517578,40.290000915527344,39.77536392211914
2022-09-07,8421900,37.43000030517578,39.77000045776367,37.380001068115234,39.540000915527344,39.034942626953125
2022-09-06,10780300,38.220001220703125,38.5,36.84999847412109,37.52999877929688,37.05061721801758
2022-09-02,14563100,40.380001068115234,40.75,37.38999938964844,37.97999954223633,37.49486541748047
2022-09-01,12426000,38.15999984741211,39.31999969482422,37.33000183105469,39.209999084472656,38.70915603637695
2022-08-31,8803800,40.310001373291016,40.70000076293945,38.84000015258789,38.869998931884766,38.37350082397461
2022-08-30,8926700,41.540000915527344,41.61000061035156,39.130001068115234,39.79999923706055,39.2916259765625
2022-08-29,5511500,41.02000045776367,42.16999816894531,40.72999954223633,41.18000030517578,40.653995513916016
2022-08-26,11974100,46.7400016784668,46.91999816894531,42.0,42.0,41.463523864746094
2022-08-25,6910500,45.380001068115234,46.79999923706055,45.02999877929688,46.77999877929688,46.182464599609375
2022-08-24,6117000,44.38999938964844,45.369998931884766,44.16999816894531,44.869998931884766,44.29685974121094
2022-08-23,7140900,44.63999938964844,45.4900016784668,44.29999923706055,44.4900016784668,43.92171478271485
2022-08-22,8335700,46.06999969482422,46.130001068115234,44.4900016784668,44.83000183105469,44.25736999511719
2022-08-19,6570600,48.83000183105469,48.91999816894531,47.5,47.84999847412109,47.2387924194336
2022-08-18,5618600,49.47999954223633,50.09999847412109,49.0099983215332,49.84000015258789,49.2033805847168
2022-08-17,7784100,49.18999862670898,50.45000076293945,48.70000076293945,49.43999862670898,48.8084831237793
2022-08-16,6616700,49.84999847412109,51.25,49.540000915527344,50.52999877929688,49.88456344604492
2022-08-15,6238100,48.79999923706055,50.43000030517578,48.79999923706055,50.2400016784668,49.598270416259766
2022-08-12,5762700,47.93999862670898,49.66999816894531,47.59999847412109,49.630001068115234,48.99606323242188
2022-08-11,6599000,48.25,48.91999816894531,47.0,47.2599983215332,46.65633392333984
2022-08-10,7920200,46.88999938964844,47.33000183105469,46.2400016784668,47.25,46.646461486816406
2022-08-09,5361600,44.79999923706055,44.93000030517578,44.11000061035156,44.470001220703125,43.9019775390625
2022-08-08,7120700,45.77000045776367,46.54999923706055,44.65999984741211,45.04999923706055,44.47455978393555
2022-08-05,8026800,43.95000076293945,45.41999816894531,43.93000030517578,45.18000030517578,44.6029052734375
2022-08-04,6924700,45.5099983215332,45.7400016784668,44.86000061035156,45.43999862670898,44.85958099365234
2022-08-03,7469700,44.2400016784668,45.95000076293945,44.13999938964844,45.52000045776367,44.93856048583984
2022-08-02,9022800,43.86000061035156,45.119998931884766,43.119998931884766,43.540000915527344,42.98385238647461
2022-08-01,8307800,43.880001068115234,45.27000045776367,43.650001525878906,44.400001525878906,43.83286666870117
2022-07-29,8342600,43.45000076293945,45.150001525878906,43.16999816894531,44.84999847412109,44.27711486816406
2022-07-28,10002200,41.650001525878906,43.15999984741211,40.4900016784668,42.93999862670898,42.39151382446289
2022-07-27,10855200,39.41999816894531,41.93000030517578,39.34000015258789,41.38999938964844,40.86131286621094
2022-07-26,7153100,39.31999969482422,39.369998931884766,38.130001068115234,38.400001525878906,37.90950393676758
2022-07-25,6359400,39.88999938964844,40.09999847412109,39.130001068115234,39.84000015258789,39.33110809326172
2022-07-22,9853800,40.869998931884766,41.25,38.97999954223633,39.7400016784668,39.23238754272461
2022-07-21,11227000,39.43000030517578,40.84999847412109,38.68000030517578,40.83000183105469,40.30846786499024
2022-07-20,13295900,38.93999862670898,40.09000015258789,38.540000915527344,39.619998931884766,39.11391830444336
2022-07-19,9987000,37.16999816894531,39.06999969482422,36.970001220703125,38.88999938964844,38.39324569702149
2022-07-18,9121600,37.84000015258789,38.060001373291016,35.630001068115234,36.0099983215332,35.55003356933594
2022-07-15,12550400,36.209999084472656,36.95000076293945,35.65999984741211,36.93999862670898,36.46815490722656
2022-07-14,11869300,33.720001220703125,35.099998474121094,33.0,34.93000030517578,34.483829498291016
2022-07-13,12728700,34.15999984741211,36.06999969482422,34.029998779296875,35.209999084472656,34.76025390625
2022-07-12,9289400,36.59000015258789,37.290000915527344,35.25,35.779998779296875,35.32297134399414
2022-07-11,7584000,37.2400016784668,37.52999877929688,36.540000915527344,36.7599983215332,36.29045104980469
2022-07-08,8808800,37.630001068115234,38.650001525878906,37.18000030517578,38.08000183105469,37.59358978271485
2022-07-07,7805800,37.06999969482422,38.400001525878906,37.060001373291016,38.150001525878906,37.662696838378906
2022-07-06,9897700,36.209999084472656,37.27999877929688,35.5,36.540000915527344,36.0732650756836
2022-07-05,11786200,34.459999084472656,36.18999862670898,33.61000061035156,36.15999984741211,35.698116302490234
2022-07-01,11727300,34.689998626708984,36.09999847412109,33.93000030517578,35.95000076293945,35.49079895019531
2022-06-30,13581100,34.619998931884766,35.84000015258789,33.560001373291016,34.869998931884766,34.42459487915039
2022-06-29,10002200,36.0099983215332,36.33000183105469,35.22999954223633,35.779998779296875,35.32297134399414
2022-06-28,13583100,38.66999816894531,39.54999923706055,35.81999969482422,35.90999984741211,35.45131301879883
2022-06-27,9407900,38.959999084472656,39.02999877929688,37.869998931884766,38.2599983215332,37.77128601074219
2022-06-24,11085900,36.2400016784668,38.650001525878906,36.220001220703125,38.63999938964844,38.14643859863281
2022-06-23,12507100,34.900001525878906,35.5099983215332,33.880001068115234,35.290000915527344,34.839229583740234
2022-06-22,12004900,33.2599983215332,35.5,33.150001525878906,34.290000915527344,33.85200500488281
2022-06-21,8654200,33.65999984741211,34.880001068115234,33.63999938964844,34.5,34.0593147277832
2022-06-17,14458000,32.0,33.0,31.1200008392334,32.06999969482422,31.66036033630371
2022-06-16,17307200,32.970001220703125,33.08000183105469,31.15999984741211,32.0,31.591251373291016
2022-06-15,19453000,34.900001525878906,36.70000076293945,33.4900016784668,35.38999938964844,34.93795394897461
2022-06-14,14149800,34.79999923706055,35.08000183105469,33.06999969482422,33.959999084472656,33.52621841430664
2022-06-13,14471400,35.7599983215332,36.31999969482422,33.790000915527344,34.29999923706055,33.86187744140625
2022-06-10,12564700,40.34000015258789,40.619998931884766,38.68999862670898,38.72999954223633,38.23528671264648
2022-06-09,8270800,45.08000183105469,45.86000061035156,42.43000030517578,42.43999862670898,41.89789581298828
2022-06-08,8121600,46.630001068115234,47.27999877929688,45.41999816894531,45.72999954223633,45.1458740234375
2022-06-07,8331100,44.70000076293945,47.41999816894531,44.540000915527344,47.2400016784668,46.63658905029297
2022-06-06,9246800,46.93999862670898,47.54999923706055,45.540000915527344,45.91999816894531,45.33344650268555
2022-06-03,10181200,46.16999816894531,46.7400016784668,45.18999862670898,45.54999923706055,44.968170166015625
2022-06-02,9721100,45.27999877929688,47.91999816894531,44.459999084472656,47.880001068115234,47.26841354370117
2022-06-01,11944400,47.209999084472656,47.560001373291016,44.41999816894531,45.34999847412109,44.77072525024414
2022-05-31,12234800,46.650001525878906,47.65999984741211,45.470001220703125,46.45000076293945,45.85668182373047
2022-05-27,11222600,44.86000061035156,47.29999923706055,44.810001373291016,47.27999877929688,46.67607498168945
2022-05-26,11838400,41.93999862670898,44.560001373291016,41.880001068115234,44.02999877929688,43.467586517333984
2022-05-25,13223200,39.970001220703125,42.18999862670898,39.869998931884766,41.59000015258789,41.05875778198242
2022-05-24,12892500,40.04999923706055,40.869998931884766,38.29999923706055,40.5,39.98268127441406
2022-05-23,14227700,40.20000076293945,41.66999816894531,39.45000076293945,41.45000076293945,40.9205436706543
2022-05-20,16970300,40.33000183105469,40.4900016784668,36.47999954223633,39.22999954223633,38.72890090942383
2022-05-19,12146700,38.90999984741211,40.59999847412109,38.470001220703125,39.15999984741211,38.6598014831543
2022-05-18,12196000,43.81999969482422,43.91999816894531,39.5099983215332,39.97999954223633,39.46932601928711
2022-05-17,11503900,44.900001525878906,45.5099983215332,43.59000015258789,45.38999938964844,44.81021881103516
2022-05-16,10006900,42.7599983215332,44.04999923706055,41.97999954223633,42.83000183105469,42.28291702270508
2022-05-13,15028100,41.790000915527344,43.77999877929688,41.43999862670898,43.33000183105469,42.77653121948242
2022-05-12,20483000,39.52000045776367,41.4900016784668,38.209999084472656,40.43999862670898,39.92344665527344
2022-05-11,19481200,42.25,44.18999862670898,40.33000183105469,40.58000183105469,40.06166458129883
2022-05-10,15112600,44.36000061035156,44.84000015258789,41.2599983215332,42.59999847412109,42.05585861206055
2022-05-09,17618200,44.68999862670898,45.130001068115234,41.77999877929688,42.369998931884766,41.82879638671875
2022-05-06,15267700,46.77000045776367,48.040000915527344,44.88999938964844,46.869998931884766,46.27131271362305
2022-05-05,18436800,51.709999084472656,51.7400016784668,46.08000183105469,47.7400016784668,47.13020706176758
2022-05-04,16068600,49.18000030517578,53.59000015258789,47.97999954223633,53.380001068115234,52.69816207885742
2022-05-03,12159300,48.43999862670898,49.810001373291016,47.869998931884766,48.93999862670898,48.31487274169922
2022-05-02,14769100,47.41999816894531,48.7599983215332,45.02000045776367,48.290000915527344,47.67317962646485
2022-04-29,14815700,51.72999954223633,52.59999847412109,47.130001068115234,47.459999084472656,46.85377502441406
2022-04-28,12990600,51.369998931884766,53.970001220703125,49.68999862670898,53.29999923706055,52.61918258666992
2022-04-27,16340700,49.59000015258789,51.59000015258789,48.77999877929688,49.54999923706055,48.91707992553711
2022-04-26,13666400,52.810001373291016,52.90999984741211,49.150001525878906,49.18999862670898,48.56167602539063
2022-04-25,16519700,52.040000915527344,53.900001525878906,50.2400016784668,53.84000015258789,53.15228271484375
2022-04-22,11662500,57.22999954223633,57.34999847412109,52.709999084472656,52.9900016784668,52.31314468383789
2022-04-21,10186600,61.959999084472656,62.619998931884766,57.310001373291016,57.68999862670898,56.95310974121094
2022-04-20,8901900,61.310001373291016,61.58000183105469,59.90999984741211,60.380001068115234,59.60874938964844
2022-04-19,7842600,57.70000076293945,60.84999847412109,57.63999938964844,60.52000045776367,59.74695587158203
2022-04-18,7283300,57.2599983215332,58.45000076293945,56.83000183105469,57.75,57.0123405456543
2022-04-14,8504800,60.04999923706055,60.5099983215332,57.650001525878906,57.72999954223633,56.99259567260742
2022-04-13,8523800,57.83000183105469,60.22999954223633,57.77000045776367,59.93000030517578,59.164493560791016
2022-04-12,11892500,59.86000061035156,60.93000030517578,57.310001373291016,57.95000076293945,57.20978546142578
2022-04-11,7495800,60.34999847412109,60.709999084472656,58.400001525878906,58.630001068115234,57.88109970092773
2022-04-08,8792700,61.959999084472656,63.060001373291016,61.11000061035156,61.86000061035156,61.06984329223633
2022-04-07,10488700,60.9900016784668,63.09999847412109,60.130001068115234,62.29999923706055,61.50422286987305
2022-04-06,13197200,61.54999923706055,62.38999938964844,60.08000183105469,61.400001525878906,60.61572265625
2022-04-05,8283600,65.12999725341797,66.20999908447266,62.75,63.33000183105469,62.52106094360352
2022-04-04,7030600,64.19000244140625,65.79000091552734,63.84000015258789,65.7699966430664,64.92988586425781
2022-04-01,8822300,64.30999755859375,64.36000061035156,62.540000915527344,64.08000183105469,63.2614860534668
2022-03-31,9363200,66.37000274658203,66.69000244140625,63.54999923706055,63.630001068115234,62.81723403930664
2022-03-30,7682100,67.43000030517578,67.77999877929688,65.69000244140625,66.72000122070312,65.86775970458984
2022-03-29,8241200,67.26000213623047,68.16000366210938,66.06999969482422,67.97000122070312,67.10179901123047
2022-03-28,7579400,63.86000061035156,65.51000213623047,63.02999877929688,65.48999786376953,64.65347290039062
2022-03-25,6121400,63.52000045776367,64.27999877929688,62.369998931884766,64.12999725341797,63.31084060668945
2022-03-24,6296200,61.34000015258789,63.209999084472656,60.900001525878906,63.18000030517578,62.37298202514648
2022-03-23,6633900,61.810001373291016,62.459999084472656,60.47999954223633,60.5,59.72721099853516
2022-03-22,6256200,61.459999084472656,63.369998931884766,61.459999084472656,62.93000030517578,62.09162521362305
2022-03-21,7567400,60.81999969482422,61.68999862670898,59.31999969482422,60.84999847412109,60.03933334350586
2022-03-18,8160200,58.29999923706055,61.02000045776367,57.97999954223633,60.84999847412109,60.03933334350586
2022-03-17,7959800,55.9900016784668,58.97999954223633,55.880001068115234,58.90999984741211,58.12517547607422
2022-03-16,11178900,54.630001068115234,56.84999847412109,52.75,56.77999877929688,56.023555755615234
2022-03-15,8322900,50.97999954223633,53.52999877929688,50.47999954223633,53.29999923706055,52.58991622924805
2022-03-14,8062500,51.43000030517578,52.7400016784668,49.540000915527344,50.0,49.33387756347656
2022-03-11,9386000,54.130001068115234,54.369998931884766,50.91999816894531,51.13999938964844,50.45869445800781
2022-03-10,8340900,52.0,53.5099983215332,51.2400016784668,53.130001068115234,52.42218399047852
2022-03-09,11559000,53.11000061035156,54.630001068115234,52.2400016784668,53.900001525878906,53.18192672729492
2022-03-08,18218400,51.119998931884766,53.869998931884766,49.45000076293945,49.84999847412109,49.18587493896485
2022-03-07,14190000,55.7599983215332,55.86000061035156,51.02000045776367,51.060001373291016,50.37975692749024
2022-03-04,11194300,55.84999847412109,56.470001220703125,54.290000915527344,56.040000915527344,55.29341125488281
2022-03-03,11393600,59.290000915527344,59.560001373291016,56.66999816894531,57.43000030517578,56.66489791870117
2022-03-02,12647700,56.18000030517578,58.93000030517578,55.86000061035156,58.27999877929688,57.50356674194336
2022-03-01,12756500,57.31999969482422,58.11000061035156,54.11000061035156,55.27999877929688,54.54353713989258
2022-02-28,14717800,56.040000915527344,58.5099983215332,55.52000045776367,57.84000015258789,57.069435119628906
2022-02-25,12999100,55.209999084472656,58.380001068115234,54.58000183105469,58.290000915527344,57.51343536376953
2022-02-24,20427300,48.2400016784668,54.88999938964844,48.13999938964844,54.720001220703125,53.991004943847656
2022-02-23,12299700,56.4900016784668,56.7400016784668,52.13999938964844,52.290000915527344,51.59336853027344
2022-02-22,11100100,56.25,57.65999984741211,53.84999847412109,55.369998931884766,54.63233947753906
2022-02-18,7960800,58.45000076293945,58.95000076293945,56.209999084472656,57.18999862670898,56.42809677124024
2022-02-17,8155800,60.900001525878906,61.119998931884766,58.040000915527344,58.36000061035156,57.5825080871582
2022-02-16,7204300,61.209999084472656,62.91999816894531,60.34999847412109,62.310001373291016,61.47988128662109
2022-02-15,6575900,61.16999816894531,62.16999816894531,60.93000030517578,62.06999969482422,61.24308013916016
2022-02-14,10146900,59.59000015258789,60.290000915527344,57.7400016784668,59.2599983215332,58.47051239013672
2022-02-11,12311000,63.63999938964844,64.56999969482422,59.20000076293945,59.84999847412109,59.05265045166016
2022-02-10,11250500,64.51000213623047,67.30999755859375,62.68000030517578,63.63999938964844,62.79216003417969
2022-02-09,6949900,66.2699966430664,67.33999633789062,66.1500015258789,67.19999694824219,66.30472564697266
2022-02-08,6977300,62.61000061035156,64.83000183105469,62.0099983215332,64.37000274658203,63.5124397277832
2022-02-07,7937700,63.83000183105469,64.44999694824219,62.27000045776367,62.86000061035156,62.02255630493164
2022-02-04,10979900,62.52999877929688,65.19000244140625,61.45000076293945,63.5099983215332,62.66389465332031
2022-02-03,9946000,64.5199966430664,65.43000030517578,62.220001220703125,62.63999938964844,61.80548095703125
2022-02-02,11025200,66.55000305175781,67.70999908447266,65.5199966430664,67.37999725341797,66.48233795166016
2022-02-01,10517000,64.54000091552734,65.7699966430664,62.90999984741211,65.56999969482422,64.69644927978516
2022-01-31,9906100,60.56999969482422,64.33000183105469,60.0,64.16000366210938,63.30523681640625
2022-01-28,16536600,57.2599983215332,60.900001525878906,55.33000183105469,60.88999938964844,60.07879638671875
2022-01-27,18358600,59.4900016784668,60.79999923706055,55.970001220703125,56.709999084472656,55.95448684692383
2022-01-26,21162500,60.43000030517578,61.790000915527344,55.7400016784668,57.59999847412109,56.8326301574707
2022-01-25,17505300,57.400001525878906,60.13999938964844,55.0,57.970001220703125,57.19770050048828
2022-01-24,26532700,56.97999954223633,60.400001525878906,52.41999816894531,60.209999084472656,59.40785598754883
2022-01-21,23424600,62.68000030517578,63.70000076293945,59.43000030517578,59.470001220703125,58.67771911621094
2022-01-20,10739300,66.19000244140625,68.36000061035156,62.95000076293945,63.18999862670898,62.34815979003906
2022-01-19,11656200,68.1500015258789,68.80999755859375,65.20999908447266,65.37000274658203,64.49911499023438
2022-01-18,11867700,68.93000030517578,69.04000091552734,66.91999816894531,67.45999908447266,66.56127166748047
2022-01-14,11007900,69.58000183105469,71.4000015258789,69.02999877929688,71.2300033569336,70.28105163574219
2022-01-13,9745400,74.80000305175781,75.0999984741211,70.66000366210938,71.16999816894531,70.22183990478516
2022-01-12,10613000,74.5199966430664,75.26499938964844,73.2699966430664,74.31500244140625,73.32494354248047
2022-01-11,14850200,71.56500244140625,73.69000244140625,70.08999633789062,73.66500091552734,72.68360137939453
2022-01-10,18895800,70.375,71.80999755859375,67.56999969482422,71.69499969482422,70.73985290527344
2022-01-07,13156600,72.81500244140625,73.42500305175781,71.30000305175781,72.0199966430664,71.0605239868164
2022-01-06,13981200,72.8550033569336,74.18499755859375,71.66999816894531,72.84500122070312,71.87452697753906
2022-01-05,15084000,77.3550033569336,77.7300033569336,73.0199966430664,73.04499816894531,72.07186889648438
2022-01-04,11905200,78.3550033569336,78.71499633789062,76.58000183105469,77.55000305175781,76.51685333251953
2022-01-03,9503800,76.95999908447266,77.66999816894531,75.76000213623047,77.61499786376953,76.58097839355469
2021-12-31,5945200,76.61000061035156,77.22000122070312,76.16000366210938,76.27999877929688,75.2637710571289
2021-12-30,6001000,77.70500183105469,78.26499938964844,76.66000366210938,76.9000015258789,75.87551879882812
2021-12-29,6465000,77.30500030517578,78.06500244140625,76.78500366210938,77.56500244140625,76.53165435791016
2021-12-28,6149400,77.67500305175781,78.19000244140625,76.8550033569336,77.28500366210938,76.2553939819336
2021-12-27,6228400,74.98500061035156,77.46499633789062,74.95999908447266,77.42500305175781,76.39352416992188
2021-12-23,7704000,73.41999816894531,75.02999877929688,73.37999725341797,74.29499816894531,73.30521392822266
2021-12-22,8348000,70.72000122070312,73.02999877929688,70.63999938964844,72.98999786376953,72.01759338378906
2021-12-21,10337400,68.90499877929688,70.93499755859375,67.87000274658203,70.875,69.93077087402344
2021-12-20,15880200,67.05000305175781,67.4800033569336,65.54000091552734,67.30999755859375,66.41326141357422
2021-12-17,20049600,70.2699966430664,71.75499725341797,68.66999816894531,69.54000091552734,68.61356353759766
2021-12-16,14363600,74.69999694824219,74.82499694824219,71.0199966430664,71.79499816894531,70.83851623535156
2021-12-15,11675800,70.49500274658203,73.8949966430664,69.29499816894531,73.7699966430664,72.78720092773438
2021-12-14,9927000,70.31999969482422,71.56999969482422,69.02999877929688,70.51000213623047,69.57064056396484
2021-12-13,9221800,73.69499969482422,73.83999633789062,71.83999633789062,72.0199966430664,71.0605239868164
2021-12-10,11845200,73.23999786376953,74.01000213623047,71.9749984741211,73.99500274658203,73.00921630859375
2021-12-09,7923000,72.75499725341797,73.20500183105469,71.81999969482422,71.91999816894531,70.96185302734375
2021-12-08,8183200,73.04000091552734,73.62999725341797,72.1500015258789,73.43499755859375,72.45667266845703
2021-12-07,13949800,71.11499786376953,73.0999984741211,71.06999969482422,72.79499816894531,71.8251953125
2021-12-06,16989400,67.4000015258789,69.44499969482422,66.2750015258789,68.55000305175781,67.63674926757812
2021-12-03,24006600,68.80500030517578,69.29000091552734,64.2249984741211,66.18499755859375,65.30325317382812
2021-12-02,18059800,65.11000061035156,68.71499633789062,64.93499755859375,67.9749984741211,67.06940460205078
2021-12-01,19215000,69.94999694824219,71.31500244140625,64.91999816894531,65.04000091552734,64.17351531982422
2021-11-30,20481600,70.24500274658203,71.16500091552734,67.15499877929688,67.42500305175781,66.52674102783203
2021-11-29,11760000,71.21499633789062,72.33499908447266,70.16000366210938,71.4800033569336,70.52771759033203
2021-11-26,16610400,70.5199966430664,71.25,68.37000274658203,69.03500366210938,68.11528778076172
2021-11-24,9659400,72.31999969482422,73.94000244140625,71.88500213623047,73.84500122070312,72.8612060546875
2021-11-23,12857000,72.83000183105469,73.7249984741211,71.55000305175781,73.3499984741211,72.37279510498047
2021-11-22,11923800,74.55000305175781,75.84500122070312,72.92500305175781,73.00499725341797,72.03239440917969
2021-11-19,8783200,73.9749984741211,74.61499786376953,73.4749984741211,73.66000366210938,72.67868041992188
2021-11-18,8877600,73.81500244140625,74.18499755859375,72.46499633789062,74.01499938964844,73.02894592285156
2021-11-17,7756000,73.72000122070312,73.80999755859375,72.98500061035156,73.27999877929688,72.3037338256836
2021-11-16,7697400,72.86000061035156,74.41999816894531,72.83000183105469,73.83999633789062,72.85626220703125
2021-11-15,6410200,73.57499694824219,73.63500213623047,72.43000030517578,72.96499633789062,71.99293518066406
2021-11-12,7729200,71.94000244140625,73.19499969482422,71.47000122070312,72.93499755859375,71.96333312988281
2021-11-11,5655000,71.95999908447266,72.0,71.30999755859375,71.3499984741211,70.39945220947266
2021-11-10,10143800,72.16999816894531,73.00499725341797,70.5,71.2699966430664,70.32051086425781
2021-11-09,9782600,73.94999694824219,74.05000305175781,72.30000305175781,73.01499938964844,72.0422592163086
2021-11-08,7478600,74.12999725341797,74.36499786376953,73.41000366210938,73.7750015258789,72.79212951660156
2021-11-05,9937800,73.92500305175781,74.56500244140625,72.82499694824219,73.56999969482422,72.58987426757812
2021-11-04,9553200,72.08999633789062,72.8550033569336,71.91999816894531,72.77999877929688,71.81039428710938
2021-11-03,8535800,70.2249984741211,72.0,70.0199966430664,71.81500244140625,70.8582534790039
2021-11-02,8008600,69.7300033569336,70.6500015258789,69.68000030517578,70.5,69.5607681274414
2021-11-01,9087200,69.78500366210938,69.97000122070312,68.83999633789062,69.68000030517578,68.7516860961914
2021-10-29,10592200,67.7750015258789,69.44000244140625,67.66000366210938,69.30500030517578,68.38168334960938
2021-10-28,8521200,67.63500213623047,68.91999816894531,67.62999725341797,68.86499786376953,67.94755554199219
2021-10-27,6128200,68.08000183105469,68.37999725341797,66.94000244140625,66.95500183105469,66.06300354003906
2021-10-26,8000000,68.40499877929688,68.98999786376953,67.69999694824219,67.87999725341797,66.97566986083984
2021-10-25,6206400,67.11499786376953,67.83499908447266,66.29499816894531,67.62000274658203,66.71913146972656
2021-10-22,9910600,66.62999725341797,67.30500030517578,65.69999694824219,66.61000061035156,65.72259521484375
2021-10-21,6530600,66.02999877929688,66.93000030517578,65.83499908447266,66.83499908447266,65.94459533691406
2021-10-20,7339400,65.75499725341797,66.46499633789062,65.70999908447266,66.30000305175781,65.41673278808594
2021-10-19,6880800,64.80500030517578,65.58000183105469,64.53500366210938,65.56500244140625,64.69151306152344
2021-10-18,6398800,62.67499923706055,64.22000122070312,62.38999938964844,64.1050033569336,63.25096893310547
2021-10-15,7802600,63.07500076293945,63.67499923706055,62.7599983215332,63.5099983215332,62.66389465332031
2021-10-14,9437600,60.720001220703125,62.15999984741211,60.5099983215332,62.08000183105469,61.25294494628906
2021-10-13,9447800,58.91999816894531,59.48500061035156,57.65499877929688,59.09999847412109,58.31264877319336
2021-10-12,10140600,59.334999084472656,59.5,58.15999984741211,58.52000045776367,57.74037551879883
2021-10-11,9545000,59.95000076293945,61.22499847412109,58.90499877929688,58.93000030517578,58.1449089050293
2021-10-08,9985200,60.935001373291016,61.08000183105469,59.96500015258789,60.209999084472656,59.40785598754883
2021-10-07,11065000,60.47999954223633,61.80500030517578,60.38999938964844,60.560001373291016,59.75318908691406
2021-10-06,14926000,56.775001525878906,59.13999938964844,56.07500076293945,59.060001373291016,58.2731819152832
2021-10-05,11374800,57.209999084472656,59.27000045776367,56.869998931884766,58.29999923706055,57.52330017089844
2021-10-04,16350600,58.36000061035156,58.72999954223633,55.650001525878906,56.58000183105469,55.82622528076172
2021-10-01,20352000,57.56999969482422,59.56999969482422,56.09000015258789,58.880001068115234,58.09557723999024
2021-09-30,18906600,59.625,59.935001373291016,56.755001068115234,56.85499954223633,56.09755706787109
2021-09-29,12056200,59.29999923706055,60.05500030517578,58.76499938964844,58.994998931884766,58.20904541015625
2021-09-28,17454600,61.22999954223633,61.38999938964844,58.39500045776367,58.7599983215332,57.977176666259766
2021-09-27,7759200,62.58000183105469,63.10499954223633,62.185001373291016,62.53499984741211,61.701881408691406
2021-09-24,6932000,62.02000045776367,63.375,61.91999816894531,63.07500076293945,62.23469161987305
2021-09-23,9306400,61.369998931884766,63.470001220703125,61.27999877929688,62.7599983215332,61.92388153076172
2021-09-22,12969600,59.845001220703125,61.45500183105469,59.415000915527344,60.55500030517578,59.74826049804688
2021-09-21,15171800,60.03499984741211,60.58000183105469,58.619998931884766,58.88999938964844,58.10544204711914
2021-09-20,25870200,59.3650016784668,60.084999084472656,56.83000183105469,59.060001373291016,58.2731819152832
2021-09-17,18838600,63.60499954223633,63.834999084472656,61.96500015258789,62.15999984741211,61.33188247680664
2021-09-16,13739400,64.06500244140625,64.51000213623047,62.650001525878906,63.97999954223633,63.127628326416016
2021-09-15,13475000,62.92499923706055,64.54000091552734,62.43000030517578,64.33999633789062,63.48283386230469
2021-09-14,15547600,64.41999816894531,64.5199966430664,62.34000015258789,62.76499938964844,61.92881774902344
2021-09-13,18009800,64.66000366210938,64.78500366210938,62.73500061035156,63.755001068115234,62.90563201904297
2021-09-10,12731000,65.74500274658203,65.93000030517578,63.255001068115234,63.32500076293945,62.48136138916016
2021-09-09,10624400,65.58000183105469,66.41500091552734,64.73500061035156,64.83000183105469,63.96630859375
2021-09-08,10266400,65.68000030517578,66.02999877929688,64.79499816894531,65.72000122070312,64.84444427490234
2021-09-07,8460400,66.49500274658203,66.53500366210938,65.625,65.95999908447266,65.08125305175781
2021-09-03,7314800,66.25499725341797,66.90499877929688,65.98999786376953,66.6449966430664,65.75712585449219
2021-09-02,6092400,66.79000091552734,67.1050033569336,66.16000366210938,66.7249984741211,65.8360595703125
2021-09-01,9301600,66.44499969482422,66.69000244140625,66.01000213623047,66.17500305175781,65.29339599609375
2021-08-31,8229400,66.26499938964844,66.42500305175781,65.73500061035156,66.06500244140625,65.18485260009766
2021-08-30,6443600,65.76499938964844,66.66999816894531,65.6500015258789,66.26499938964844,65.38219451904297
2021-08-27,9611400,64.1050033569336,65.61499786376953,64.08000183105469,65.3949966430664,64.52377319335938
2021-08-26,9457000,64.75,64.86000061035156,63.69499969482422,63.755001068115234,62.90563201904297
2021-08-25,5116400,64.58499908447266,65.125,64.40499877929688,64.87000274658203,64.00577545166016
2021-08-24,5245000,64.51499938964844,64.7300033569336,64.25499725341797,64.49500274658203,63.635772705078125
2021-08-23,7659400,63.290000915527344,64.6050033569336,63.290000915527344,64.17500305175781,63.32003784179688
2021-08-20,9821200,61.244998931884766,62.68999862670898,61.025001525878906,62.57500076293945,61.741355895996094
2021-08-19,14684400,59.55500030517578,61.61000061035156,59.52999877929688,61.04999923706055,60.23667144775391
2021-08-18,13303200,62.415000915527344,63.1150016784668,60.70500183105469,60.834999084472656,60.024532318115234
2021-08-17,14781800,62.95500183105469,63.27999877929688,61.505001068115234,62.900001525878906,62.0620231628418
2021-08-16,9265000,63.119998931884766,64.18499755859375,62.3849983215332,64.13999938964844,63.28550338745117
2021-08-13,7744400,63.525001525878906,63.69499969482422,63.33000183105469,63.665000915527344,62.81682968139648
2021-08-12,6878800,62.70000076293945,63.40999984741211,62.31499862670898,63.31499862670898,62.471492767333984
2021-08-11,5811400,62.82500076293945,62.834999084472656,62.29999923706055,62.7599983215332,61.92388153076172
2021-08-10,7143600,62.29499816894531,62.65499877929688,61.98500061035156,62.30500030517578,61.47494888305664
2021-08-09,4908800,62.26499938964844,62.400001525878906,61.76499938964844,62.1150016784668,61.287479400634766
2021-08-06,6092200,62.09999847412109,62.459999084472656,61.97999954223633,62.310001373291016,61.47988128662109
2021-08-05,5057000,61.345001220703125,62.01499938964844,61.19499969482422,61.959999084472656,61.134544372558594
2021-08-04,6468200,61.150001525878906,61.42499923706055,60.72499847412109,60.845001220703125,60.03439712524414
2021-08-03,9525600,60.60499954223633,61.775001525878906,59.65499877929688,61.72499847412109,60.90267562866211
2021-08-02,7308000,61.39500045776367,61.65999984741211,60.150001525878906,60.25,59.44732284545898
2021-07-30,6612800,60.415000915527344,61.30500030517578,60.35499954223633,60.625,59.81733322143555
2021-07-29,6752400,61.25,62.03499984741211,61.209999084472656,61.560001373291016,60.739871978759766
2021-07-28,7572200,61.18000030517578,61.41999816894531,60.17499923706055,60.80500030517578,59.994930267333984
2021-07-27,8183000,61.26499938964844,61.275001525878906,59.625,60.90499877929688,60.09360122680664
2021-07-26,5418800,61.025001525878906,61.73500061035156,60.994998931884766,61.73500061035156,60.912540435791016
2021-07-23,5911200,60.27999877929688,61.435001373291016,59.9900016784668,61.275001525878906,60.45867156982422
2021-07-22,6685400,59.17499923706055,59.55500030517578,58.72999954223633,59.47999954223633,58.68758773803711
2021-07-21,9314000,58.21500015258789,59.150001525878906,58.130001068115234,59.095001220703125,58.307716369628906
2021-07-20,16256600,55.59000015258789,58.209999084472656,55.27000045776367,57.72499847412109,56.955963134765625
2021-07-19,23309200,55.81499862670898,56.02000045776367,54.119998931884766,55.36000061035156,54.62247085571289
2021-07-16,10763400,59.81999969482422,59.81999969482422,57.71500015258789,57.90499877929688,57.13356399536133
2021-07-15,10190600,59.29999923706055,59.6150016784668,58.46500015258789,59.275001525878906,58.48532104492188
2021-07-14,11318000,60.39500045776367,60.595001220703125,59.3650016784668,59.880001068115234,59.08225631713867
2021-07-13,12580200,59.95500183105469,60.58000183105469,59.52999877929688,59.67499923706055,58.879981994628906
2021-07-12,10706800,59.584999084472656,60.375,59.400001525878906,60.290000915527344,59.48678970336914
2021-07-09,7475600,58.43999862670898,59.7400016784668,58.345001220703125,59.619998931884766,58.82571792602539
2021-07-08,14217200,56.89500045776367,58.119998931884766,56.40999984741211,57.81499862670898,57.04476547241211
2021-07-07,8007600,58.92499923706055,59.34999847412109,58.04499816894531,59.22999954223633,58.440914154052734
2021-07-06,8983200,58.95000076293945,59.040000915527344,57.42499923706055,58.57500076293945,57.79463958740234
2021-07-02,10956200,58.095001220703125,59.084999084472656,57.97499847412109,58.959999084472656,58.17451095581055
2021-07-01,9977200,57.0099983215332,57.68999862670898,56.97499847412109,57.64500045776367,56.87702941894531
2021-06-30,8498800,56.375,56.959999084472656,56.34999847412109,56.69499969482422,55.93968200683594
2021-06-29,6301600,56.6150016784668,56.880001068115234,56.33000183105469,56.540000915527344,55.78675079345703
2021-06-28,9842200,56.33000183105469,56.52000045776367,55.82500076293945,56.47499847412109,55.722618103027344
2021-06-25,6309800,55.86000061035156,56.29499816894531,55.70500183105469,56.11000061035156,55.36248016357422
2021-06-24,9034000,55.435001373291016,55.72499847412109,55.345001220703125,55.53499984741211,54.79513931274414
2021-06-23,4960800,54.79999923706055,55.130001068115234,54.53499984741211,54.58000183105469,53.85286712646485
2021-06-22,8762400,53.91999816894531,55.1150016784668,53.61000061035156,54.72999954223633,54.00086212158203
2021-06-21,9854600,52.39500045776367,53.9900016784668,52.07500076293945,53.92499923706055,53.20658874511719
2021-06-18,11185000,52.54999923706055,52.79499816894531,51.6150016784668,51.73500061035156,51.0457649230957
2021-06-17,7110200,53.76499938964844,54.255001068115234,52.86000061035156,53.90499877929688,53.18685150146485
2021-06-16,7662600,54.93000030517578,54.9900016784668,53.05500030517578,53.94499969482422,53.2263298034668
2021-06-15,4773600,55.22499847412109,55.22499847412109,54.494998931884766,54.845001220703125,54.11433410644531
2021-06-14,4601800,54.81999969482422,55.185001373291016,54.32500076293945,55.18000030517578,54.44486999511719
2021-06-11,4152000,54.755001068115234,54.834999084472656,54.22499847412109,54.79499816894531,54.06499862670898
2021-06-10,5438400,54.29499816894531,54.90499877929688,53.744998931884766,54.525001525878906,53.7985954284668
2021-06-09,4553200,54.380001068115234,54.38999938964844,53.68000030517578,53.77999877929688,53.06351852416992
2021-06-08,4733600,54.34999847412109,54.375,53.275001525878906,54.03499984741211,53.31512451171875
2021-06-07,3919800,54.1349983215332,54.21500015258789,53.61000061035156,54.02000045776367,53.300323486328125
2021-06-04,6013200,53.44499969482422,54.26499938964844,53.42499923706055,54.10499954223633,53.38419342041016
2021-06-03,7609400,52.34000015258789,53.16999816894531,51.755001068115234,52.71500015258789,52.01271057128906
2021-06-02,4335800,53.30500030517578,53.63999938964844,52.915000915527344,53.310001373291016,52.59978103637695
2021-06-01,5707600,54.165000915527344,54.209999084472656,52.880001068115234,53.03499984741211,52.32844543457031
2021-05-28,5644200,53.54999923706055,53.65999984741211,53.11000061035156,53.18999862670898,52.48138046264648
2021-05-27,7473000,53.26499938964844,53.45500183105469,52.869998931884766,52.880001068115234,52.17551040649414
2021-05-26,3656200,52.76499938964844,53.04499816894531,52.35499954223633,52.84999847412109,52.14591217041016
2021-05-25,6072600,53.310001373291016,53.46500015258789,52.29999923706055,52.540000915527344,51.84003829956055
2021-05-24,5101200,52.2400016784668,53.310001373291016,52.11000061035156,52.8849983215332,52.180442810058594
2021-05-21,7418000,52.05500030517578,52.52999877929688,51.1349983215332,51.31499862670898,50.63135528564453
2021-05-20,7333600,50.185001373291016,51.93000030517578,50.13999938964844,51.43999862670898,50.75469207763672
2021-05-19,10097600,48.3849983215332,49.89500045776367,47.81499862670898,49.845001220703125,49.180946350097656
2021-05-18,6724600,51.69499969482422,51.76499938964844,50.185001373291016,50.27999877929688,49.61014938354492
2021-05-17,10020200,51.53499984741211,51.90499877929688,50.775001525878906,51.57500076293945,50.88789749145508
2021-05-14,9549200,50.755001068115234,52.30500030517578,50.744998931884766,51.96500015258789,51.27270126342773
2021-05-13,14824200,48.540000915527344,50.41999816894531,48.540000915527344,49.66999816894531,49.00827026367188
2021-05-12,14976400,50.1150016784668,50.625,47.744998931884766,48.005001068115234,47.36546325683594
2021-05-11,13711000,50.80500030517578,51.625,49.66999816894531,51.27000045776367,50.58695983886719
2021-05-10,9577000,54.43000030517578,54.5,52.595001220703125,52.650001525878906,51.94857406616211
2021-05-07,9123200,53.41999816894531,54.53499984741211,53.150001525878906,54.2599983215332,53.53712463378906
2021-05-06,8457200,51.90999984741211,53.150001525878906,51.095001220703125,53.084999084472656,52.37778091430664
2021-05-05,7332800,52.5,52.57500076293945,51.57500076293945,51.834999084472656,51.14443206787109
2021-05-04,13769600,52.005001068115234,52.20000076293945,50.345001220703125,51.84000015258789,51.14936828613281
2021-05-03,6332400,53.25,53.42499923706055,52.6150016784668,52.81499862670898,52.11138153076172
2021-04-30,10135200,52.619998931884766,52.96500015258789,52.125,52.47499847412109,51.775909423828125
2021-04-29,8503400,53.65499877929688,53.77999877929688,52.17499923706055,53.48500061035156,52.77245330810547
2021-04-28,7077600,52.70000076293945,53.14500045776367,52.369998931884766,52.505001068115234,51.80550765991211
2021-04-27,5314200,52.744998931884766,52.81999969482422,52.13999938964844,52.58000183105469,51.87950897216797
2021-04-26,6124400,52.56999969482422,52.85499954223633,52.38999938964844,52.6349983215332,51.93377685546875
2021-04-23,7257000,50.8849983215332,52.85499954223633,50.86000061035156,52.29999923706055,51.60324096679688
2021-04-22,11929200,52.02999877929688,52.345001220703125,50.2400016784668,50.68000030517578,50.004825592041016
2021-04-21,7360600,50.41999816894531,52.165000915527344,50.3650016784668,52.09000015258789,51.396034240722656
2021-04-20,9427400,51.290000915527344,51.595001220703125,50.084999084472656,50.68999862670898,50.014686584472656
2021-04-19,8908000,52.18999862670898,52.380001068115234,51.255001068115234,51.81999969482422,51.12963485717773
2021-04-16,9362400,52.57500076293945,52.81999969482422,52.005001068115234,52.61000061035156,51.90910720825195
2021-04-15,7601600,51.26499938964844,52.15499877929688,51.255001068115234,52.04999923706055,51.356571197509766
2021-04-14,9262400,50.95000076293945,51.3650016784668,50.220001220703125,50.435001373291016,49.76308441162109
2021-04-13,6068000,50.46500015258789,51.20500183105469,50.32500076293945,50.92499923706055,50.24655532836914
2021-04-12,5920000,50.209999084472656,50.619998931884766,49.9900016784668,50.5,49.82722473144531
2021-04-09,6527000,49.369998931884766,50.52999877929688,49.29499816894531,50.45500183105469,49.78282165527344
2021-04-08,5686000,49.17499923706055,49.40999984741211,48.82500076293945,49.380001068115234,48.72214126586914
2021-04-07,6547800,48.48500061035156,48.83000183105469,48.290000915527344,48.71500015258789,48.06600189208984
2021-04-06,9015400,48.41999816894531,48.93000030517578,48.29499816894531,48.52000045776367,47.87359619140625
2021-04-05,10349200,47.6150016784668,48.83000183105469,47.59000015258789,48.595001220703125,47.94759750366211
2021-04-01,10146600,45.86000061035156,46.63999938964844,45.77999877929688,46.57500076293945,45.95450973510742
2021-03-31,11006000,44.834999084472656,45.72499847412109,44.82500076293945,45.16999816894531,44.56822967529297
2021-03-30,8918600,44.54499816894531,44.869998931884766,44.04999923706055,44.6150016784668,44.02062225341797
2021-03-29,11301200,44.51499938964844,45.30500030517578,43.97499847412109,44.9900016784668,44.39062881469727
2021-03-26,10852800,43.400001525878906,45.19499969482422,43.18000030517578,45.07500076293945,44.47449493408203
2021-03-25,11545800,41.775001525878906,43.27000045776367,41.095001220703125,42.970001220703125,42.39754104614258
2021-03-24,8244600,43.435001373291016,44.005001068115234,42.275001525878906,42.275001525878906,41.71179962158203
2021-03-23,9710600,43.75,44.26499938964844,42.65499877929688,42.95000076293945,42.3778076171875
2021-03-22,7587800,43.125,44.47999954223633,43.119998931884766,43.95500183105469,43.35511016845703
2021-03-19,8538200,43.10499954223633,43.650001525878906,42.18999862670898,42.970001220703125,42.38355255126953
2021-03-18,10932600,44.2400016784668,44.994998931884766,43.0,43.20000076293945,42.61040878295898
2021-03-17,8504200,44.27000045776367,45.47499847412109,43.845001220703125,45.165000915527344,44.54859161376953
2021-03-16,6973200,45.119998931884766,45.380001068115234,44.45000076293945,44.755001068115234,44.144187927246094
2021-03-15,6305600,44.20500183105469,45.0,43.43999862670898,44.915000915527344,44.302001953125
2021-03-12,7834200,43.45500183105469,44.165000915527344,43.15999984741211,44.119998931884766,43.51785659790039
2021-03-11,7686200,43.525001525878906,44.63999938964844,43.35499954223633,43.93999862670898,43.340309143066406
2021-03-10,10816200,42.70500183105469,43.23500061035156,42.18999862670898,42.625,42.04325866699219
2021-03-09,8943400,41.43999862670898,42.72499847412109,41.27999877929688,41.86000061035156,41.288700103759766
2021-03-08,15477000,41.084999084472656,42.040000915527344,40.04999923706055,40.15999984741211,39.61189651489258
2021-03-05,22432800,39.77999877929688,41.11000061035156,37.380001068115234,40.7599983215332,40.20370864868164
2021-03-04,20259000,40.06499862670898,40.935001373291016,37.10499954223633,38.619998931884766,38.092918395996094
2021-03-03,16727000,41.54999923706055,41.8849983215332,40.10499954223633,40.13999938964844,39.59217834472656
2021-03-02,12509000,42.8849983215332,42.96500015258789,41.709999084472656,41.78499984741211,41.214725494384766
2021-03-01,9865000,41.52999877929688,43.220001220703125,41.52999877929688,42.7599983215332,42.176414489746094
2021-02-26,18970400,41.17499923706055,41.560001373291016,39.21500015258789,39.869998931884766,39.32585906982422
2021-02-25,20683400,43.25,43.72999954223633,40.005001068115234,40.56999969482422,40.016300201416016
2021-02-24,12564800,41.900001525878906,43.84000015258789,41.57500076293945,43.70500183105469,43.108516693115234
2021-02-23,13051000,41.380001068115234,42.77000045776367,39.90499877929688,42.310001373291016,41.7325553894043
2021-02-22,7823400,42.14500045776367,43.0,42.05500030517578,42.18000030517578,41.60432815551758
2021-02-19,7556600,43.834999084472656,43.92499923706055,42.98500061035156,43.15999984741211,42.57095718383789
2021-02-18,8199200,43.0,43.63999938964844,42.3849983215332,43.400001525878906,42.80768585205078
2021-02-17,7880600,43.275001525878906,44.025001525878906,42.91999816894531,43.95500183105469,43.35511016845703
2021-02-16,7512200,44.47499847412109,44.540000915527344,43.665000915527344,43.915000915527344,43.31564712524414
2021-02-12,5201800,43.084999084472656,44.119998931884766,43.084999084472656,44.04499816894531,43.443878173828125
2021-02-11,6182600,43.59000015258789,43.72499847412109,42.53499984741211,43.38999938964844,42.79781723022461
2021-02-10,6938000,43.85499954223633,43.92499923706055,42.334999084472656,43.209999084472656,42.62027359008789
2021-02-09,4008800,43.04999923706055,43.459999084472656,42.900001525878906,43.2400016784668,42.649864196777344
2021-02-08,4910800,42.91999816894531,43.36000061035156,42.6349983215332,43.36000061035156,42.76822662353516
2021-02-05,5969800,42.59999847412109,42.665000915527344,42.025001525878906,42.400001525878906,41.82133102416992
2021-02-04,5272800,40.90499877929688,41.93000030517578,40.845001220703125,41.915000915527344,41.34294891357422
2021-02-03,6377200,40.73500061035156,41.130001068115234,40.1150016784668,40.55500030517578,40.00151443481445
2021-02-02,7695400,39.8650016784668,40.97499847412109,39.84999847412109,40.43000030517578,39.87821578979492
2021-02-01,7982200,38.060001373291016,39.150001525878906,37.380001068115234,38.77000045776367,38.24087524414063
2021-01-29,15330000,38.70000076293945,39.02999877929688,36.40499877929688,37.005001068115234,36.499961853027344
2021-01-28,13362400,38.93999862670898,40.64500045776367,38.810001373291016,39.31999969482422,38.78336334228516
2021-01-27,14850000,40.2400016784668,40.25,37.58000183105469,38.35499954223633,37.8315315246582
2021-01-26,4737800,41.900001525878906,42.04999923706055,41.31499862670898,41.40499877929688,40.83990859985352
2021-01-25,10155600,41.36000061035156,41.70000076293945,39.68999862670898,41.59999847412109,41.03224182128906
2021-01-22,7853600,40.90499877929688,41.4900016784668,40.77000045776367,41.10499954223633,40.54400253295898
2021-01-21,4612200,41.619998931884766,41.775001525878906,41.22999954223633,41.525001525878906,40.95827102661133
2021-01-20,6933400,40.56499862670898,41.720001220703125,40.43999862670898,41.43000030517578,40.86457061767578
2021-01-19,8177200,39.68999862670898,39.970001220703125,39.21500015258789,39.79499816894531,39.25188064575195
2021-01-15,8500800,39.20000076293945,39.470001220703125,38.255001068115234,38.875,38.34443664550781
2021-01-14,7253600,40.435001373291016,40.59999847412109,39.63999938964844,39.755001068115234,39.21242904663086
2021-01-13,6181000,39.845001220703125,40.51499938964844,39.57500076293945,40.16999816894531,39.62176132202149
2021-01-12,9411200,39.90999984741211,40.20000076293945,39.10499954223633,39.880001068115234,39.33572006225586
2021-01-11,9382800,39.56499862670898,40.43999862670898,39.540000915527344,39.84999847412109,39.306129455566406
2021-01-08,12885600,40.45000076293945,40.72999954223633,39.345001220703125,40.65999984741211,40.105079650878906
2021-01-07,10134000,39.06499862670898,40.22499847412109,39.005001068115234,39.97499847412109,39.42942810058594
2021-01-06,15697800,37.11000061035156,39.32500076293945,36.935001373291016,38.290000915527344,37.767425537109375
2021-01-05,8545800,36.63999938964844,37.95500183105469,36.6349983215332,37.584999084472656,37.07204055786133
2021-01-04,14195000,38.869998931884766,38.90999984741211,35.6349983215332,36.85499954223633,36.35200500488281
2020-12-31,5678600,37.80500030517578,38.665000915527344,37.625,38.43000030517578,37.90550994873047
2020-12-30,4217400,37.959999084472656,38.18999862670898,37.7400016784668,37.84000015258789,37.32356643676758
2020-12-29,5790400,38.42499923706055,38.47999954223633,37.51499938964844,37.68999862670898,37.17560577392578
2020-12-28,4363600,37.79999923706055,38.04999923706055,37.584999084472656,37.915000915527344,37.39754104614258
2020-12-24,3174600,36.70500183105469,36.97499847412109,36.51499938964844,36.97499847412109,36.47036743164063
2020-12-23,4289000,36.75,37.15999984741211,36.5,36.54999923706055,36.05117416381836
2020-12-22,6252400,36.7599983215332,36.79999923706055,36.125,36.45500183105469,35.944149017333984
2020-12-21,12077600,35.790000915527344,36.95000076293945,34.93000030517578,36.70000076293945,36.18572235107422
2020-12-18,12352400,37.60499954223633,37.6349983215332,36.40999984741211,37.06999969482422,36.55053329467773
2020-12-17,5938800,37.40999984741211,37.56999969482422,37.15999984741211,37.505001068115234,36.979434967041016
2020-12-16,6312800,36.79999923706055,37.18999862670898,36.51499938964844,36.8849983215332,36.36811828613281
2020-12-15,6934600,36.095001220703125,36.720001220703125,35.654998779296875,36.70500183105469,36.19064712524414
2020-12-14,7900400,36.459999084472656,36.79499816894531,35.209999084472656,35.28499984741211,34.79054641723633
2020-12-11,6650000,35.345001220703125,35.845001220703125,34.880001068115234,35.75,35.249027252197266
2020-12-10,6214000,35.5,36.22999954223633,35.220001220703125,35.8849983215332,35.382137298583984
2020-12-09,8655200,37.13999938964844,37.20000076293945,35.67499923706055,35.95500183105469,35.45115280151367
2020-12-08,4220000,36.20000076293945,37.119998931884766,36.19499969482422,36.93999862670898,36.4223518371582
2020-12-07,5255600,36.61000061035156,36.775001525878906,36.20000076293945,36.63999938964844,36.126556396484375
2020-12-04,5830600,36.10499954223633,36.834999084472656,36.07500076293945,36.82500076293945,36.308963775634766
2020-12-03,7116200,35.904998779296875,36.35499954223633,35.58000183105469,35.90999984741211,35.40678787231445
2020-12-02,7159400,35.3650016784668,35.98500061035156,35.185001373291016,35.93000030517578,35.42650604248047
2020-12-01,7728200,35.599998474121094,36.19499969482422,35.415000915527344,35.724998474121094,35.2243766784668
2020-11-30,9995000,34.80500030517578,34.89500045776367,33.76499938964844,34.59000015258789,34.10528945922852
2020-11-27,3632400,35.1150016784668,35.209999084472656,34.755001068115234,35.04499816894531,34.55390548706055
2020-11-25,6243400,34.915000915527344,34.91999816894531,34.439998626708984,34.775001525878906,34.28769302368164
2020-11-24,9808400,34.095001220703125,35.099998474121094,33.845001220703125,34.939998626708984,34.45037841796875
2020-11-23,8794400,33.26499938964844,33.689998626708984,32.6150016784668,33.345001220703125,32.87773132324219
2020-11-20,5304000,33.349998474121094,33.40999984741211,32.724998474121094,32.75,32.29106903076172
2020-11-19,8866000,32.814998626708984,33.540000915527344,32.43000030517578,33.435001373291016,32.96646881103516
2020-11-18,8335600,34.34000015258789,34.5099983215332,32.994998931884766,33.0099983215332,32.54742431640625
2020-11-17,6924200,34.07500076293945,34.6349983215332,33.61000061035156,34.275001525878906,33.79469680786133
2020-11-16,10209400,34.3849983215332,34.81999969482422,33.98500061035156,34.78499984741211,34.297550201416016
2020-11-13,9809600,32.79499816894531,33.779998779296875,32.6349983215332,33.564998626708984,33.09464263916016
2020-11-12,11904200,32.89500045776367,33.125,31.68000030517578,32.22999954223633,31.77835464477539
2020-11-11,8015200,33.1150016784668,33.439998626708984,32.75,33.189998626708984,32.72490310668945
2020-11-10,14247000,32.314998626708984,32.78499984741211,31.530000686645508,32.494998931884766,32.039642333984375
2020-11-09,28330800,35.185001373291016,35.275001525878906,32.47999954223633,32.63999938964844,32.18260955810547
2020-11-06,13941800,31.375,31.795000076293945,30.770000457763672,31.45499992370605,31.01421356201172
2020-11-05,17022400,31.209999084472656,31.96999931335449,31.11000061035156,31.44499969482422,31.004356384277344
2020-11-04,20369000,29.06999969482422,30.81999969482422,28.7450008392334,29.70499992370605,29.288738250732425
2020-11-03,13491600,27.295000076293945,28.38999938964844,27.165000915527344,27.850000381469727,27.459735870361328
2020-11-02,13937800,26.459999084472656,26.95499992370605,25.7549991607666,26.46500015258789,26.094141006469727
2020-10-30,18944800,26.01000022888184,26.354999542236328,24.655000686645508,25.584999084472656,25.226470947265625
2020-10-29,12400400,25.71500015258789,27.225000381469727,25.290000915527344,26.424999237060547,26.05470085144043
2020-10-28,19969200,27.049999237060547,27.225000381469727,25.530000686645508,25.65999984741211,25.30042266845703
2020-10-27,8161000,28.98500061035156,29.07999992370605,28.53499984741211,28.59499931335449,28.19429016113281
2020-10-26,18392800,29.614999771118164,29.84499931335449,27.89999961853028,28.895000457763672,28.49009132385254
2020-10-23,9725000,30.6299991607666,30.64999961853028,29.89999961853028,30.56999969482422,30.14161872863769
2020-10-22,10873200,29.84499931335449,30.440000534057617,29.25,30.299999237060547,29.87540054321289
2020-10-21,9335600,29.934999465942383,30.559999465942383,29.709999084472656,29.780000686645508,29.362688064575195
2020-10-20,11731200,29.979999542236328,30.864999771118164,29.77499961853028,29.940000534057617,29.52044677734375
2020-10-19,11269400,31.38999938964844,31.56999969482422,29.354999542236328,29.61000061035156,29.195068359375
2020-10-16,7622800,31.46999931335449,31.959999084472656,30.975000381469727,31.01499938964844,30.580381393432617
2020-10-15,9637600,30.049999237060547,31.229999542236328,29.915000915527344,31.07999992370605,30.644472122192383
2020-10-14,9496800,31.96999931335449,32.290000915527344,30.98500061035156,31.229999542236328,30.79237174987793
2020-10-13,7817000,32.39500045776367,32.415000915527344,31.51499938964844,31.80500030517578,31.359310150146484
2020-10-12,10035000,31.71999931335449,32.86000061035156,31.545000076293945,32.42499923706055,31.970617294311523
2020-10-09,9155000,30.61000061035156,31.075000762939453,30.434999465942383,30.934999465942383,30.501502990722656
2020-10-08,7647000,29.895000457763672,30.14999961853028,29.64999961853028,30.114999771118164,29.6929931640625
2020-10-07,7007600,28.700000762939453,29.57999992370605,28.69499969482422,29.36000061035156,28.948575973510746
2020-10-06,13865000,29.190000534057617,29.76000022888184,27.76499938964844,27.90999984741211,27.51889038085937
2020-10-05,8081600,28.23500061035156,29.190000534057617,28.21999931335449,29.1299991607666,28.72179412841797
2020-10-02,11139000,27.13999938964844,28.20499992370605,27.01000022888184,27.690000534057617,27.301973342895508
2020-10-01,8014600,28.655000686645508,28.90999984741211,27.979999542236328,28.475000381469727,28.075977325439453
2020-09-30,13659400,27.52499961853028,28.795000076293945,27.46500015258789,27.95499992370605,27.563262939453125
2020-09-29,7061800,27.7450008392334,27.924999237060547,27.14999961853028,27.34499931335449,26.961811065673828
2020-09-28,8615000,27.549999237060547,27.96500015258789,27.295000076293945,27.799999237060547,27.41043281555176
2020-09-25,11708600,25.030000686645508,26.665000915527344,24.815000534057617,26.45499992370605,26.08428001403809
2020-09-24,14627000,24.709999084472656,26.01499938964844,24.38500022888184,25.2549991607666,24.901098251342773
2020-09-23,11749000,27.075000762939453,27.13500022888184,24.924999237060547,25.049999237060547,24.6989688873291
2020-09-22,8707200,26.5049991607666,27.06999969482422,25.864999771118164,26.920000076293945,26.54276657104492
2020-09-21,18475200,25.82999992370605,26.155000686645508,24.84000015258789,26.145000457763672,25.778627395629883
2020-09-18,17098600,28.229999542236328,28.2450008392334,26.364999771118164,27.040000915527344,26.661083221435547
2020-09-17,14612600,27.405000686645508,28.46999931335449,27.27499961853028,28.020000457763672,27.62735176086425
2020-09-16,10333000,29.46999931335449,29.854999542236328,28.690000534057617,28.770000457763672,28.36684226989746
2020-09-15,8717000,29.36000061035156,29.57999992370605,28.81999969482422,29.104999542236328,28.697145462036133
2020-09-14,8035200,28.440000534057617,29.145000457763672,28.295000076293945,28.674999237060547,28.273170471191406
2020-09-11,17754400,28.01000022888184,28.299999237060547,26.825000762939453,27.575000762939453,27.18858528137207
2020-09-10,18052800,29.575000762939453,29.76499938964844,27.28499984741211,27.540000915527344,27.15407371520996
2020-09-09,12566000,28.520000457763672,29.729999542236328,28.27499961853028,29.045000076293945,28.63798713684082
2020-09-08,20648400,28.350000381469727,28.700000762939453,27.350000381469727,27.459999084472656,27.07519721984864
2020-09-04,19516400,30.850000381469727,31.295000076293945,27.854999542236328,29.920000076293945,29.50072479248047
2020-09-03,25688600,33.66999816894531,33.810001373291016,29.850000381469727,30.63999938964844,30.210636138916016
2020-09-02,13088600,33.3650016784668,34.474998474121094,33.01499938964844,34.185001373291016,33.70595932006836
2020-09-01,10276200,32.1150016784668,32.79999923706055,31.850000381469727,32.77000045776367,32.310787200927734
2020-08-31,8415200,32.15999984741211,32.42499923706055,31.815000534057617,31.86000061035156,31.41353988647461
2020-08-28,9331400,31.924999237060547,32.26499938964844,31.565000534057617,32.224998474121094,31.77342414855957
2020-08-27,11451600,31.670000076293945,32.03499984741211,31.125,31.604999542236328,31.16211128234864
2020-08-26,6783600,30.655000686645508,31.48500061035156,30.5049991607666,31.40999984741211,30.9698486328125
2020-08-25,8067600,30.34499931335449,30.51000022888184,30.0049991607666,30.479999542236328,30.052879333496094
2020-08-24,6936400,29.96999931335449,30.190000534057617,29.69499969482422,30.174999237060547,29.752153396606445
2020-08-21,7092600,28.88500022888184,29.32999992370605,28.795000076293945,29.280000686645508,28.86969375610352
2020-08-20,6766200,28.225000381469727,29.100000381469727,28.19499969482422,28.979999542236328,28.57389640808105
2020-08-19,8725800,29.19499969482422,29.32999992370605,28.55500030517578,28.71999931335449,28.31753730773925
2020-08-18,6408200,29.0,29.190000534057617,28.559999465942383,29.05500030517578,28.647846221923828
2020-08-17,4849800,28.88500022888184,28.9950008392334,28.78499984741211,28.88999938964844,28.485157012939453
2020-08-14,7134600,28.5049991607666,28.76499938964844,28.309999465942383,28.61000061035156,28.20907974243164
2020-08-13,7720600,28.559999465942383,28.975000381469727,28.36000061035156,28.6299991607666,28.22879981994629
2020-08-12,10382800,28.270000457763672,28.98500061035156,28.270000457763672,28.7549991607666,28.352048873901367
2020-08-11,13895200,28.655000686645508,28.815000534057617,27.420000076293945,27.63500022888184,27.24774742126465
2020-08-10,10513800,28.200000762939453,28.3700008392334,27.65999984741211,28.309999465942383,27.913286209106445
2020-08-07,14788400,27.7450008392334,28.1200008392334,27.5,28.059999465942383,27.66678810119629
2020-08-06,11800800,27.299999237060547,28.040000915527344,27.21999931335449,28.0049991607666,27.6125602722168
2020-08-05,9164400,27.31999969482422,27.53499984741211,27.239999771118164,27.44499969482422,27.06040954589844
2020-08-04,10125800,26.43000030517578,26.959999084472656,26.43000030517578,26.934999465942383,26.55755424499512
2020-08-03,9230800,26.545000076293945,26.84499931335449,26.405000686645508,26.63500022888184,26.26176071166992
2020-07-31,15709000,25.96999931335449,26.1299991607666,24.88500022888184,26.104999542236328,25.739187240600582
2020-07-30,17065000,25.01000022888184,25.61000061035156,24.479999542236328,25.5,25.14266395568848
2020-07-29,10110600,25.09499931335449,25.924999237060547,25.075000762939453,25.77499961853028,25.41381072998047
2020-07-28,10729600,25.15999984741211,25.45499992370605,24.790000915527344,24.8700008392334,24.52149200439453
2020-07-27,10934000,24.975000381469727,25.395000457763672,24.790000915527344,25.334999084472656,24.9799747467041
2020-07-24,17366200,24.815000534057617,25.075000762939453,24.43000030517578,24.81999969482422,24.472192764282227
2020-07-23,17185600,26.13500022888184,26.325000762939453,24.950000762939453,25.290000915527344,24.93560791015625
2020-07-22,10376400,25.71500015258789,26.30500030517578,25.684999465942383,26.239999771118164,25.87229347229004
2020-07-21,14608600,26.13500022888184,26.2549991607666,25.549999237060547,25.78499984741211,25.42367172241211
2020-07-20,10791000,24.975000381469727,25.81999969482422,24.780000686645508,25.6299991607666,25.27084350585937
2020-07-17,10825000,25.065000534057617,25.229999542236328,24.575000762939453,25.030000686645508,24.679248809814453
2020-07-16,12577800,24.59499931335449,24.93000030517578,24.420000076293945,24.815000534057617,24.46726417541504
2020-07-15,19134600,25.190000534057617,25.34000015258789,24.479999542236328,25.065000534057617,24.71376037597656
2020-07-14,22470000,23.125,24.475000381469727,22.850000381469727,24.38500022888184,24.043289184570312
2020-07-13,19627400,24.69499969482422,25.27499961853028,23.32999992370605,23.48500061035156,23.155900955200195
2020-07-10,13980000,23.36000061035156,24.18000030517578,23.040000915527344,24.114999771118164,23.777070999145508
2020-07-09,19465800,23.959999084472656,24.01000022888184,22.565000534057617,23.395000457763672,23.0671615600586
2020-07-08,14111600,23.459999084472656,23.82999992370605,23.03499984741211,23.799999237060547,23.466487884521484
2020-07-07,14961800,23.6299991607666,24.125,23.18000030517578,23.26000022888184,22.934051513671875
2020-07-06,14732800,23.88500022888184,24.1200008392334,23.690000534057617,24.020000457763672,23.68340110778809
2020-07-02,8576700,46.81999969482422,47.43999862670898,45.59999847412109,45.9000015258789,45.9000015258789
2020-07-01,9503200,44.77000045776367,45.7599983215332,44.540000915527344,45.18000030517578,45.18000030517578
2020-06-30,8936800,42.45000076293945,45.02999877929688,42.36000061035156,44.36000061035156,44.36000061035156
2020-06-29,8705900,41.36000061035156,42.61999893188477,40.36999893188477,42.61999893188477,42.61999893188477
2020-06-26,11554100,43.45000076293945,43.540000915527344,40.56999969482422,40.79999923706055,40.79999923706055
2020-06-25,10097700,42.33000183105469,44.08000183105469,41.41999816894531,43.93999862670898,43.93999862670898
2020-06-24,14534000,45.13999938964844,45.43999862670898,41.72999954223633,42.63999938964844,42.63999938964844
2020-06-23,6880600,46.7599983215332,47.22000122070313,45.93000030517578,46.13000106811523,46.13000106811523
2020-06-22,6451400,44.34000015258789,45.68000030517578,43.83000183105469,45.54999923706055,45.54999923706055
2020-06-19,10527500,47.06000137329102,47.1500015258789,44.02000045776367,44.59999847412109,44.59999847412109
2020-06-18,7858000,44.66999816894531,45.6500015258789,44.43000030517578,45.4000015258789,45.4000015258789
2020-06-17,8235100,46.45000076293945,46.58000183105469,45.02999877929688,45.34000015258789,45.34000015258789
2020-06-16,13678800,47.04999923706055,47.09000015258789,43.70000076293945,45.93999862670898,45.93999862670898
2020-06-15,13205500,39.63000106811523,43.95000076293945,39.11999893188477,43.45000076293945,43.45000076293945
2020-06-12,17342100,43.93999862670898,44.22999954223633,39.959999084472656,42.2599983215332,42.2599983215332
2020-06-11,24219000,45.7599983215332,46.15999984741211,40.47999954223633,40.77000045776367,40.77000045776367
2020-06-10,14250100,50.54999923706055,50.97000122070313,49.02000045776367,49.4000015258789,49.4000015258789
2020-06-09,9830900,50.0,50.97999954223633,49.54999923706055,50.27000045776367,50.27000045776367
2020-06-08,8013300,50.02000045776367,51.45000076293945,49.72000122070313,51.38999938964844,51.38999938964844
2020-06-05,12262200,48.6500015258789,50.459999084472656,48.61999893188477,49.52999877929688,49.52999877929688
2020-06-04,10695400,45.9000015258789,46.77000045776367,45.02000045776367,45.9900016784668,45.9900016784668
2020-06-03,8923200,45.58000183105469,46.86000061035156,45.43000030517578,46.43999862670898,46.43999862670898
2020-06-02,8315700,43.97000122070313,44.63999938964844,43.34999847412109,44.63999938964844,44.63999938964844
2020-06-01,6879300,42.72000122070313,43.810001373291016,42.4900016784668,43.540000915527344,43.540000915527344
2020-05-29,12930300,42.25,43.27000045776367,40.900001525878906,42.97000122070313,42.97000122070313
2020-05-28,10722900,43.18999862670898,44.09000015258789,42.150001525878906,42.47000122070313,42.47000122070313
2020-05-27,12102300,42.13000106811523,42.68999862670898,39.97000122070313,42.68000030517578,42.68000030517578
2020-05-26,9380100,42.02000045776367,42.11999893188477,40.72000122070313,40.88999938964844,40.88999938964844
2020-05-22,7044100,39.08000183105469,39.47999954223633,38.540000915527344,39.38000106811523,39.38000106811523
2020-05-21,13138600,39.97999954223633,40.33000183105469,38.709999084472656,39.16999816894531,39.16999816894531
2020-05-20,10012200,39.61000061035156,40.400001525878906,39.5,40.040000915527344,40.040000915527344
2020-05-19,12262600,39.060001373291016,39.77999877929688,38.08000183105469,38.11999893188477,38.11999893188477
2020-05-18,13242900,38.59999847412109,39.95000076293945,38.43000030517578,39.33000183105469,39.33000183105469
2020-05-15,15967700,34.56999969482422,36.02000045776367,34.15999984741211,36.0,36.0
2020-05-14,20725600,33.290000915527344,35.58000183105469,32.380001068115234,35.58000183105469,35.58000183105469
2020-05-13,18927500,35.9900016784668,36.40999984741211,33.299999237060554,34.330001831054695,34.330001831054695
2020-05-12,12412600,39.040000915527344,39.22999954223633,36.18999862670898,36.20000076293945,36.20000076293945
2020-05-11,10913300,37.66999816894531,39.13999938964844,37.5,38.56999969482422,38.56999969482422
2020-05-08,10269700,37.97999954223633,38.66999816894531,37.540000915527344,38.5099983215332,38.5099983215332
2020-05-07,11094000,36.7400016784668,37.47999954223633,36.4900016784668,36.709999084472656,36.709999084472656
2020-05-06,13270100,36.86999893188477,37.02999877929688,35.36999893188477,35.45000076293945,35.45000076293945
2020-05-05,11068000,36.34000015258789,37.29999923706055,35.9900016784668,36.16999816894531,36.16999816894531
2020-05-04,10721500,34.139999389648445,35.33000183105469,33.549999237060554,35.22999954223633,35.22999954223633
2020-05-01,16562700,35.86999893188477,36.18000030517578,34.419998168945305,34.860000610351555,34.860000610351555
2020-04-30,15313100,38.41999816894531,38.63000106811523,37.16999816894531,37.900001525878906,37.900001525878906
2020-04-29,14578400,38.40999984741211,39.65999984741211,37.97000122070313,38.9900016784668,38.9900016784668
2020-04-28,18334200,38.2400016784668,38.36999893188477,36.06999969482422,36.18999862670898,36.18999862670898
2020-04-27,11619300,35.9900016784668,37.13999938964844,35.79999923706055,36.72999954223633,36.72999954223633
2020-04-24,14308600,34.380001068115234,35.43000030517578,33.560001373291016,35.18000030517578,35.18000030517578
2020-04-23,18357100,34.299999237060554,35.529998779296875,33.669998168945305,33.75,33.75
2020-04-22,12532700,33.5099983215332,34.43000030517578,33.029998779296875,33.790000915527344,33.790000915527344
2020-04-21,21538800,33.049999237060554,33.540000915527344,31.309999465942383,31.64999961853028,31.64999961853028
2020-04-20,17968200,35.2599983215332,36.66999816894531,34.77000045776367,34.86999893188477,34.86999893188477
2020-04-17,18511400,36.34999847412109,37.060001373291016,35.2599983215332,36.84999847412109,36.84999847412109
2020-04-16,21153600,34.06999969482422,34.389999389648445,32.84999847412109,34.06999969482422,34.06999969482422
2020-04-15,16933400,33.5099983215332,34.2599983215332,32.709999084472656,33.580001831054695,33.580001831054695
2020-04-14,19105600,34.889999389648445,36.20000076293945,34.470001220703125,35.88999938964844,35.88999938964844
2020-04-13,21651700,33.52000045776367,33.639999389648445,31.39999961853028,32.900001525878906,32.900001525878906
2020-04-09,26926600,33.689998626708984,34.959999084472656,32.919998168945305,33.889999389648445,33.889999389648445
2020-04-08,20327600,30.39999961853028,32.86999893188477,29.61000061035156,32.419998168945305,32.419998168945305
2020-04-07,29832000,32.549999237060554,32.810001373291016,29.38999938964844,29.43000030517578,29.43000030517578
2020-04-06,20791500,27.35000038146973,30.04999923706055,27.0,29.43000030517578,29.43000030517578
2020-04-03,20832600,25.290000915527344,26.040000915527344,23.59000015258789,24.479999542236328,24.479999542236328
2020-04-02,23550600,23.670000076293945,25.84000015258789,23.46999931335449,25.57999992370605,25.57999992370605
2020-04-01,22757200,24.53000068664551,25.63999938964844,23.229999542236328,23.940000534057614,23.940000534057614
2020-03-31,24456600,28.6299991607666,29.540000915527344,27.170000076293945,27.6299991607666,27.6299991607666
2020-03-30,16350600,27.1299991607666,29.20000076293945,26.46999931335449,28.979999542236328,28.979999542236328
2020-03-27,23112700,26.3700008392334,28.89999961853028,25.6200008392334,26.39999961853028,26.39999961853028
2020-03-26,22818600,25.51000022888184,29.53000068664551,25.39999961853028,29.020000457763672,29.020000457763672
2020-03-25,30970300,24.15999984741211,27.540000915527344,22.65999984741211,24.709999084472656,24.709999084472656
2020-03-24,24713700,21.61000061035156,23.989999771118164,21.5,23.84000015258789,23.78300094604492
2020-03-23,31709200,20.13999938964844,20.46999931335449,17.510000228881836,18.6299991607666,18.58545684814453
2020-03-20,23754200,24.36000061035156,24.8799991607666,20.200000762939453,20.299999237060547,20.251462936401367
2020-03-19,23878100,22.81999969482422,25.29999923706055,20.89999961853028,23.489999771118164,23.433837890625
2020-03-18,31620100,22.26000022888184,25.1299991607666,19.700000762939453,23.63999938964844,23.583478927612305
2020-03-17,21561200,25.059999465942383,28.35000038146973,22.770000457763672,27.920000076293945,27.85324478149414
2020-03-16,21757500,25.0,30.53000068664551,23.25,23.53000068664551,23.47374153137207
2020-03-13,17958200,33.689998626708984,36.27000045776367,28.8799991607666,36.16999816894531,36.0835189819336
2020-03-12,22494900,31.60000038146973,36.43999862670898,28.29999923706055,28.309999465942383,28.24231338500977
2020-03-11,12387500,42.93999862670898,43.5,38.18000030517578,39.88000106811523,39.78465270996094
2020-03-10,12444700,45.0,46.77000045776367,40.04999923706055,46.77000045776367,46.65817642211914
2020-03-09,12901800,41.56999969482422,45.59999847412109,40.0,40.38999938964844,40.29343032836914
2020-03-06,9338700,50.34000015258789,53.4000015258789,48.72000122070313,52.70000076293945,52.573997497558594
2020-03-05,10101200,57.0,59.0,54.02000045776367,55.47000122070313,55.33737564086914
2020-03-04,7110400,57.97000122070313,61.790000915527344,56.45000076293945,61.65999984741211,61.51257705688477
2020-03-03,12598400,60.15999984741211,62.6500015258789,53.18999862670898,54.77000045776367,54.6390495300293
2020-03-02,9847100,54.0,59.93999862670898,52.06999969482422,59.86000061035156,59.71688079833984
2020-02-28,14701600,48.9900016784668,53.38999938964844,47.25,53.38999938964844,53.26234817504883
2020-02-27,13657800,58.540000915527344,61.0,53.72999954223633,53.75,53.62148666381836
2020-02-26,8471300,63.790000915527344,66.15000152587889,61.68999862670898,62.22000122070313,62.07123947143555
2020-02-25,8857900,70.16999816894531,70.55999755859375,62.2599983215332,62.90999984741211,62.75958633422852
2020-02-24,8249400,69.69000244140625,71.52999877929688,68.37999725341797,69.18000030517578,69.01459503173828
2020-02-21,5077600,78.29000091552734,78.5,76.23999786376953,76.87000274658203,76.68621063232422
2020-02-20,3742700,79.9000015258789,80.54000091552734,77.0,79.30999755859375,79.12037658691406
2020-02-19,1408000,79.97000122070312,80.87000274658203,79.7300033569336,80.36000061035156,80.1678695678711
2020-02-18,2460300,79.05999755859375,79.51000213623047,78.1500015258789,79.2300033569336,79.04057312011719
2020-02-14,2299400,79.7699966430664,79.93000030517578,78.87999725341797,79.86000061035156,79.66905975341797
2020-02-13,2630100,78.66000366210938,80.23999786376953,78.43000030517578,79.47000122070312,79.27999114990234
2020-02-12,2297200,79.37999725341797,79.93000030517578,79.08000183105469,79.7699966430664,79.57926940917969
2020-02-11,2991300,78.93000030517578,79.51000213623047,77.91000366210938,78.30000305175781,78.11279296875
2020-02-10,2259300,75.5,77.9000015258789,75.4800033569336,77.9000015258789,77.7137451171875
2020-02-07,2954500,76.62000274658203,77.16000366210938,75.77999877929688,76.2300033569336,76.04774475097656
2020-02-06,1970600,77.41000366210938,77.55999755859375,76.61000061035156,77.41999816894531,77.23489379882812
2020-02-05,3336200,76.30000305175781,76.81999969482422,75.20999908447266,76.62999725341797,76.44677734375
2020-02-04,2722000,73.5,74.73999786376953,73.23999786376953,74.12000274658203,73.94278717041016
2020-02-03,3500800,70.41000366210938,72.20999908447266,70.31999969482422,70.88999938964844,70.72050476074219
2020-01-31,6871500,72.87999725341797,73.0,68.69000244140625,69.37000274658203,69.20414733886719
2020-01-30,3512500,71.1500015258789,73.5,70.5999984741211,73.30999755859375,73.13471984863281
2020-01-29,2204800,73.87000274658203,74.0,72.52999877929688,72.68000030517578,72.5062255859375
2020-01-28,3111100,71.69000244140625,73.48999786376953,71.33999633789062,72.87000274658203,72.6957778930664
2020-01-27,6836400,70.36000061035156,71.73999786376953,70.06999969482422,70.68000030517578,70.5110092163086
2020-01-24,5370200,76.80000305175781,76.81999969482422,73.2699966430664,74.2300033569336,74.05252838134766
2020-01-23,2589500,75.55999755859375,76.41000366210938,74.69999694824219,76.27999877929688,76.09761810302734
2020-01-22,1695300,76.69000244140625,77.16000366210938,75.95999908447266,76.12000274658203,75.93800354003906
2020-01-21,2517300,75.75,76.62999725341797,75.70999908447266,76.08000183105469,75.89810180664062
2020-01-17,3455500,76.33000183105469,76.6500015258789,75.88999938964844,76.51000213623047,76.32707214355469
2020-01-16,1981100,74.9800033569336,75.80000305175781,74.80000305175781,75.80000305175781,75.6187744140625
2020-01-15,3464700,73.44000244140625,74.55000305175781,73.36000061035156,74.0,73.82307434082031
2020-01-14,2652700,73.52999877929688,74.2699966430664,73.0999984741211,73.48999786376953,73.31428527832031
2020-01-13,1773500,72.83000183105469,73.8499984741211,72.5,73.83999633789062,73.6634521484375
2020-01-10,2431500,73.44000244140625,73.52999877929688,72.02999877929688,72.37999725341797,72.20693969726562
2020-01-09,2128700,72.70999908447266,73.05000305175781,72.26000213623047,73.0,72.8254623413086
2020-01-08,3804500,70.61000061035156,72.43000030517578,70.41000366210938,71.54000091552734,71.36895751953125
2020-01-07,1935600,70.66999816894531,70.9800033569336,70.12999725341797,70.44999694824219,70.28155517578125
2020-01-06,2336900,68.98999786376953,71.11000061035156,68.93000030517578,71.06999969482422,70.90007781982422
2020-01-03,3217400,69.44999694824219,71.08000183105469,69.40000152587889,70.33999633789061,70.17182159423828
2020-01-02,2742100,71.06999969482422,71.91000366210938,70.37999725341797,71.9000015258789,71.72809600830078
2019-12-31,2161100,69.09999847412111,70.15000152587889,68.87999725341797,70.01000213623047,69.84261322021484
2019-12-30,2820300,70.7300033569336,70.80999755859375,69.13999938964844,69.5,69.33383178710939
2019-12-27,2101500,71.2699966430664,71.27999877929688,70.30000305175781,70.66999816894531,70.50102996826172
2019-12-26,1414000,69.90000152587889,70.72000122070312,69.88999938964844,70.69999694824219,70.53096008300781
2019-12-24,869600,69.81999969482422,69.83999633789061,69.44000244140625,69.68000030517578,69.51339721679689
2019-12-23,1621700,70.01999664306639,70.02999877929689,69.66000366210939,69.80000305175781,69.53236389160156
2019-12-20,2710400,69.30000305175781,69.91999816894531,69.25,69.59999847412111,69.33312225341797
2019-12-19,2337100,67.83999633789061,68.61000061035156,67.83000183105469,68.55999755859375,68.29710388183594
2019-12-18,1442900,68.01999664306639,68.19000244140625,67.73999786376953,67.75,67.49021911621094
2019-12-17,1868600,67.97000122070311,68.19000244140625,67.72000122070311,67.76000213623047,67.50018310546875
2019-12-16,2311800,67.55000305175781,68.13999938964844,67.52999877929689,67.75,67.49021911621094
2019-12-13,4108300,66.08000183105469,67.20999908447266,65.55000305175781,66.36000061035156,66.10555267333984
2019-12-12,5184200,64.58000183105469,66.77999877929689,64.41999816894531,66.25,65.99596405029297
2019-12-11,2458900,64.37000274658203,64.77999877929689,64.09999847412111,64.58999633789061,64.34233093261719
2019-12-10,2020600,64.23000335693361,64.69999694824219,63.63000106811523,64.05000305175781,63.80440902709961
2019-12-09,1347200,64.62999725341797,65.08999633789061,64.23999786376953,64.30000305175781,64.05344390869139
2019-12-06,2882100,64.47000122070311,65.18000030517578,64.44999694824219,64.87999725341797,64.6312255859375
2019-12-05,2099900,63.31000137329102,63.31999969482422,62.31000137329102,63.209999084472656,62.96762466430664
2019-12-04,2541700,62.41999816894531,63.2599983215332,62.20000076293945,62.84000015258789,62.59904479980469
2019-12-03,3864100,61.20000076293945,61.77999877929688,60.27000045776367,61.7400016784668,61.50326156616211
2019-12-02,3993800,64.84999847412111,64.87000274658203,62.72999954223633,63.02999877929688,62.78831481933594
2019-11-29,1118100,65.01999664306639,65.18000030517578,64.51999664306639,64.69000244140625,64.44194793701172
2019-11-27,1821600,64.91999816894531,65.40000152587889,64.73000335693361,65.37000274658203,65.11934661865234
2019-11-26,1716300,64.20999908447266,64.69000244140625,63.959999084472656,64.52999877929689,64.28256225585939
2019-11-25,1928300,63.31999969482422,64.15000152587889,63.31999969482422,64.12999725341797,63.88409805297852
2019-11-22,1591200,62.790000915527344,62.84999847412109,62.040000915527344,62.68999862670898,62.44961929321289
2019-11-21,1912500,62.63999938964844,62.709999084472656,61.77000045776367,62.33000183105469,62.09100341796875
2019-11-20,3078000,62.95000076293945,63.2599983215332,61.58000183105469,62.63999938964844,62.39981079101562
2019-11-19,2306700,63.81000137329102,63.81000137329102,62.90999984741211,63.31999969482422,63.07720184326172
2019-11-18,1762800,63.11999893188477,63.56000137329102,62.81000137329102,63.40999984741211,63.1668586730957
2019-11-15,3131800,62.79999923706055,63.29999923706055,62.38000106811523,63.29999923706055,63.05728149414063
2019-11-14,2464900,61.47999954223633,61.9900016784668,61.08000183105469,61.95000076293945,61.71245956420898
2019-11-13,2964700,60.9900016784668,61.95000076293945,60.84000015258789,61.70000076293945,61.463417053222656
2019-11-12,3934400,61.5,62.2400016784668,61.13999938964844,61.61999893188477,61.38372421264648
2019-11-11,1490300,60.72999954223633,61.38000106811523,60.61999893188477,61.31999969482422,61.08487319946289
2019-11-08,2210300,60.93000030517578,61.63000106811523,60.5,61.61000061035156,61.37376022338867
2019-11-07,3045200,61.43000030517578,61.93999862670898,60.88000106811523,61.22999954223633,60.9952163696289
2019-11-06,2653400,60.54999923706055,60.7400016784668,59.95000076293945,60.61000061035156,60.37759780883789
2019-11-05,2147400,60.88999938964844,61.04999923706055,60.34000015258789,60.540000915527344,60.30786514282226
2019-11-04,2945800,61.04999923706055,61.13000106811523,60.5099983215332,60.7599983215332,60.52701950073242
2019-11-01,2545200,59.31999969482422,60.04999923706055,59.22999954223633,60.040000915527344,59.80978393554688
2019-10-31,3326500,58.86999893188477,58.86999893188477,57.5,58.41999816894531,58.19599151611328
2019-10-30,2834600,58.54999923706055,59.13000106811523,57.68000030517578,58.959999084472656,58.73392105102539
2019-10-29,2145100,58.2599983215332,58.959999084472656,58.18000030517578,58.38999938964844,58.16610717773438
2019-10-28,2415000,58.25,58.7599983215332,58.2400016784668,58.5,58.27568435668945
2019-10-25,2570900,56.43999862670898,57.81999969482422,56.43999862670898,57.540000915527344,57.31937026977539
2019-10-24,2772200,57.11000061035156,57.18999862670898,56.27999877929688,56.79999923706055,56.58220672607422
2019-10-23,1625600,55.90999984741211,56.58000183105469,55.77999877929688,56.56000137329102,56.34312438964844
2019-10-22,2111200,57.0,57.11999893188477,56.0099983215332,56.08000183105469,55.864967346191406
2019-10-21,1390900,56.29999923706055,56.7400016784668,56.04999923706055,56.68999862670898,56.47262573242188
2019-10-18,2371000,55.91999816894531,56.31000137329102,54.959999084472656,55.5,55.28718948364258
2019-10-17,2576800,56.5,56.79999923706055,55.83000183105469,56.2599983215332,56.04427337646485
2019-10-16,2191500,55.790000915527344,56.209999084472656,55.52000045776367,55.81999969482422,55.60596084594727
2019-10-15,2823300,55.09000015258789,56.5099983215332,55.02000045776367,56.09999847412109,55.88488388061523
2019-10-14,2069200,54.43000030517578,54.84999847412109,54.25,54.47000122070313,54.26113891601562
2019-10-11,5764100,54.6500015258789,55.959999084472656,54.56999969482422,54.59000015258789,54.38068008422852
2019-10-10,4315700,51.88999938964844,53.52000045776367,51.79999923706055,52.9900016784668,52.78681564331055
2019-10-09,2695400,51.72000122070313,52.5099983215332,51.34999847412109,51.93999862670898,51.74084091186523
2019-10-08,5932000,51.88999938964844,52.34000015258789,50.52999877929688,50.56999969482422,50.37609100341797
2019-10-07,4394500,53.2599983215332,54.209999084472656,52.84999847412109,53.040000915527344,52.83662033081055
2019-10-04,4629500,52.04999923706055,53.86999893188477,51.9900016784668,53.72000122070313,53.51401519775391
2019-10-03,6127100,50.27999877929688,51.6500015258789,48.72000122070313,51.6500015258789,51.45195388793945
2019-10-02,7250000,52.290000915527344,52.31000137329102,49.65999984741211,50.45000076293945,50.25655364990234
2019-10-01,4904000,55.77000045776367,56.18000030517578,53.11999893188477,53.290000915527344,53.08566665649414
2019-09-30,1919800,54.77999877929688,55.66999816894531,54.77999877929688,55.27000045776367,55.05807495117188
2019-09-27,4040900,55.86999893188477,55.90999984741211,53.54999923706055,54.47999954223633,54.27109909057617
2019-09-26,3557100,55.77000045776367,55.86999893188477,54.540000915527344,55.41999816894531,55.207496643066406
2019-09-25,2176300,54.83000183105469,56.040000915527344,53.93999862670898,55.7599983215332,55.54619216918945
2019-09-24,3688300,56.81999969482422,57.040000915527344,54.22000122070313,54.79999923706055,54.58987045288086
2019-09-23,1317400,55.7599983215332,56.58000183105469,55.59999847412109,56.18000030517578,55.96458053588867
2019-09-20,2531200,57.4000015258789,57.54999923706055,55.7400016784668,56.13000106811523,55.91477584838867
2019-09-19,2298300,57.25,57.88999938964844,56.790000915527344,56.97999954223633,56.761512756347656
2019-09-18,3646100,56.70000076293945,57.11000061035156,55.40999984741211,57.06999969482422,56.85116577148438
2019-09-17,1893800,56.36000061035156,57.0,56.29999923706055,56.97999954223633,56.761512756347656
2019-09-16,1877300,56.31999969482422,56.79999923706055,56.11000061035156,56.540000915527344,56.323204040527344
2019-09-13,2064600,57.47000122070313,57.68999862670898,56.83000183105469,57.02999877929688,56.81132507324219
2019-09-12,3332700,57.16999816894531,57.84000015258789,56.68999862670898,57.15999984741211,56.94082260131836
2019-09-11,2334700,55.63999938964844,56.68000030517578,55.27999877929688,56.68000030517578,56.46266555786133
2019-09-10,3024200,55.0099983215332,55.5,54.2400016784668,55.5,55.28718948364258
2019-09-09,2352900,56.040000915527344,56.08000183105469,54.90999984741211,55.5,55.28718948364258
2019-09-06,2369400,55.52000045776367,55.81000137329102,55.08000183105469,55.459999084472656,55.24734497070313
2019-09-05,3664800,54.7599983215332,55.86000061035156,54.68000030517578,55.31999969482422,55.10787963867188
2019-09-04,3325600,52.81000137329102,53.27000045776367,52.34999847412109,53.25,53.04581832885742
2019-09-03,4033400,51.43999862670898,51.97000122070313,50.75,51.56000137329102,51.36229705810547
2019-08-30,4158600,53.40999984741211,53.43000030517578,51.90999984741211,52.4900016784668,52.28873062133789
2019-08-29,3304800,52.11000061035156,52.83000183105469,51.5099983215332,52.540000915527344,52.33854293823242
2019-08-28,3996500,49.18000030517578,50.709999084472656,48.7599983215332,50.63000106811523,50.43586349487305
2019-08-27,3699300,50.9900016784668,51.18999862670898,49.13999938964844,49.59999847412109,49.40980911254883
2019-08-26,4717300,49.79999923706055,50.15999984741211,48.95000076293945,50.1500015258789,49.95770645141602
2019-08-23,9240700,51.88000106811523,52.84999847412109,47.84000015258789,48.56000137329102,48.373802185058594
2019-08-22,3841700,53.11000061035156,53.5,51.59999847412109,52.6500015258789,52.4481201171875
2019-08-21,3016900,52.72999954223633,52.95000076293945,52.27000045776367,52.72000122070313,52.51784896850586
2019-08-20,3364700,52.4000015258789,52.68999862670898,51.38999938964844,51.47000122070313,51.27264022827149
2019-08-19,3244500,52.6500015258789,53.09000015258789,52.22999954223633,52.70000076293945,52.4979248046875
2019-08-16,5440900,49.65999984741211,51.09999847412109,49.63000106811523,50.86999893188477,50.67494201660156
2019-08-15,6509500,48.84999847412109,49.209999084472656,47.58000183105469,48.7400016784668,48.5531120300293
2019-08-14,9638300,50.6500015258789,50.97999954223633,48.27999877929688,48.38000106811523,48.19449234008789
2019-08-13,7187600,50.5099983215332,53.9000015258789,50.290000915527344,53.02999877929688,52.82666015625
2019-08-12,5909600,51.709999084472656,52.04999923706055,50.13000106811523,50.68999862670898,50.49563217163086
2019-08-09,5890400,53.16999816894531,53.52999877929688,51.540000915527344,52.63000106811523,52.42819595336914
2019-08-08,5954900,51.63999938964844,53.72999954223633,51.31999969482422,53.72999954223633,53.52397537231445
2019-08-07,8053300,48.88999938964844,51.22000122070313,47.65999984741211,50.81000137329102,50.61517333984375
2019-08-06,5565800,49.72999954223633,50.81000137329102,48.88000106811523,50.70000076293945,50.50559616088867
2019-08-05,8960100,51.0,51.04999923706055,47.5099983215332,48.83000183105469,48.64276504516602
2019-08-02,6777700,54.20000076293945,54.31999969482422,52.540000915527344,53.59999847412109,53.39447021484375
2019-08-01,7330100,56.31000137329102,58.1500015258789,54.25,54.790000915527344,54.57991409301758
2019-07-31,5141400,58.31999969482422,58.43000030517578,54.93000030517578,56.209999084472656,55.99446868896485
2019-07-30,2323400,57.68999862670898,58.40999984741211,57.45000076293945,58.22000122070313,57.99676132202149
2019-07-29,2174600,58.84999847412109,58.86999893188477,58.2400016784668,58.63999938964844,58.41514587402344
2019-07-26,1986400,58.22999954223633,59.04999923706055,58.13999938964844,58.93999862670898,58.71399688720703
2019-07-25,3262200,58.36999893188477,58.38000106811523,57.27000045776367,57.7599983215332,57.53852081298828
2019-07-24,2343100,57.36000061035156,58.63000106811523,57.31000137329102,58.63000106811523,58.40518951416016
2019-07-23,2501100,57.34999847412109,57.84000015258789,56.83000183105469,57.83000183105469,57.60825729370117
2019-07-22,2060900,56.5,56.97000122070313,56.1500015258789,56.66999816894531,56.45270156860352
2019-07-19,2900500,57.88999938964844,57.93999862670898,56.11999893188477,56.2599983215332,56.04427337646485
2019-07-18,2605200,56.290000915527344,57.43999862670898,55.9900016784668,57.2400016784668,57.0205192565918
2019-07-17,2749400,57.77999877929688,57.9000015258789,56.63000106811523,56.65999984741211,56.44274139404297
2019-07-16,2063600,58.33000183105469,58.43000030517578,57.61000061035156,57.81000137329102,57.58833312988281
2019-07-15,1393200,58.58000183105469,58.59999847412109,58.08000183105469,58.38999938964844,58.16610717773438
2019-07-12,2712700,57.88999938964844,58.38000106811523,57.68000030517578,58.38000106811523,58.15614700317383
2019-07-11,3043800,57.59000015258789,57.72999954223633,56.93000030517578,57.56999969482422,57.34925079345703
2019-07-10,3641800,57.08000183105469,57.790000915527344,56.72999954223633,57.22000122070313,57.00059509277344
2019-07-09,1796700,55.43999862670898,56.58000183105469,55.43999862670898,56.41999816894531,56.20365905761719
2019-07-08,2525600,56.31000137329102,56.4900016784668,55.84999847412109,56.22999954223633,56.01438903808594
2019-07-05,2823400,56.54999923706055,57.25,55.75,57.08000183105469,56.86113357543945
2019-07-03,2007700,56.43999862670898,57.34000015258789,56.34999847412109,57.33000183105469,57.11017608642578
2019-07-02,2202800,55.56999969482422,56.09000015258789,55.06000137329102,56.09000015258789,55.87492752075195
2019-07-01,4760300,56.15999984741211,56.31999969482422,54.88000106811523,55.56000137329102,55.346961975097656
2019-06-28,3692200,53.93000030517578,54.45000076293945,53.63000106811523,54.1500015258789,53.94236755371094
2019-06-27,2358300,53.2599983215332,53.6500015258789,53.04999923706055,53.4000015258789,53.19524383544922
2019-06-26,2980700,53.52999877929688,53.83000183105469,52.75,52.81000137329102,52.60750579833984
2019-06-25,4122900,54.61000061035156,54.63000106811523,52.88999938964844,53.040000915527344,52.83662033081055
2019-06-24,1894800,55.02000045776367,55.22000122070313,54.59000015258789,54.72000122070313,54.4215202331543
2019-06-21,2931300,54.97000122070313,55.75,54.77000045776367,54.93999862670898,54.64031982421875
2019-06-20,3900400,55.25,55.4000015258789,53.91999816894531,55.1500015258789,54.84917449951172
2019-06-19,3436400,53.34999847412109,53.959999084472656,52.75,53.65999984741211,53.36730194091797
2019-06-18,4709100,52.7599983215332,53.91999816894531,52.540000915527344,53.22000122070313,52.92970275878906
2019-06-17,2992800,51.7400016784668,52.11000061035156,51.56000137329102,51.68999862670898,51.40804672241211
2019-06-14,1934500,51.59999847412109,51.959999084472656,51.16999816894531,51.59999847412109,51.31853485107422
2019-06-13,3268100,51.72000122070313,52.0,51.290000915527344,51.86000061035156,51.57712173461914
2019-06-12,3043900,51.31999969482422,51.6500015258789,50.88000106811523,51.18999862670898,50.91077423095703
2019-06-11,4324900,52.59999847412109,52.79999923706055,51.09000015258789,51.47000122070313,51.189247131347656
2019-06-10,5488700,51.72999954223633,52.5,51.47999954223633,51.5099983215332,51.2290267944336
2019-06-07,5140400,49.93999862670898,51.43999862670898,49.83000183105469,50.81000137329102,50.5328483581543
2019-06-06,3629000,48.59000015258789,49.72999954223633,48.20000076293945,49.31999969482422,49.05097198486328
2019-06-05,3986500,48.11000061035156,48.43000030517578,47.08000183105469,48.4000015258789,48.13599395751953
2019-06-04,4221100,45.54999923706055,47.27000045776367,45.29999923706055,47.209999084472656,46.95248794555664
2019-06-03,6459900,44.65999984741211,45.27999877929688,43.58000183105469,44.33000183105469,44.08819961547852
2019-05-31,6215200,45.11999893188477,45.59999847412109,44.650001525878906,44.68999862670898,44.44622802734375
2019-05-30,5670500,46.59000015258789,47.06000137329102,45.95000076293945,46.59999847412109,46.34580993652344
2019-05-29,5196800,46.5099983215332,46.75,45.41999816894531,46.27000045776367,46.017616271972656
2019-05-28,3507700,48.66999816894531,49.22999954223633,47.16999816894531,47.209999084472656,46.95248794555664
2019-05-24,3428000,49.040000915527344,49.2599983215332,48.16999816894531,48.5099983215332,48.24539184570313
2019-05-23,7066600,48.790000915527344,48.790000915527344,47.38000106811523,48.31999969482422,48.05643081665039
2019-05-22,3565400,49.97000122070313,50.63999938964844,49.81000137329102,50.11999893188477,49.84661102294922
2019-05-21,3484400,50.20000076293945,50.77999877929688,50.06000137329102,50.54999923706055,50.27426910400391
2019-05-20,6437700,49.29999923706055,50.0,48.79999923706055,49.27999877929688,49.011192321777344
2019-05-17,5522200,49.86999893188477,51.709999084472656,49.86999893188477,50.25,49.97590255737305
2019-05-16,5784400,50.27999877929688,52.040000915527344,50.25,51.209999084472656,50.9306640625
2019-05-15,7254400,48.09000015258789,50.25,47.959999084472656,49.86000061035156,49.58802795410156
2019-05-14,6336100,48.31000137329102,49.9000015258789,48.25,49.0099983215332,48.7426643371582
2019-05-13,14446700,48.56000137329102,49.1500015258789,47.25,47.81000137329102,47.54921340942383
2019-05-10,8229300,50.34000015258789,52.09000015258789,48.56000137329102,51.63000106811523,51.3483772277832
2019-05-09,9804500,50.09999847412109,51.2400016784668,49.09000015258789,50.90999984741211,50.632301330566406
2019-05-08,6733300,51.4000015258789,52.40999984741211,51.02999877929688,51.43000030517578,51.14946746826172
2019-05-07,11566900,52.86000061035156,53.22000122070313,50.43999862670898,51.66999816894531,51.38815689086914
2019-05-06,6232100,52.31000137329102,54.61000061035156,52.15999984741211,54.38999938964844,54.09331893920898
2019-05-03,3415700,54.38000106811523,55.209999084472656,54.2400016784668,55.040000915527344,54.73977279663086
2019-05-02,8492000,53.72000122070313,54.31999969482422,52.56999969482422,53.52999877929688,53.23801040649414
2019-05-01,5617700,55.5099983215332,55.61999893188477,53.84999847412109,53.86000061035156,53.56620788574219
2019-04-30,2923700,54.81000137329102,55.27999877929688,53.93000030517578,55.09999847412109,54.79944610595703
2019-04-29,4206600,54.81999969482422,55.34999847412109,54.790000915527344,55.0099983215332,54.709938049316406
2019-04-26,3573000,54.06000137329102,54.83000183105469,53.59000015258789,54.81999969482422,54.52097702026367
2019-04-25,3259500,54.09000015258789,54.45000076293945,53.31000137329102,54.040000915527344,53.74523162841797
2019-04-24,2899000,54.5,54.68999862670898,54.09000015258789,54.209999084472656,53.91429901123047
2019-04-23,3468800,53.34999847412109,54.68000030517578,53.20000076293945,54.52999877929688,54.2325553894043
2019-04-22,1852100,52.5099983215332,53.22000122070313,52.47000122070313,53.16999816894531,52.87997436523438
2019-04-18,3301500,53.06000137329102,53.15999984741211,52.25,53.0,52.710899353027344
2019-04-17,4539900,53.7599983215332,53.77000045776367,52.45000076293945,52.72000122070313,52.43243408203125
2019-04-16,3044000,53.540000915527344,53.59999847412109,52.7599983215332,53.18000030517578,52.88991928100586
2019-04-15,2792100,53.20000076293945,53.25,52.54999923706055,53.02999877929688,52.74073791503906
2019-04-12,2966500,53.06999969482422,53.31999969482422,52.6500015258789,53.16999816894531,52.87997436523438
2019-04-11,3173600,52.43999862670898,52.43999862670898,51.7599983215332,52.11999893188477,51.83570098876953
2019-04-10,2718500,51.88999938964844,52.22000122070313,51.6500015258789,52.18000030517578,51.89537811279297
2019-04-09,3413800,51.86999893188477,52.06999969482422,51.33000183105469,51.6500015258789,51.36826705932617
2019-04-08,3529300,52.08000183105469,52.52000045776367,51.70000076293945,52.4900016784668,52.20368957519531
2019-04-05,4108900,52.02000045776367,52.36999893188477,51.84000015258789,52.290000915527344,52.00477600097656
2019-04-04,3359300,51.40999984741211,51.7599983215332,50.9900016784668,51.61999893188477,51.33842849731445
2019-04-03,5245700,51.72999954223633,51.959999084472656,50.88000106811523,51.290000915527344,51.01022720336914
2019-04-02,4049800,51.04999923706055,51.13000106811523,50.54999923706055,50.9900016784668,50.71186447143555
2019-04-01,4406000,50.34999847412109,51.11000061035156,50.209999084472656,51.0,50.7218132019043
2019-03-29,4966500,49.18000030517578,49.38000106811523,48.52000045776367,49.27999877929688,49.011192321777344
2019-03-28,4581200,48.11999893188477,48.54999923706055,47.459999084472656,48.34000015258789,48.07632064819336
2019-03-27,6746300,48.540000915527344,48.88000106811523,46.88999938964844,47.83000183105469,47.5691032409668
2019-03-26,6481200,48.4900016784668,49.09000015258789,47.75,48.5099983215332,48.24539184570313
2019-03-25,7634700,47.41999816894531,48.06999969482422,46.790000915527344,47.5099983215332,47.25084686279297
2019-03-22,11877700,49.72999954223633,50.02999877929688,47.58000183105469,47.63000106811523,47.37019729614258
2019-03-21,5041100,48.38999938964844,50.77000045776367,48.38999938964844,50.5099983215332,50.2344856262207
2019-03-20,9180800,49.18000030517578,49.91999816894531,48.27000045776367,48.9000015258789,48.63326644897461
2019-03-19,6559600,50.040000915527344,50.47999954223633,48.93000030517578,49.5099983215332,49.14645004272461
2019-03-18,3835900,49.0099983215332,49.59999847412109,48.88999938964844,49.47999954223633,49.11666870117188
2019-03-15,6317500,48.4900016784668,49.36000061035156,48.40999984741211,48.93000030517578,48.57070922851562
2019-03-14,3121400,48.31999969482422,48.56000137329102,47.959999084472656,48.22999954223633,47.87585067749024
2019-03-13,5112700,47.88000106811523,48.84999847412109,47.79999923706055,48.33000183105469,47.9751205444336
2019-03-12,3430000,47.1500015258789,47.68000030517578,47.08000183105469,47.38999938964844,47.04202270507813
2019-03-11,3549600,45.290000915527344,46.959999084472656,45.290000915527344,46.90999984741211,46.56554412841797
2019-03-08,5334700,44.16999816894531,45.0,43.90999984741211,44.95000076293945,44.61993789672852
2019-03-07,6956700,46.11999893188477,46.18000030517578,44.72000122070313,45.22999954223633,44.89787673950195
2019-03-06,4751800,47.29999923706055,47.29999923706055,46.20000076293945,46.38999938964844,46.04936218261719
2019-03-05,3638300,47.52999877929688,47.63000106811523,46.959999084472656,47.2599983215332,46.9129753112793
2019-03-04,9849100,48.61000061035156,48.72000122070313,46.1500015258789,47.459999084472656,47.11150360107422
2019-03-01,4034700,48.0099983215332,48.2400016784668,47.18999862670898,48.02999877929688,47.67731475830078
2019-02-28,3177500,47.2400016784668,47.5,46.93999862670898,47.09000015258789,46.74422454833984
2019-02-27,4401000,47.06999969482422,47.61999893188477,46.540000915527344,47.40999984741211,47.06187438964844
2019-02-26,3592300,47.36999893188477,47.97000122070313,47.27999877929688,47.4900016784668,47.14128494262695
2019-02-25,9505300,48.22000122070313,48.52000045776367,47.54999923706055,47.63999938964844,47.29018020629883
2019-02-22,6804900,46.91999816894531,47.52000045776367,46.75,47.43999862670898,47.09165573120117
2019-02-21,4845900,46.72000122070313,46.88999938964844,46.02000045776367,46.56000137329102,46.21811294555664
2019-02-20,5591700,46.79999923706055,47.33000183105469,46.5,47.08000183105469,46.73429489135742
2019-02-19,2754300,46.11999893188477,47.18000030517578,46.11000061035156,46.79999923706055,46.45635223388672
2019-02-15,4552300,46.09999847412109,46.59000015258789,45.959999084472656,46.56999969482422,46.22804260253906
2019-02-14,4721300,44.810001373291016,45.72999954223633,44.34999847412109,45.11999893188477,44.7886848449707
2019-02-13,3949700,45.47999954223633,45.90999984741211,45.22999954223633,45.43000030517578,45.096412658691406
2019-02-12,5635600,44.209999084472656,45.22000122070313,44.16999816894531,45.02999877929688,44.69934463500977
2019-02-11,5980400,43.63000106811523,43.7599983215332,43.06999969482422,43.36999893188477,43.05153274536133
2019-02-08,3611600,42.41999816894531,43.29999923706055,42.02000045776367,43.29999923706055,42.98205184936523
2019-02-07,9567700,43.5099983215332,43.810001373291016,42.2400016784668,43.13999938964844,42.82322311401367
2019-02-06,4021800,44.43999862670898,44.709999084472656,44.0099983215332,44.41999816894531,44.09382247924805
2019-02-05,6249900,44.310001373291016,44.77000045776367,44.02999877929688,44.63999938964844,44.31221389770508
2019-02-04,3434100,43.18000030517578,44.09000015258789,42.81999969482422,44.06999969482422,43.746395111083984
2019-02-01,7171900,43.209999084472656,43.709999084472656,42.75,43.150001525878906,42.833152770996094
2019-01-31,5784500,41.95000076293945,43.33000183105469,41.86999893188477,43.09000015258789,42.77359771728516
2019-01-30,5945000,40.88999938964844,42.45000076293945,40.5,42.040000915527344,41.73130798339844
2019-01-29,3156400,40.33000183105469,40.63000106811523,39.709999084472656,40.150001525878906,39.85518264770508
2019-01-28,4727900,40.09999847412109,40.33000183105469,39.38000106811523,40.33000183105469,40.03386306762695
2019-01-25,5249000,41.18000030517578,41.65999984741211,40.93999862670898,41.2400016784668,40.93717956542969
2019-01-24,4187500,40.06999969482422,40.5099983215332,39.54999923706055,40.2599983215332,39.96437072753906
2019-01-23,5711400,40.47000122070313,40.790000915527344,38.93000030517578,40.150001525878906,39.85518264770508
2019-01-22,6361000,40.86999893188477,40.97000122070313,39.11999893188477,39.959999084472656,39.66657638549805
2019-01-18,6336100,40.97999954223633,41.88000106811523,40.560001373291016,41.61999893188477,41.31438446044922
2019-01-17,5109000,38.72999954223633,40.47000122070313,38.709999084472656,40.04999923706055,39.75591659545898
2019-01-16,4467200,39.11999893188477,39.61999893188477,39.02000045776367,39.150001525878906,38.862525939941406
2019-01-15,4780700,37.810001373291016,39.060001373291016,37.810001373291016,38.91999816894531,38.63420867919922
2019-01-14,3147700,37.38000106811523,38.0099983215332,37.18000030517578,37.650001525878906,37.37354278564453
2019-01-11,3871200,37.75,38.31999969482422,37.459999084472656,38.29999923706055,38.01876449584961
2019-01-10,4590100,37.13999938964844,38.40999984741211,36.810001373291016,38.33000183105469,38.04854965209961
2019-01-09,4666200,37.7400016784668,38.33000183105469,37.150001525878906,37.86999893188477,37.59192276000977
2019-01-08,5667600,37.45000076293945,37.650001525878906,36.20000076293945,37.34999847412109,37.07573699951172
2019-01-07,6417500,35.68000030517578,37.02999877929688,35.220001220703125,36.34000015258789,36.07315826416016
2019-01-04,8118500,33.639999389648445,35.83000183105469,33.470001220703125,35.529998779296875,35.26910781860352
2019-01-03,7631600,34.0099983215332,34.130001068115234,32.06999969482422,32.25,32.013187408447266
2019-01-02,7082700,33.11999893188477,35.2400016784668,33.049999237060554,34.84999847412109,34.594100952148445
2018-12-31,5689900,34.549999237060554,34.810001373291016,33.740001678466804,34.779998779296875,34.524612426757805
2018-12-28,12550900,34.549999237060554,35.33000183105469,33.310001373291016,33.86999893188477,33.62129592895508
2018-12-27,10967800,31.770000457763672,34.060001373291016,30.29999923706055,34.029998779296875,33.78011703491211
2018-12-26,12113800,29.5,33.150001525878906,28.64999961853028,33.150001525878906,32.90658569335937
2018-12-24,7791500,30.79999923706055,31.29999923706055,28.96999931335449,29.0,28.68381690979004
2018-12-21,14374900,33.959999084472656,35.15999984741211,31.20000076293945,31.479999542236328,31.136777877807614
2018-12-20,12686000,34.68000030517578,35.41999816894531,32.5,33.59000015258789,33.22377777099609
2018-12-19,11783600,37.02999877929688,38.810001373291016,34.5,35.31999969482422,34.93490982055664
2018-12-18,5696700,37.90999984741211,38.22999954223633,36.22999954223633,37.02000045776367,36.61638259887695
2018-12-17,9392100,38.959999084472656,39.52000045776367,36.290000915527344,37.09000015258789,36.68561553955078
2018-12-14,5422000,40.63999938964844,41.15999984741211,39.16999816894531,39.47999954223633,39.049560546875
2018-12-13,5360700,42.34999847412109,42.79999923706055,41.209999084472656,41.81999969482422,41.36404418945313
2018-12-12,6482500,42.790000915527344,43.4900016784668,41.83000183105469,41.86999893188477,41.41350173950195
2018-12-11,7024800,42.86000061035156,42.9900016784668,40.47000122070313,41.22000122070313,40.77058792114258
2018-12-10,8269100,40.88000106811523,41.72000122070313,38.68000030517578,41.22999954223633,40.78047561645508
2018-12-07,10764000,43.86000061035156,44.77999877929688,40.54999923706055,41.040000915527344,40.59254837036133
2018-12-06,9339300,42.13000106811523,44.13999938964844,40.43999862670898,44.13000106811523,43.64885711669922
2018-12-04,11963600,48.61999893188477,48.84000015258789,44.13999938964844,44.40999984741211,43.92580795288086
2018-12-03,6024800,49.6500015258789,49.70000076293945,48.18999862670898,49.06999969482422,48.53499984741211
2018-11-30,4818600,46.27000045776367,47.56999969482422,46.11999893188477,47.31000137329102,46.794189453125
2018-11-29,5724200,46.27999877929688,47.20000076293945,45.61999893188477,46.38000106811523,45.87433242797852
2018-11-28,6384400,44.29999923706055,46.70000076293945,43.77000045776367,46.68000030517578,46.17105484008789
2018-11-27,3550700,42.709999084472656,43.68999862670898,42.38000106811523,43.68999862670898,43.21365356445313
2018-11-26,4116100,42.5099983215332,43.29999923706055,42.27000045776367,43.27000045776367,42.79824066162109
2018-11-23,2233900,41.209999084472656,42.02999877929688,41.209999084472656,41.31999969482422,40.8694953918457
2018-11-21,3888100,42.5,43.13999938964844,42.13000106811523,42.16999816894531,41.710227966308594
2018-11-20,6994500,42.34999847412109,43.150001525878906,41.2400016784668,41.77000045776367,41.31459045410156
2018-11-19,7912600,46.2599983215332,46.38000106811523,43.68999862670898,44.290000915527344,43.80711364746094
2018-11-16,7126000,45.63000106811523,47.09000015258789,45.27999877929688,46.56999969482422,46.06225967407226
2018-11-15,7082600,44.11999893188477,46.47999954223633,43.25,46.2400016784668,45.73585510253906
2018-11-14,11150200,46.86000061035156,47.08000183105469,43.959999084472656,44.810001373291016,44.32144546508789
2018-11-13,7649100,46.33000183105469,47.459999084472656,45.4000015258789,45.81000137329102,45.31054306030274
2018-11-12,6458700,48.5,48.6500015258789,45.77000045776367,46.040000915527344,45.53804016113281
2018-11-09,5622000,49.47999954223633,49.61000061035156,47.97000122070313,48.88000106811523,48.34707260131836
2018-11-08,4855400,50.11999893188477,50.70000076293945,49.61000061035156,50.27000045776367,49.72192001342773
2018-11-07,6292900,48.84000015258789,50.6500015258789,48.58000183105469,50.56999969482422,50.01864242553711
2018-11-06,4844400,46.63000106811523,47.63999938964844,46.61999893188477,47.54999923706055,47.03157043457031
2018-11-05,3629000,46.18000030517578,46.9900016784668,45.6500015258789,46.709999084472656,46.20072937011719
2018-11-02,9459700,47.38999938964844,47.63999938964844,44.75,45.86999893188477,45.36988830566406
2018-11-01,6223400,45.83000183105469,46.88000106811523,45.20000076293945,46.790000915527344,46.27985763549805
2018-10-31,7980000,45.36000061035156,46.61999893188477,45.11000061035156,45.36999893188477,44.87533950805664
2018-10-30,8710800,42.0,44.11999893188477,41.72000122070313,44.0,43.5202751159668
2018-10-29,10189800,44.47999954223633,45.18000030517578,40.15999984741211,42.04999923706055,41.59153747558594
2018-10-26,13321000,43.09000015258789,44.540000915527344,41.29999923706055,42.790000915527344,42.32346725463867
2018-10-25,8038000,43.90999984741211,46.04999923706055,43.34999847412109,45.25,44.75665283203125
2018-10-24,11146600,47.08000183105469,47.290000915527344,42.61999893188477,42.86999893188477,42.402591705322266
2018-10-23,10320400,45.79999923706055,47.86999893188477,44.61999893188477,47.18999862670898,46.67549514770508
2018-10-22,6699800,49.02000045776367,49.22000122070313,47.65999984741211,48.0099983215332,47.4865608215332
2018-10-19,6337500,49.13000106811523,50.2400016784668,48.22999954223633,48.61999893188477,48.08990097045898
2018-10-18,8487800,50.38000106811523,50.72000122070313,47.95000076293945,48.7599983215332,48.22837829589844
2018-10-17,6785400,50.959999084472656,51.34000015258789,49.38999938964844,50.95000076293945,50.39450073242188
2018-10-16,6350000,48.97999954223633,51.18000030517578,48.70000076293945,50.84000015258789,50.28570175170898
2018-10-15,6010800,48.41999816894531,49.209999084472656,47.7599983215332,47.84000015258789,47.31840896606445
2018-10-12,10416300,49.09000015258789,49.22999954223633,46.79999923706055,48.65999984741211,48.12946701049805
2018-10-11,17683200,49.40999984741211,50.31999969482422,45.72999954223633,46.77000045776367,46.26007843017578
2018-10-10,10046000,54.97000122070313,54.9900016784668,49.81999969482422,50.0099983215332,49.46475219726562
2018-10-09,4344500,55.34000015258789,56.16999816894531,54.95000076293945,55.34000015258789,54.73663711547852
2018-10-08,5036100,55.11999893188477,55.79999923706055,54.22000122070313,55.56000137329102,54.95423889160156
2018-10-05,5578100,56.65999984741211,57.0099983215332,54.63999938964844,55.6500015258789,55.04325866699219
2018-10-04,5871600,57.59999847412109,57.59999847412109,55.47000122070313,56.54999923706055,55.93344116210938
2018-10-03,2721500,58.5,58.81999969482422,57.68999862670898,57.93999862670898,57.30829238891602
2018-10-02,2173600,57.86999893188477,58.31999969482422,57.59999847412109,57.86000061035156,57.22916412353516
2018-10-01,3455500,58.16999816894531,58.6500015258789,57.5,57.91999816894531,57.28850555419922
2018-09-28,2587900,56.95000076293945,57.68000030517578,56.90999984741211,57.27000045776367,56.64559936523438
2018-09-27,2258100,57.16999816894531,58.06000137329102,57.0099983215332,57.33000183105469,56.7049446105957
2018-09-26,2845000,57.4900016784668,58.29999923706055,56.63000106811523,56.86999893188477,56.24995422363281
2018-09-25,1731300,57.93000030517578,58.0,57.31000137329102,57.43999862670898,56.776161193847656
2018-09-24,2205000,57.83000183105469,57.91999816894531,57.2400016784668,57.66999816894531,57.00349807739258
2018-09-21,2874300,58.86000061035156,58.95000076293945,58.11000061035156,58.209999084472656,57.5372543334961
2018-09-20,2687700,57.790000915527344,58.59999847412109,57.77000045776367,58.36999893188477,57.69540786743164
2018-09-19,1690700,56.88000106811523,57.29999923706055,56.79999923706055,57.040000915527344,56.38078308105469
2018-09-18,2325500,56.06999969482422,57.22999954223633,56.06999969482422,56.84999847412109,56.19297409057617
2018-09-17,2453400,56.81000137329102,56.84999847412109,55.77999877929688,55.95000076293945,55.30337524414063
2018-09-14,2729000,57.02000045776367,57.09000015258789,56.36000061035156,56.9000015258789,56.24239730834961
2018-09-13,2843600,56.58000183105469,56.97999954223633,56.36999893188477,56.84000015258789,56.1830940246582
2018-09-12,3063800,55.86999893188477,56.27999877929688,55.38000106811523,55.91999816894531,55.27372360229492
2018-09-11,2230300,54.9000015258789,56.1500015258789,54.66999816894531,55.90999984741211,55.26383972167969
2018-09-10,2125000,55.70000076293945,55.84000015258789,55.18000030517578,55.33000183105469,54.69054412841797
2018-09-07,2952800,54.70000076293945,55.68000030517578,54.52999877929688,55.02000045776367,54.38412475585938
2018-09-06,3286600,55.93999862670898,56.1500015258789,54.70000076293945,55.38000106811523,54.73996353149414
2018-09-05,2729800,56.11999893188477,56.25,55.2400016784668,55.91999816894531,55.27372360229492
2018-09-04,2508900,56.36000061035156,56.59999847412109,55.70000076293945,56.38000106811523,55.72840881347656
2018-08-31,3003500,56.38000106811523,56.97999954223633,56.08000183105469,56.63000106811523,55.97551345825195
2018-08-30,3559000,57.02999877929688,57.31000137329102,56.290000915527344,56.6500015258789,55.99529266357422
2018-08-29,3288000,56.63000106811523,57.56000137329102,56.4900016784668,57.38999938964844,56.72673797607422
2018-08-28,2546700,56.75,56.79999923706055,56.209999084472656,56.47000122070313,55.81736755371094
2018-08-27,2836900,55.90999984741211,56.5,55.81000137329102,56.38999938964844,55.7382926940918
2018-08-24,2504200,54.52000045776367,55.22000122070313,54.4900016784668,55.11000061035156,54.47309112548828
2018-08-23,2608100,54.2400016784668,54.81999969482422,53.95000076293945,54.13000106811523,53.50441360473633
2018-08-22,1841100,54.25,54.7400016784668,54.06999969482422,54.43999862670898,53.81082534790039
2018-08-21,2977100,54.45000076293945,55.06999969482422,54.36999893188477,54.47000122070313,53.84048461914063
2018-08-20,1973700,54.08000183105469,54.31000137329102,53.790000915527344,54.16999816894531,53.54395294189453
2018-08-17,3531300,53.06000137329102,54.08000183105469,52.84999847412109,53.7599983215332,53.13868713378906
2018-08-16,3017800,52.88999938964844,53.79999923706055,52.88000106811523,53.2400016784668,52.62470245361328
2018-08-15,4748600,52.34999847412109,52.43000030517578,51.09000015258789,52.06000137329102,51.45833969116211
2018-08-14,2510800,52.68999862670898,53.36000061035156,52.43000030517578,53.22999954223633,52.61481475830078
2018-08-13,3603800,52.97999954223633,53.36999893188477,52.02999877929688,52.25,51.64614486694336
2018-08-10,3460100,52.93999862670898,53.33000183105469,52.38000106811523,52.81000137329102,52.199668884277344
2018-08-09,1622000,54.20000076293945,54.43999862670898,53.83000183105469,53.9000015258789,53.27707290649414
2018-08-08,1850400,54.13999938964844,54.40999984741211,53.88000106811523,54.11000061035156,53.484642028808594
2018-08-07,2319200,54.13000106811523,54.4900016784668,54.06999969482422,54.22999954223633,53.60325241088867
2018-08-06,2222100,53.1500015258789,53.91999816894531,52.93000030517578,53.75,53.12880706787109
2018-08-03,2755100,52.56000137329102,53.18000030517578,52.45000076293945,53.16999816894531,52.55550384521485
2018-08-02,2738300,50.84999847412109,52.59000015258789,50.709999084472656,52.459999084472656,51.85371398925781
2018-08-01,1992900,52.02000045776367,52.36000061035156,51.27000045776367,51.70000076293945,51.10249328613281
2018-07-31,2998400,51.68000030517578,52.31000137329102,51.40999984741211,51.90999984741211,51.3100700378418
2018-07-30,3526000,52.040000915527344,52.1500015258789,50.84000015258789,51.1500015258789,50.5588493347168
2018-07-27,3355500,53.33000183105469,53.34000015258789,51.41999816894531,52.02000045776367,51.41880035400391
2018-07-26,2128200,53.02999877929688,53.540000915527344,52.959999084472656,53.04999923706055,52.4368896484375
2018-07-25,2789100,52.040000915527344,53.68999862670898,51.97999954223633,53.56000137329102,52.94100189208984
2018-07-24,3560500,52.2400016784668,52.68999862670898,51.63999938964844,52.13999938964844,51.53741455078125
2018-07-23,2062200,51.0,51.52000045776367,50.77999877929688,51.43999862670898,50.845497131347656
2018-07-20,2673000,51.16999816894531,51.56000137329102,51.02999877929688,51.13999938964844,50.54896545410156
2018-07-19,3201100,51.5099983215332,51.709999084472656,51.0099983215332,51.31999969482422,50.72688674926758
2018-07-18,1722400,51.63000106811523,51.9900016784668,51.38999938964844,51.91999816894531,51.3199462890625
2018-07-17,2587000,50.5099983215332,51.84999847412109,50.47999954223633,51.63000106811523,51.0333023071289
2018-07-16,2302600,51.16999816894531,51.25,50.72999954223633,50.9900016784668,50.40070343017578
2018-07-13,3146700,50.88999938964844,51.33000183105469,50.63000106811523,51.09999847412109,50.50942611694336
2018-07-12,3183700,50.47000122070313,51.04999923706055,50.08000183105469,51.0,50.41057968139648
2018-07-11,4748700,49.88000106811523,50.34000015258789,49.5,49.72999954223633,49.1552619934082
2018-07-10,2887900,50.5,50.88000106811523,50.36999893188477,50.79999923706055,50.21289443969727
2018-07-09,2399800,49.59999847412109,50.29999923706055,49.54999923706055,50.27000045776367,49.68902206420898
2018-07-06,3420100,47.77999877929688,49.18999862670898,47.54999923706055,48.91999816894531,48.35462188720703
2018-07-05,2455000,47.29999923706055,47.79999923706055,46.65999984741211,47.77000045776367,47.21792221069336
2018-07-03,1635800,47.68999862670898,47.72999954223633,46.4000015258789,46.59999847412109,46.06143569946289
2018-07-02,2651600,45.9000015258789,47.25,45.79999923706055,47.13999938964844,46.59519958496094
2018-06-29,3297000,47.31000137329102,48.09999847412109,46.83000183105469,46.88000106811523,46.33820343017578
2018-06-28,3046600,45.79999923706055,47.11999893188477,45.43999862670898,46.72999954223633,46.18993377685547
2018-06-27,4261200,47.40999984741211,48.2599983215332,45.84000015258789,45.90999984741211,45.37940979003906
2018-06-26,2579200,47.13000106811523,47.56999969482422,46.65999984741211,47.09000015258789,46.54577255249024
2018-06-25,6563500,48.08000183105469,48.18000030517578,45.790000915527344,46.84000015258789,46.29866409301758
2018-06-22,1836300,49.27999877929688,49.34000015258789,48.66999816894531,48.77999877929688,48.21623611450195
2018-06-21,2695500,49.43000030517578,49.47000122070313,48.2400016784668,48.54999923706055,47.98889923095703
2018-06-20,2474700,49.66999816894531,49.88999938964844,49.290000915527344,49.45000076293945,48.87849807739258
2018-06-19,3729500,48.459999084472656,49.43000030517578,48.22000122070313,49.29999923706055,48.68278884887695
2018-06-18,3153000,49.25,49.93999862670898,48.97999954223633,49.84999847412109,49.22589874267578
2018-06-15,3117500,49.93000030517578,50.38999938964844,49.22999954223633,50.209999084472656,49.58139419555664
2018-06-14,2358700,50.40999984741211,50.72999954223633,50.040000915527344,50.41999816894531,49.78876113891602
2018-06-13,3227600,50.68000030517578,50.84000015258789,49.91999816894531,50.0,49.3740234375
2018-06-12,2454700,50.61000061035156,50.75,50.13000106811523,50.58000183105469,49.94676208496094
2018-06-11,2622200,50.290000915527344,50.790000915527344,50.20000076293945,50.36000061035156,49.7295150756836
2018-06-08,4579000,49.40999984741211,50.18999862670898,49.33000183105469,50.1500015258789,49.52214050292969
2018-06-07,3373200,50.0,50.22000122070313,49.1500015258789,49.7599983215332,49.13702774047852
2018-06-06,2982700,48.91999816894531,49.83000183105469,48.52999877929688,49.83000183105469,49.2061538696289
2018-06-05,2453500,48.52000045776367,48.7599983215332,48.040000915527344,48.61000061035156,48.00142288208008
2018-06-04,2755200,48.2599983215332,48.59999847412109,48.11999893188477,48.47000122070313,47.86317443847656
2018-06-01,3131000,47.1500015258789,47.95000076293945,47.13000106811523,47.790000915527344,47.19169616699219
2018-05-31,4006400,47.0099983215332,47.209999084472656,46.06000137329102,46.33000183105469,45.74996948242188
2018-05-30,4252400,46.290000915527344,47.56000137329102,46.20000076293945,47.31000137329102,46.71769714355469
2018-05-29,4960400,46.16999816894531,46.59999847412109,44.84000015258789,45.56999969482422,44.99948120117188
2018-05-25,2305900,47.16999816894531,47.5,46.83000183105469,47.11999893188477,46.53007507324219
2018-05-24,2704600,47.59000015258789,47.70000076293945,46.43000030517578,47.52000045776367,46.92507553100586
2018-05-23,3815100,46.63333511352539,47.81666564941406,46.56000137329102,47.78666687011719,47.18840026855469
2018-05-22,4187400,48.17666625976562,48.290000915527344,47.22999954223633,47.41999816894531,46.8263168334961
2018-05-21,5125500,47.63333511352539,48.1500015258789,47.41999816894531,47.82666778564453,47.22790145874024
2018-05-18,4577400,46.94333267211914,47.13333511352539,46.56999969482422,46.77999877929688,46.1943359375
2018-05-17,5168700,47.07666778564453,47.77000045776367,46.68333435058594,47.14666748046875,46.55641555786133
2018-05-16,3451500,46.68000030517578,47.53333282470703,46.68000030517578,47.2599983215332,46.66831970214844
2018-05-15,6015000,46.959999084472656,46.97333145141602,46.1533317565918,46.66666793823242,46.08242416381836
2018-05-14,5231700,47.86666488647461,48.2599983215332,47.37333297729492,47.6866683959961,47.08965301513672
2018-05-11,5797200,47.290000915527344,47.790000915527344,46.97333145141602,47.48333358764648,46.88886260986328
2018-05-10,6376500,46.31999969482422,47.38999938964844,46.290000915527344,47.21666717529297,46.62553787231445
2018-05-09,5565300,45.00333404541016,46.106666564941406,44.73333358764648,45.9566650390625,45.38130569458008
2018-05-08,4633800,44.40999984741211,44.84000015258789,43.75333404541016,44.650001525878906,44.09099960327149
2018-05-07,6084600,44.6533317565918,45.20000076293945,44.25666809082031,44.63666534423828,44.07783126831055
2018-05-04,6670200,42.03666687011719,44.59333419799805,41.84999847412109,44.20333480834961,43.64992904663086
2018-05-03,8204100,42.34999847412109,42.93000030517578,40.83333206176758,42.5433349609375,42.01071166992188
2018-05-02,4910400,43.6533317565918,44.106666564941406,42.6533317565918,42.83333206176758,42.29707717895508
2018-05-01,5593800,43.24666595458984,43.83000183105469,42.36333465576172,43.75666809082031,43.20885848999024
2018-04-30,5589300,44.90999984741211,45.22333145141602,43.48333358764648,43.51666641235352,42.97186279296875
2018-04-27,4747500,44.81999969482422,44.973331451416016,44.04999923706055,44.560001373291016,44.00213241577149
2018-04-26,4868100,43.7066650390625,44.913333892822266,43.47000122070313,44.48666763305664,43.92971801757813
2018-04-25,7777500,42.79999923706055,43.40666580200195,41.8033332824707,43.16999816894531,42.62953186035156
2018-04-24,9785400,45.2599983215332,45.34999847412109,42.00333404541016,42.88000106811523,42.34316253662109
2018-04-23,4759500,45.03666687011719,45.31666564941406,44.04999923706055,44.66999816894531,44.11075210571289
2018-04-20,5093100,45.82666778564453,45.93000030517578,44.176666259765625,44.68999862670898,44.1304931640625
2018-04-19,6260100,46.22333145141602,46.36666488647461,45.26666641235352,45.84333419799805,45.2693977355957
2018-04-18,4535400,46.85333251953125,47.13999938964844,46.41666793823242,46.65999984741211,46.07583999633789
2018-04-17,5239500,46.1500015258789,46.9000015258789,45.83333206176758,46.56333160400391,45.98038101196289
2018-04-16,5657100,44.96666717529297,45.54999923706055,44.47666549682617,45.09999847412109,44.53536605834961
2018-04-13,7554900,45.22333145141602,45.24333190917969,43.48333358764648,44.040000915527344,43.4886360168457
2018-04-12,6122100,44.150001525878906,44.97000122070313,44.02999877929688,44.426666259765625,43.87046432495117
2018-04-11,5534400,43.2400016784668,44.33333206176758,43.23333358764648,43.39666748046875,42.85335922241211
2018-04-10,8892600,43.68000030517578,44.52999877929688,43.04999923706055,44.04999923706055,43.49851608276367
2018-04-09,7136700,42.3466682434082,43.94333267211914,41.86666488647461,42.0433349609375,41.51697158813477
2018-04-06,13354200,43.28333282470703,44.19333267211914,40.64666748046875,41.54666519165039,41.02651977539063
2018-04-05,8162400,44.38000106811523,44.95000076293945,43.79999923706055,44.473331451416016,43.91654586791992
2018-04-04,10872900,40.16666793823242,43.85333251953125,40.08666610717773,43.58666610717773,43.040977478027344
2018-04-03,6438300,41.26666641235352,42.36000061035156,40.2400016784668,42.12333297729492,41.59596633911133
2018-04-02,10707300,43.11000061035156,43.37333297729492,39.16999816894531,40.58666610717773,40.07853698730469
2018-03-29,9042000,42.43000030517578,44.4033317565918,42.0099983215332,43.57666778564453,43.03110504150391
2018-03-28,9954300,42.23666763305664,43.143333435058594,41.20000076293945,41.810001373291016,41.28656005859375
2018-03-27,11529900,44.97666549682617,45.29999923706055,41.3033332824707,42.163333892822266,41.63546371459961
2018-03-26,8427600,43.07666778564453,44.63000106811523,41.776668548583984,44.5,43.94287872314453
2018-03-23,9625800,44.18999862670898,44.35333251953125,41.01666641235352,41.0966682434082,40.58215713500977
2018-03-22,8663700,46.106666564941406,46.63000106811523,43.78666687011719,44.38333511352539,43.82767868041992
2018-03-21,5525400,47.7400016784668,49.00333404541016,47.36666488647461,47.540000915527344,46.94482040405274
2018-03-20,2912400,47.79999923706055,48.1966667175293,47.41666793823242,47.81666564941406,47.18774032592773
2018-03-19,7595400,49.16666793823242,49.16666793823242,46.58666610717773,47.60333251953125,46.97721099853516
2018-03-16,3723900,49.68333435058594,50.2599983215332,49.59000015258789,49.62666702270508,48.97393798828125
2018-03-15,5213100,49.9466667175293,50.32666778564453,49.1533317565918,49.4566650390625,48.80616760253906
2018-03-14,6090900,51.01666641235352,51.13333511352539,49.29666519165039,49.63333511352539,48.98051071166992
2018-03-13,7956600,52.16999816894531,52.46333312988281,50.05666732788086,50.43999862670898,49.77656936645508
2018-03-12,6120300,51.83666610717773,52.20000076293945,51.18999862670898,51.43000030517578,50.75354385375977
2018-03-09,6316500,49.93333435058594,51.61333465576172,49.73666763305664,51.61333465576172,50.93447113037109
2018-03-08,6303600,48.81999969482422,49.13333511352539,48.18000030517578,49.06000137329102,48.41472244262695
2018-03-07,6500400,47.11666488647461,48.59333419799805,47.02666854858398,48.41333389282226,47.77656173706055
2018-03-06,6267000,48.65666580200195,48.70333480834961,47.54666519165039,48.46666717529297,47.82919311523438
2018-03-05,7695900,45.77000045776367,48.43333435058594,45.72000122070313,48.08666610717773,47.45418930053711
2018-03-02,9051900,44.71333312988281,46.79999923706055,44.28666687011719,46.51666641235352,45.90483474731445
2018-03-01,10593600,47.7933349609375,48.67666625976562,44.86999893188477,45.81000137329102,45.20746231079102
2018-02-28,7773300,50.06000137329102,50.33666610717773,47.70333480834961,47.75333404541016,47.12524032592773
2018-02-27,9562500,51.459999084472656,51.88666534423828,49.36333465576172,49.36333465576172,48.71406555175781
2018-02-26,5719800,50.27000045776367,51.37666702270508,49.91666793823242,51.3466682434082,50.67131423950195
2018-02-23,5743200,48.08000183105469,49.62333297729492,47.79999923706055,49.62333297729492,48.97063446044922
2018-02-22,6901800,47.72999954223633,48.72666549682617,46.95000076293945,47.36666488647461,46.74365615844727
2018-02-21,7148700,48.16333389282226,49.643333435058594,47.143333435058594,47.17333221435547,46.55286407470703
2018-02-20,6822900,48.23333358764648,49.12666702270508,47.41999816894531,47.93999862670898,47.3094482421875
2018-02-16,7666800,48.4033317565918,50.01333236694336,48.36999893188477,48.79999923706055,48.15813827514648
2018-02-15,8042100,48.0,48.77333450317383,46.55666732788086,48.76333236694336,48.12195205688477
2018-02-14,9864600,44.4033317565918,47.21666717529297,44.34999847412109,47.0433349609375,46.42457962036133
2018-02-13,6528900,44.12666702270508,45.49666595458984,43.83333206176758,45.1866683959961,44.59233093261719
2018-02-12,11858400,44.13000106811523,45.67333221435547,43.150001525878906,44.7933349609375,44.20417785644531
2018-02-09,20016600,42.68000030517578,43.9566650390625,38.87333297729492,43.10333251953125,42.536399841308594
2018-02-08,14009100,46.53333282470703,46.61999893188477,41.13999938964844,41.19333267211914,40.65151977539063
2018-02-07,10406700,46.77000045776367,48.82666778564453,46.33666610717773,46.356666564941406,45.74694061279297
2018-02-06,13841400,42.356666564941406,47.41333389282226,41.83666610717773,47.25,46.6285285949707
2018-02-05,19445100,49.70000076293945,51.09333419799805,44.13000106811523,44.66999816894531,44.08245849609375
2018-02-02,10540500,53.52333450317383,53.65999984741211,50.88333511352539,50.93333435058594,50.26341247558594
2018-02-01,5818500,54.11999893188477,55.31999969482422,53.9566650390625,54.45333480834961,53.73711013793945
2018-01-31,6547500,55.14666748046875,55.47999954223633,53.959999084472656,55.22666549682617,54.500267028808594
2018-01-30,8032500,55.03666687011719,55.49333190917969,54.26333236694336,54.5533332824707,53.83580017089844
2018-01-29,6244200,57.10333251953125,57.38333511352539,56.23333358764648,56.3033332824707,55.56277847290039
2018-01-26,6879900,56.14666748046875,57.48333358764648,55.94333267211914,57.47999954223633,56.72397613525391
2018-01-25,5511600,56.09000015258789,56.14666748046875,55.06000137329102,55.58333206176758,54.85224914550781
2018-01-24,7908000,56.01666641235352,56.41666793823242,54.72999954223633,55.5099983215332,54.77988052368164
2018-01-23,6128400,55.27999877929688,55.77999877929688,55.05666732788086,55.61333465576172,54.8818588256836
2018-01-22,4673100,53.76333236694336,55.23666763305664,53.75666809082031,55.22666549682617,54.500267028808594
2018-01-19,6774900,53.57333374023438,53.92333221435547,53.21333312988281,53.9033317565918,53.19433975219727
2018-01-18,4314900,53.41666793823242,53.67666625976562,52.9033317565918,53.25,52.54960250854492
2018-01-17,6440100,52.606666564941406,53.74666595458984,52.1500015258789,53.49333190917969,52.78973770141602
2018-01-16,8537100,53.39666748046875,53.790000915527344,51.59333419799805,52.0,51.3160514831543
2018-01-12,5586000,51.74333190917969,52.66666793823242,51.66666793823242,52.54666519165039,51.85552215576172
2018-01-11,4733400,50.84000015258789,51.54999923706055,50.7066650390625,51.52999877929688,50.85223007202149
2018-01-10,5394000,50.23666763305664,50.6500015258789,49.83000183105469,50.48666763305664,49.8226203918457
2018-01-09,3892800,50.63666534423828,51.11000061035156,50.48666763305664,50.72333145141602,50.0561752319336
2018-01-08,3300000,50.05666732788086,50.47999954223633,49.86999893188477,50.36666488647461,49.70419692993164
2018-01-05,4261500,49.63999938964844,50.1966667175293,49.31666564941406,50.11666488647461,49.45748519897461
2018-01-04,3868200,48.95000076293945,49.4466667175293,48.88333511352539,49.15666580200195,48.51011276245117
2018-01-03,3050400,47.77666854858398,48.63333511352539,47.75333404541016,48.5433349609375,47.90485000610352
2018-01-02,4046400,47.1533317565918,47.67333221435547,46.93333435058594,47.67333221435547,47.04629135131836
2017-12-29,3319500,47.53333282470703,47.53333282470703,46.5433349609375,46.71666717529297,46.10220336914063
2017-12-28,3035100,47.18000030517578,47.22000122070313,46.97333145141602,47.17333221435547,46.55286407470703
2017-12-27,2742000,46.9366683959961,47.14666748046875,46.78333282470703,46.9566650390625,46.33905029296875
2017-12-26,1749600,46.77666854858398,46.97333145141602,46.72333145141602,46.856666564941406,46.24036407470703
2017-12-22,2432100,47.10333251953125,47.11999893188477,46.73666763305664,47.040000915527344,46.42128372192383
2017-12-21,3211200,47.15666580200195,47.51333236694336,46.97333145141602,47.08333206176758,46.46405029296875
2017-12-20,3203100,47.4900016784668,47.52333450317383,46.65666580200195,46.84000015258789,46.22391891479492
2017-12-19,4062000,47.61333465576172,47.62666702270508,46.87666702270508,46.92333221435547,46.30615997314453
2017-12-18,3535500,47.41666793823242,47.66666793823242,47.34999847412109,47.46666717529297,46.84234237670898
2017-12-15,5444700,46.0533332824707,46.83333206176758,46.0099983215332,46.57666778564453,45.96405029296875
2017-12-14,3976800,46.21666717529297,46.2599983215332,45.41999816894531,45.47000122070313,44.8719367980957
2017-12-13,5025000,46.21333312988281,46.45333480834961,45.99333190917969,46.03333282470703,45.42786026000977
2017-12-12,4324200,45.97333145141602,46.34333419799805,45.83666610717773,46.06000137329102,45.45417785644531
2017-12-11,2977500,45.45333480834961,45.84999847412109,45.39666748046875,45.83666610717773,45.2337760925293
2017-12-08,2828100,45.16666793823242,45.41999816894531,45.01666641235352,45.4000015258789,44.8028564453125
2017-12-07,3219000,44.2066650390625,44.86666488647461,44.13000106811523,44.68333435058594,44.09561538696289
2017-12-06,3355500,44.09000015258789,44.53666687011719,44.01333236694336,44.26666641235352,43.68443298339844
2017-12-05,4526400,44.88666534423828,45.25,44.18000030517578,44.26666641235352,43.68443298339844
2017-12-04,6101100,45.87333297729492,46.10333251953125,44.72666549682617,44.73666763305664,44.14825439453125
2017-12-01,8116800,45.0966682434082,45.35333251953125,43.0433349609375,44.90999984741211,44.319297790527344
2017-11-30,6443700,44.56666564941406,45.71666717529297,44.52333450317383,45.15666580200195,44.562721252441406
2017-11-29,5098800,44.23333358764648,44.526668548583984,43.8033332824707,44.060001373291016,43.4804801940918
2017-11-28,3896400,43.11666488647461,44.15999984741211,43.04999923706055,44.13999938964844,43.55942916870117
2017-11-27,3218100,42.91999816894531,43.10333251953125,42.73333358764648,42.86999893188477,42.30613327026367
2017-11-24,1450200,42.88333511352539,42.973331451416016,42.823333740234375,42.89666748046875,42.33245468139648
2017-11-22,2610600,42.76666641235352,42.81333160400391,42.53666687011719,42.62333297729492,42.06271362304688
2017-11-21,4536900,42.36333465576172,42.84000015258789,42.323333740234375,42.75,42.18771362304688
2017-11-20,3399300,41.87333297729492,42.040000915527344,41.723331451416016,41.936668395996094,41.38507843017578
2017-11-17,3630900,41.900001525878906,42.01666641235352,41.68999862670898,41.7599983215332,41.210731506347656
2017-11-16,4305900,41.55666732788086,42.30666732788086,41.55666732788086,42.073333740234375,41.51994705200195
2017-11-15,5361300,41.209999084472656,41.4566650390625,40.68999862670898,41.09000015258789,40.5495491027832
2017-11-14,5130900,41.56666564941406,41.76666641235352,41.12333297729492,41.73666763305664,41.18770599365234
2017-11-13,2953200,41.51666641235352,42.12666702270508,41.48333358764648,42.0,41.44757461547852
2017-11-10,3720000,41.71333312988281,41.95000076293945,41.54999923706055,41.88999938964844,41.33901977539063
2017-11-09,7543800,41.70000076293945,42.04999923706055,41.06666564941406,41.9466667175293,41.39495086669922
2017-11-08,3026100,42.11999893188477,42.46666717529297,41.96333312988281,42.43333435058594,41.87521743774414
2017-11-07,4627500,42.36666488647461,42.54666519165039,41.92333221435547,42.22666549682617,41.6712646484375
2017-11-06,3024600,42.02333450317383,42.36666488647461,41.9900016784668,42.26333236694336,41.70744705200195
2017-11-03,3261000,41.7933349609375,42.13000106811523,41.5533332824707,42.09333419799805,41.53968048095703
2017-11-02,3415800,41.62666702270508,41.77333450317383,41.02999877929688,41.71666717529297,41.16797637939453
2017-11-01,3559500,41.91999816894531,42.11333465576172,41.46333312988281,41.68999862670898,41.14165496826172
2017-10-31,2879400,41.52333450317383,41.63666534423828,41.33333206176758,41.47666549682617,40.931129455566406
2017-10-30,4389300,41.21333312988281,41.723331451416016,41.150001525878906,41.32666778564453,40.78310012817383
2017-10-27,4382700,41.21333312988281,41.86999893188477,41.040000915527344,41.790000915527344,41.24033737182617
2017-10-26,3173100,40.96666717529297,41.11333465576172,40.723331451416016,40.75333404541016,40.2173080444336
2017-10-25,5373900,41.073333740234375,41.13000106811523,40.02000045776367,40.66999816894531,40.13507080078125
2017-10-24,2820000,41.27999877929688,41.38000106811523,41.06666564941406,41.24333190917969,40.70085906982422
2017-10-23,3550200,41.70000076293945,41.70333480834961,41.0099983215332,41.04999923706055,40.51007461547852
2017-10-20,3564300,41.36666488647461,41.54999923706055,41.209999084472656,41.50333404541016,40.95743942260742
2017-10-19,2892000,40.43333435058594,40.92333221435547,40.223331451416016,40.91666793823242,40.37849807739258
2017-10-18,2019300,40.97999954223633,41.0,40.78666687011719,40.88000106811523,40.34230422973633
2017-10-17,1920600,40.643333435058594,40.7933349609375,40.540000915527344,40.76333236694336,40.22717666625977
2017-10-16,3355500,40.64666748046875,40.7933349609375,40.46666717529297,40.676666259765625,40.14165115356445
2017-10-13,2049900,40.61666488647461,40.68999862670898,40.45000076293945,40.5,39.9673080444336
2017-10-12,3338100,40.41666793823242,40.59000015258789,40.2599983215332,40.393333435058594,39.86204147338867
2017-10-11,3365100,40.34000015258789,40.58666610717773,40.25666809082031,40.56666564941406,40.03310012817383
2017-10-10,2170200,40.38333511352539,40.5966682434082,40.10333251953125,40.37666702270508,39.8455924987793
2017-10-09,2364900,40.4033317565918,40.43999862670898,39.95000076293945,40.106666564941406,39.579139709472656
2017-10-06,3020100,40.186668395996094,40.31999969482422,40.04999923706055,40.30666732788086,39.776512145996094
2017-10-05,2759700,39.88666534423828,40.43999862670898,39.8466682434082,40.40999984741211,39.87849044799805
2017-10-04,2450100,39.526668548583984,39.86666488647461,39.4566650390625,39.72666549682617,39.20414733886719
2017-10-03,2178900,39.41666793823242,39.61000061035156,39.310001373291016,39.59999847412109,39.07914352416992
2017-10-02,2695800,38.97000122070313,39.33666610717773,38.926666259765625,39.31666564941406,38.79954147338867
2017-09-29,3019800,38.41999816894531,38.893333435058594,38.3466682434082,38.823333740234375,38.31269454956055
2017-09-28,2304600,38.176666259765625,38.48666763305664,38.12333297729492,38.45333480834961,37.94756317138672
2017-09-27,3867000,38.26333236694336,38.51666641235352,37.7933349609375,38.30666732788086,37.80282211303711
2017-09-26,2543700,38.03333282470703,38.15999984741211,37.76666641235352,37.89666748046875,37.39821243286133
2017-09-25,4700400,37.926666259765625,38.11666488647461,37.43333435058594,37.83000183105469,37.33242416381836
2017-09-22,1987200,37.88000106811523,38.1533317565918,37.87666702270508,38.06666564941406,37.56597900390625
2017-09-21,2095800,38.26666641235352,38.31999969482422,37.959999084472656,38.04666519165039,37.54624176025391
2017-09-20,3985500,38.36666488647461,38.42333221435547,37.85333251953125,38.37333297729492,37.86861038208008
2017-09-19,2753700,38.34000015258789,38.37666702270508,38.15999984741211,38.31333160400391,37.80939865112305
2017-09-18,3741000,38.16666793823242,38.400001525878906,38.02333450317383,38.223331451416016,37.7205810546875
2017-09-15,3236700,37.75666809082031,38.026668548583984,37.7066650390625,38.02000045776367,37.519927978515625
2017-09-14,3413700,37.71666717529297,37.93999862670898,37.62333297729492,37.85333251953125,37.35545349121094
2017-09-13,3113100,37.66666793823242,37.90666580200195,37.63333511352539,37.90666580200195,37.4080810546875
2017-09-12,3339000,37.63333511352539,37.8466682434082,37.54999923706055,37.83666610717773,37.3390007019043
2017-09-11,4192200,36.936668395996094,37.49333190917969,36.936668395996094,37.426666259765625,36.93439483642578
2017-09-08,3082200,36.28666687011719,36.53333282470703,36.176666259765625,36.28333282470703,35.80610275268555
2017-09-07,2918100,36.62666702270508,36.62666702270508,36.22000122070313,36.436668395996094,35.95741653442383
2017-09-06,3407700,36.45333480834961,36.62666702270508,36.16666793823242,36.46333312988281,35.98373413085937
2017-09-05,7107600,36.63666534423828,36.74666595458984,35.5966682434082,36.0966682434082,35.62189102172852
2017-09-01,2828700,36.9566650390625,37.11999893188477,36.83000183105469,36.93333435058594,36.447547912597656
2017-08-31,3333600,36.426666259765625,36.86999893188477,36.37333297729492,36.73333358764648,36.25018310546875
2017-08-30,3992400,35.599998474121094,36.2400016784668,35.49333190917969,36.12333297729492,35.6482048034668
2017-08-29,3457800,34.83333206176758,35.72999954223633,34.776668548583984,35.59333419799805,35.125171661376946
2017-08-28,2010300,35.723331451416016,35.7599983215332,35.290000915527344,35.49333190917969,35.02649307250977
2017-08-25,2928600,35.62666702270508,35.9466667175293,35.41999816894531,35.48666763305664,35.01991653442383
2017-08-24,4197600,35.70000076293945,35.76666641235352,35.143333435058594,35.25333404541016,34.78964614868164
2017-08-23,2709600,35.40999984741211,35.709999084472656,35.32666778564453,35.496665954589844,35.02978134155273
2017-08-22,3993300,35.08333206176758,35.970001220703125,35.08333206176758,35.85333251953125,35.38175201416016
2017-08-21,2631000,34.709999084472656,34.93000030517578,34.34999847412109,34.82666778564453,34.36859893798828
2017-08-18,5689200,34.81999969482422,35.356666564941406,34.51333236694336,34.720001220703125,34.263336181640625
2017-08-17,6658800,36.29666519165039,36.45333480834961,34.90999984741211,34.91666793823242,34.457408905029304
2017-08-16,3756900,36.66666793823242,36.900001525878906,36.40999984741211,36.61000061035156,36.12847137451172
2017-08-15,2838000,36.6533317565918,36.6533317565918,36.290000915527344,36.4466667175293,35.967288970947266
2017-08-14,3553800,36.0433349609375,36.560001373291016,36.02999877929688,36.45333480834961,35.97386932373047
2017-08-11,4156800,35.356666564941406,35.70333480834961,35.25,35.413333892822266,34.947540283203125
2017-08-10,5988600,36.38666534423828,36.44333267211914,35.2400016784668,35.279998779296875,34.815967559814446
2017-08-09,3771600,36.48333358764648,36.84333419799805,36.290000915527344,36.810001373291016,36.32584381103516
2017-08-08,3904200,36.96333312988281,37.57666778564453,36.650001525878906,36.86666488647461,36.38175964355469
2017-08-07,1779900,36.936668395996094,37.11333465576172,36.88999938964844,37.0966682434082,36.60874557495117
2017-08-04,2562000,36.96333312988281,37.08333206176758,36.72666549682617,36.900001525878906,36.4146614074707
2017-08-03,2796600,36.893333435058594,36.893333435058594,36.58666610717773,36.74333190917969,36.26005172729492
2017-08-02,3608700,36.96333312988281,37.01333236694336,36.46666717529297,36.91666793823242,36.43110656738281
2017-08-01,2424000,36.96333312988281,36.973331451416016,36.67333221435547,36.87333297729492,36.38834381103516
2017-07-31,2668200,36.926666259765625,36.96333312988281,36.54999923706055,36.65666580200195,36.17452239990234
2017-07-28,3215100,36.60333251953125,36.78333282470703,36.38000106811523,36.7066650390625,36.2238655090332
2017-07-27,5200500,37.21666717529297,37.21666717529297,36.1966667175293,36.88000106811523,36.39492416381836
2017-07-26,2573400,37.11666488647461,37.13333511352539,36.823333740234375,36.96666717529297,36.48044967651367
2017-07-25,3650700,37.11000061035156,37.13999938964844,36.856666564941406,36.936668395996094,36.45083999633789
2017-07-24,3132600,36.70000076293945,36.77333450317383,36.47666549682617,36.71666717529297,36.23373794555664
2017-07-21,3627900,36.5533332824707,36.75333404541016,36.43000030517578,36.75333404541016,36.26991653442383
2017-07-20,4536600,36.92333221435547,36.97999954223633,36.573333740234375,36.82666778564453,36.3422966003418
2017-07-19,3131100,36.38333511352539,36.79999923706055,36.36333465576172,36.79999923706055,36.31596755981445
2017-07-18,3506100,35.9566650390625,36.24333190917969,35.779998779296875,36.21333312988281,35.737022399902344
2017-07-17,3152700,36.13999938964844,36.33333206176758,36.07666778564453,36.15666580200195,35.68110656738281
2017-07-14,3552000,35.70000076293945,36.34999847412109,35.63333511352539,36.1533317565918,35.67780303955078
2017-07-13,3387300,35.52333450317383,35.7400016784668,35.4033317565918,35.68000030517578,35.21070861816406
2017-07-12,3925200,35.209999084472656,35.59000015258789,35.2066650390625,35.51333236694336,35.04623031616211
2017-07-11,3505500,34.72999954223633,34.89666748046875,34.15999984741211,34.72999954223633,34.27320098876953
2017-07-10,2368500,34.653331756591804,35.006668090820305,34.56999969482422,34.810001373291016,34.35214614868164
2017-07-07,3738600,34.343334197998054,34.786666870117195,34.256668090820305,34.713333129882805,34.25675201416016
2017-07-06,5341500,34.643333435058594,34.700000762939446,33.970001220703125,34.08666610717773,33.63832473754883
2017-07-05,3602700,34.963333129882805,35.12333297729492,34.563331604003906,35.02000045776367,34.55938720703125
2017-07-03,3762000,35.09000015258789,35.2933349609375,34.7933349609375,34.7933349609375,34.335708618164055
2017-06-30,5128800,34.830001831054695,35.006668090820305,34.526668548583984,34.62333297729492,34.167930603027344
2017-06-29,9602700,35.439998626708984,35.459999084472656,33.830001831054695,34.459999084472656,34.00675582885742
2017-06-28,3877500,34.95333480834961,35.46333312988281,34.83333206176758,35.35333251953125,34.888336181640625
2017-06-27,5514900,35.183334350585945,35.34000015258789,34.4566650390625,34.48666763305664,34.033065795898445
2017-06-26,3798300,35.57666778564453,35.78333282470703,35.2066650390625,35.30666732788086,34.84228134155273
2017-06-23,2853000,35.18000030517578,35.40999984741211,34.963333129882805,35.276668548583984,34.81267547607422
2017-06-22,3457200,35.176666259765625,35.41999816894531,35.0433349609375,35.12666702270508,34.66464614868164
2017-06-21,4595400,35.36666488647461,35.44333267211914,34.95333480834961,35.16666793823242,34.70412063598633
2017-06-20,4427100,35.75,35.76333236694336,35.2066650390625,35.2400016784668,34.77649688720703
2017-06-19,4241100,35.47666549682617,35.96666717529297,35.43000030517578,35.926666259765625,35.45412826538086
2017-06-16,3753900,35.130001068115234,35.130001068115234,34.630001068115234,35.040000915527344,34.579124450683594
2017-06-15,4537500,34.59000015258789,35.110000610351555,34.433334350585945,35.040000915527344,34.579124450683594
2017-06-14,6646500,35.53666687011719,35.53666687011719,34.83333206176758,35.26333236694336,34.79951858520508
2017-06-13,3930300,35.163333892822266,35.426666259765625,34.993331909179695,35.38666534423828,34.921226501464844
2017-06-12,5969400,34.78333282470703,34.92333221435547,34.483333587646484,34.88333511352539,34.424514770507805
2017-06-09,8171700,35.22666549682617,35.61333465576172,34.29666519165039,34.93000030517578,34.47057342529297
2017-06-08,4900800,35.066665649414055,35.31999969482422,34.81999969482422,35.07666778564453,34.615306854248054
2017-06-07,3573600,35.02333450317383,35.139999389648445,34.683334350585945,35.03333282470703,34.57253646850586
2017-06-06,3452100,34.900001525878906,35.17333221435547,34.813331604003906,34.87666702270508,34.417938232421875
2017-06-05,2879400,35.186668395996094,35.31999969482422,35.093334197998054,35.19333267211914,34.730438232421875
2017-06-02,3876600,34.946666717529304,35.3466682434082,34.803333282470696,35.2400016784668,34.77649688720703
2017-06-01,3882600,34.310001373291016,34.91666793823242,34.196666717529304,34.903331756591804,34.44424819946289
2017-05-31,4767300,34.290000915527344,34.310001373291016,33.77333450317383,34.10666656494141,33.658069610595696
2017-05-30,2602200,34.08666610717773,34.26666641235352,34.006668090820305,34.163333892822266,33.713985443115234
2017-05-26,2435400,34.156665802001946,34.31999969482422,34.13666534423828,34.246665954589844,33.796218872070305
2017-05-25,4833600,33.996665954589844,34.403331756591804,33.926666259765625,34.22999954223633,33.77976608276367
2017-05-24,3988200,33.67333221435547,33.83333206176758,33.50333404541016,33.75333404541016,33.30937957763672
2017-05-23,3249300,33.51666641235352,33.639999389648445,33.34000015258789,33.563331604003906,33.121875762939446
2017-05-22,3267600,33.066665649414055,33.41666793823242,33.049999237060554,33.35333251953125,32.91463088989258
2017-05-19,5563200,32.4566650390625,33.153331756591804,32.426666259765625,32.82666778564453,32.39490127563477
2017-05-18,6309600,31.78666687011719,32.60333251953125,31.68666648864746,32.200000762939446,31.77647590637207
2017-05-17,10155600,32.803333282470696,33.02333450317383,31.81333351135254,31.8700008392334,31.450817108154297
2017-05-16,4192500,33.880001068115234,33.88666534423828,33.45333480834961,33.639999389648445,33.19753646850586
2017-05-15,4801200,33.38333511352539,33.786666870117195,33.38333511352539,33.713333129882805,33.26990127563477
2017-05-12,3270000,33.240001678466804,33.28333282470703,33.06999969482422,33.220001220703125,32.783058166503906
2017-05-11,5360400,33.3466682434082,33.43666839599609,32.84000015258789,33.38666534423828,32.947532653808594
2017-05-10,2978100,33.360000610351555,33.56999969482422,33.27000045776367,33.56999969482422,33.128463745117195
2017-05-09,4014000,33.61333465576172,33.7066650390625,33.233333587646484,33.41666793823242,32.97713851928711
2017-05-08,3611400,33.52333450317383,33.59999847412109,33.2933349609375,33.506668090820305,33.06595993041992
2017-05-05,5075400,33.290000915527344,33.526668548583984,33.0966682434082,33.526668548583984,33.085697174072266
2017-05-04,5106600,33.15999984741211,33.19333267211914,32.72666549682617,33.110000610351555,32.674503326416016
2017-05-03,5023200,32.946666717529304,33.11666488647461,32.696666717529304,33.04666519165039,32.612003326416016
2017-05-02,4061100,33.18666839599609,33.22666549682617,32.95333480834961,33.153331756591804,32.717269897460945
2017-05-01,3862500,33.09000015258789,33.30666732788086,32.913333892822266,33.0966682434082,32.66135787963867
2017-04-28,3626400,33.20333480834961,33.21666717529297,32.803333282470696,32.889999389648445,32.4573974609375
2017-04-27,3939000,33.17333221435547,33.22666549682617,32.82666778564453,33.093334197998054,32.65805435180664
2017-04-26,5094300,33.053333282470696,33.473331451416016,32.98666763305664,33.01333236694336,32.579113006591804
2017-04-25,5757600,32.803333282470696,33.23666763305664,32.76666641235352,33.060001373291016,32.625167846679695
2017-04-24,5654400,32.52333450317383,32.60666656494141,32.286666870117195,32.490001678466804,32.06266403198242
2017-04-21,4440000,31.733333587646484,31.76333427429199,31.290000915527344,31.489999771118164,31.075815200805664
2017-04-20,5840100,31.30666732788086,31.983333587646484,31.16666603088379,31.75666618347168,31.33897018432617
2017-04-19,4450200,31.479999542236328,31.63999938964844,30.93000030517578,31.03333282470703,30.625152587890625
2017-04-18,4386900,31.15999984741211,31.440000534057614,30.8933334350586,31.19333267211914,30.78304672241211
2017-04-17,3392100,30.920000076293945,31.49333381652832,30.82999992370605,31.49333381652832,31.07910346984864
2017-04-13,6109200,31.1433334350586,31.476667404174805,30.70000076293945,30.71666717529297,30.312652587890625
2017-04-12,4175700,31.59000015258789,31.66666603088379,31.18666648864746,31.31333351135254,30.901472091674805
2017-04-11,6127800,31.64999961853028,31.76666641235352,31.023332595825195,31.71333312988281,31.29620933532715
2017-04-10,4983600,31.84666633605957,32.2066650390625,31.60000038146973,31.8266658782959,31.40805244445801
2017-04-07,4075500,31.78333282470703,32.10666656494141,31.55666732788086,31.77666664123535,31.35871315002441
2017-04-06,3810000,31.70666694641113,32.11666488647461,31.489999771118164,31.8700008392334,31.450817108154297
2017-04-05,8204400,32.22666549682617,32.683334350585945,31.53333282470703,31.61000061035156,31.19423675537109
2017-04-04,3391200,31.71666717529297,31.953332901000977,31.546667098999023,31.933332443237305,31.513317108154297
2017-04-03,6081900,32.05666732788086,32.150001525878906,31.28000068664551,31.8799991607666,31.46068382263184
2017-03-31,3906900,32.08333206176758,32.34000015258789,32.00333404541016,32.00333404541016,31.582393646240234
2017-03-30,3939900,31.940000534057614,32.35333251953125,31.84333419799805,32.22999954223633,31.806081771850582
2017-03-29,3685800,31.729999542236328,32.060001373291016,31.62666702270508,31.979999542236328,31.559370040893555
2017-03-28,5147700,31.059999465942383,32.07333374023437,31.0,31.83333396911621,31.414634704589844
2017-03-27,4973400,30.49333381652832,31.31333351135254,30.38333320617676,31.183332443237305,30.773181915283203
2017-03-24,5299500,31.5,31.773332595825195,30.940000534057614,31.296667098999023,30.885025024414062
2017-03-23,4687800,31.35000038146973,31.88666725158692,31.19333267211914,31.36000061035156,30.947525024414062
2017-03-22,5071200,31.26000022888184,31.60000038146973,30.97333335876465,31.46666717529297,31.05278778076172
2017-03-21,9262500,32.7933349609375,32.84999847412109,31.20000076293945,31.27666664123535,30.86528396606445
2017-03-20,3202500,32.60666656494141,32.743331909179695,32.31999969482422,32.51333236694336,32.08568954467773
2017-03-17,3454800,32.933334350585945,33.00333404541016,32.60666656494141,32.60666656494141,32.17779541015625
2017-03-16,4546800,33.053333282470696,33.093334197998054,32.643333435058594,32.82333374023437,32.391613006591804
2017-03-15,4770000,32.43000030517578,33.183334350585945,32.316665649414055,32.95333480834961,32.5198974609375
2017-03-14,5398800,32.279998779296875,32.30666732788086,31.87333297729492,32.189998626708984,31.7666072845459
2017-03-13,2698500,32.46666717529297,32.553333282470696,32.30666732788086,32.52333450317383,32.095558166503906
2017-03-10,5202300,32.61666488647461,32.63333511352539,32.053333282470696,32.473331451416016,32.046218872070305
2017-03-09,4472100,32.08666610717773,32.310001373291016,31.709999084472656,32.156665802001946,31.73370933532715
2017-03-08,4254300,32.36333465576172,32.47666549682617,31.979999542236328,32.0433349609375,31.621870040893555
2017-03-07,3770400,32.37333297729492,32.5433349609375,32.13333511352539,32.25333404541016,31.829111099243164
2017-03-06,4121400,32.40999984741211,32.68666839599609,32.233333587646484,32.5433349609375,32.11529541015625
2017-03-03,4241700,32.72666549682617,32.893333435058594,32.540000915527344,32.830001831054695,32.398193359375
2017-03-02,4933500,33.303333282470696,33.310001373291016,32.740001678466804,32.799999237060554,32.36858367919922
2017-03-01,5638800,32.830001831054695,33.60666656494141,32.82333374023437,33.36666488647461,32.92779922485352
2017-02-28,3895200,32.13333511352539,32.246665954589844,31.86666679382324,32.07333374023437,31.65147590637207
2017-02-27,4406100,32.13666534423828,32.389999389648445,32.0099983215332,32.313331604003906,31.88831901550293
2017-02-24,3907200,31.63999938964844,32.183334350585945,31.6299991607666,32.169998168945305,31.74686813354492
2017-02-23,4938900,32.243331909179695,32.243331909179695,31.696666717529297,32.063331604003906,31.64160346984864
2017-02-22,5105100,31.88999938964844,32.093334197998054,31.809999465942383,31.983333587646484,31.56266021728516
2017-02-21,5271600,31.69333267211914,32.150001525878906,31.68666648864746,32.040000915527344,31.618581771850582
2017-02-17,3715200,31.05666732788086,31.50333404541016,31.05666732788086,31.496665954589844,31.082393646240234
2017-02-16,5444100,31.46333312988281,31.54333305358887,31.03000068664551,31.37333297729492,30.96068000793457
2017-02-15,5166900,30.86333274841309,31.53666687011719,30.85000038146973,31.433332443237305,31.0198917388916
2017-02-14,4811100,30.52666664123535,30.979999542236328,30.3700008392334,30.96999931335449,30.56265640258789
2017-02-13,4056900,30.34000015258789,30.726667404174805,30.33333396911621,30.5766658782959,30.174495697021484
2017-02-10,3978600,29.93666648864746,30.21999931335449,29.88666725158692,30.11666679382324,29.72054481506348
2017-02-09,5289600,29.37666702270508,29.90333366394043,29.35666656494141,29.76666641235352,29.37514686584473
2017-02-08,3888000,29.01666641235352,29.30666732788086,28.89666748046875,29.26666641235352,28.881725311279297
2017-02-07,5476200,29.32333374023437,29.40999984741211,29.053333282470703,29.14999961853028,28.76659393310547
2017-02-06,3966600,29.12333297729492,29.28666687011719,28.99333381652832,29.170000076293945,28.78633117675781
2017-02-03,7833300,29.10000038146973,29.37333297729492,28.97333335876465,29.29333305358887,28.90804100036621
2017-02-02,4362600,28.51000022888184,28.83333396911621,28.36000061035156,28.71666717529297,28.33896255493164
2017-02-01,5696100,28.89999961853028,29.023332595825195,28.40666580200196,28.676666259765625,28.29948425292969
2017-01-31,5474100,28.413333892822266,28.65999984741211,28.1733341217041,28.65999984741211,28.28303909301757
2017-01-30,6969000,28.8700008392334,28.88666725158692,28.203332901000977,28.676666259765625,28.29948425292969
2017-01-27,4192500,29.36333274841309,29.420000076293945,29.10666656494141,29.203332901000977,28.819223403930664
2017-01-26,5368200,29.35333251953125,29.476667404174805,29.20666694641113,29.30666732788086,28.921201705932614
2017-01-25,7391400,29.09333419799805,29.420000076293945,29.01000022888184,29.37333297729492,28.98698806762696
2017-01-24,5153700,28.229999542236328,28.86000061035156,28.183332443237305,28.676666259765625,28.29948425292969
2017-01-23,6055500,28.209999084472656,28.3799991607666,27.81333351135254,28.13999938964844,27.76987648010254
2017-01-20,7149900,28.35666656494141,28.5766658782959,28.11333274841309,28.36000061035156,27.98698234558105
2017-01-19,6138600,28.39999961853028,28.47333335876465,27.87333297729492,28.06999969482422,27.70079803466797
2017-01-18,4031100,28.29999923706055,28.38666725158692,28.06666755676269,28.36666679382324,27.99356269836425
2017-01-17,5593500,28.203332901000977,28.3933334350586,28.03000068664551,28.21999931335449,27.84882545471192
2017-01-13,3972900,28.38333320617676,28.62666702270508,28.36000061035156,28.483333587646484,28.10869598388672
2017-01-12,8859300,28.29333305358887,28.38666725158692,27.71333312988281,28.30666732788086,27.93435287475586
2017-01-11,9726300,28.229999542236328,28.50333404541016,27.95666694641113,28.49333381652832,28.118566513061523
2017-01-10,4707000,28.30666732788086,28.65666580200196,28.1200008392334,28.26333427429199,27.89158821105957
2017-01-09,5755200,28.45666694641113,28.523332595825195,28.27666664123535,28.309999465942383,27.937641143798828
2017-01-06,5885100,28.32999992370605,28.78000068664551,28.09000015258789,28.57999992370605,28.204090118408203
2017-01-05,6464700,28.229999542236328,28.34666633605957,27.93666648864746,28.26000022888184,27.8882999420166
2017-01-04,6281100,27.983333587646484,28.40666580200196,27.983333587646484,28.34666633605957,27.97382545471192
2017-01-03,7197300,27.79333305358887,28.06999969482422,27.36666679382324,27.85000038146973,27.48369216918945
2016-12-30,8905500,27.683332443237305,27.71666717529297,26.953332901000977,27.26000022888184,26.901451110839844
2016-12-29,4592100,27.60000038146973,27.739999771118164,27.36000061035156,27.54333305358887,27.18105697631836
2016-12-28,5525400,28.36000061035156,28.3799991607666,27.520000457763672,27.59000015258789,27.227109909057614
2016-12-27,3114600,28.18000030517578,28.433332443237305,28.176666259765625,28.26333427429199,27.89158821105957
2016-12-23,3117000,27.946666717529297,28.06333351135254,27.88666725158692,28.04999923706055,27.68105888366699
2016-12-22,4995900,28.03000068664551,28.07999992370605,27.78333282470703,27.96666717529297,27.59882736206055
2016-12-21,3574500,28.28666687011719,28.35333251953125,28.10000038146973,28.10000038146973,27.730403900146484
2016-12-20,5772300,28.239999771118164,28.40333366394043,28.14999961853028,28.309999465942383,27.937641143798828
2016-12-19,4967700,27.933332443237305,28.196666717529297,27.85333251953125,28.01333427429199,27.64487838745117
2016-12-16,7110000,28.20666694641113,28.21333312988281,27.703332901000977,27.86000061035156,27.49355697631836
2016-12-15,7365000,27.773332595825195,28.36666679382324,27.709999084472656,27.979999542236328,27.61198234558105
2016-12-14,10594200,28.229999542236328,28.54999923706055,27.46999931335449,27.696666717529297,27.332374572753903
2016-12-13,7431900,28.09000015258789,28.5766658782959,28.08333396911621,28.34333419799805,27.970537185668945
2016-12-12,5651400,27.87333297729492,28.07333374023437,27.63333320617676,27.81333351135254,27.44750785827637
2016-12-09,6509400,27.51333427429199,27.90333366394043,27.49333381652832,27.88999938964844,27.523162841796875
2016-12-08,6087900,27.196666717529297,27.61000061035156,27.09000015258789,27.39999961853028,27.039609909057614
2016-12-07,9288600,26.12666702270508,27.23666572570801,26.06999969482422,27.19333267211914,26.83566093444824
2016-12-06,5413200,26.020000457763672,26.20000076293945,25.82333374023437,26.19333267211914,25.84881401062012
2016-12-05,6134100,25.81666755676269,26.07999992370605,25.74333381652832,25.90666580200196,25.56591796875
2016-12-02,4539600,25.479999542236328,25.68000030517578,25.34000015258789,25.476667404174805,25.14157485961914
2016-12-01,6401400,25.84666633605957,25.85333251953125,25.29999923706055,25.43000030517578,25.095521926879886
2016-11-30,6672000,26.183332443237305,26.25,25.709999084472656,25.726667404174805,25.38828659057617
2016-11-29,4304700,25.79333305358887,26.11000061035156,25.663333892822266,25.933332443237305,25.59223747253418
2016-11-28,5085000,26.01666641235352,26.1299991607666,25.733333587646484,25.78666687011719,25.44749450683593
2016-11-25,2104800,26.0,26.15666580200196,25.96666717529297,26.15666580200196,25.812631607055664
2016-11-23,5017800,25.60666656494141,25.8799991607666,25.52666664123535,25.86000061035156,25.519865036010746
2016-11-22,5819700,25.80666732788086,25.8933334350586,25.523332595825195,25.81333351135254,25.473812103271484
2016-11-21,6934200,25.33333396911621,25.68000030517578,25.28333282470703,25.663333892822266,25.32578468322754
2016-11-18,5756700,25.296667098999023,25.36666679382324,25.03000068664551,25.10000038146973,24.76986122131348
2016-11-17,5733300,24.946666717529297,25.296667098999023,24.90999984741211,25.26666641235352,24.9343376159668
2016-11-16,5199900,24.78333282470703,24.983333587646484,24.739999771118164,24.90333366394043,24.575782775878903
2016-11-15,6975000,24.62333297729492,25.03000068664551,24.53333282470703,25.03000068664551,24.700782775878903
2016-11-14,6928800,24.61666679382324,24.696666717529297,24.176666259765625,24.459999084472656,24.13828086853028
2016-11-11,9168900,24.31333351135254,24.50333404541016,24.03666687011719,24.413333892822266,24.09222984313965
2016-11-10,14716200,24.726667404174805,25.04999923706055,24.00666618347168,24.5766658782959,24.25341033935547
2016-11-09,17958300,23.04333305358887,24.63333320617676,23.03333282470703,24.426666259765625,24.10538673400879
2016-11-08,8543100,23.18000030517578,23.86666679382324,23.08333396911621,23.62333297729492,23.31262016296387
2016-11-07,8663400,22.809999465942383,23.34666633605957,22.75666618347168,23.30666732788086,23.0001163482666
2016-11-04,8193600,22.0,22.31333351135254,21.83666610717773,21.86666679382324,21.579057693481445
2016-11-03,7119600,22.35333251953125,22.426666259765625,21.86666679382324,21.96999931335449,21.6810302734375
2016-11-02,7334100,22.56666755676269,22.709999084472656,22.11000061035156,22.26666641235352,21.97379493713379
2016-11-01,9615900,23.309999465942383,23.32999992370605,22.229999542236328,22.70000076293945,22.40142822265625
2016-10-31,4799100,23.31333351135254,23.39999961853028,23.1299991607666,23.16666603088379,22.861957550048828
2016-10-28,11109900,23.3799991607666,23.64999961853028,22.93000030517578,23.183332443237305,22.87840270996093
2016-10-27,6940800,23.87333297729492,23.87666702270508,23.37666702270508,23.40999984741211,23.10209083557129
2016-10-26,6405300,23.426666259765625,23.81333351135254,23.3266658782959,23.61000061035156,23.29945945739746
2016-10-25,7155300,23.91666603088379,24.00666618347168,23.676666259765625,23.76000022888184,23.44748687744141
2016-10-24,5151900,24.0,24.1200008392334,23.85000038146973,23.96333312988281,23.64814567565918
2016-10-21,5097900,23.34333419799805,23.71333312988281,23.28333282470703,23.663333892822266,23.35209274291992
2016-10-20,6855300,23.64666748046875,23.86333274841309,23.3933334350586,23.64999961853028,23.338930130004886
2016-10-19,4641000,23.68666648864746,23.89999961853028,23.559999465942383,23.78000068664551,23.46722412109375
2016-10-18,5202600,23.773332595825195,23.78333282470703,23.453332901000977,23.58333396911621,23.27314186096192
2016-10-17,6743100,23.40333366394043,23.5,23.09666633605957,23.18666648864746,22.88169479370117
2016-10-14,10283100,23.77666664123535,23.93000030517578,23.38666725158692,23.413333892822266,23.10537910461425
2016-10-13,9104700,23.10666656494141,23.57333374023437,22.78000068664551,23.38999938964844,23.082353591918945
2016-10-12,7408800,23.5766658782959,23.81666755676269,23.3799991607666,23.6299991607666,23.31919479370117
2016-10-11,13562100,24.270000457763672,24.303333282470703,23.23666572570801,23.54333305358887,23.23366928100586
2016-10-10,4812600,24.440000534057614,24.62666702270508,24.38666725158692,24.433332443237305,24.11196517944336
2016-10-07,8791500,24.43000030517578,24.5,23.78333282470703,24.06999969482422,23.75341033935547
2016-10-06,4272000,24.18666648864746,24.40666580200196,23.97333335876465,24.33333396911621,24.01328086853028
2016-10-05,6792900,24.19333267211914,24.440000534057614,24.18000030517578,24.29333305358887,23.973806381225582
2016-10-04,9263700,24.39666748046875,24.46666717529297,23.73666572570801,23.976667404174805,23.66130256652832
2016-10-03,6953700,24.34000015258789,24.4233341217041,24.09000015258789,24.31333351135254,23.99354553222656
2016-09-30,6307500,24.309999465942383,24.78666687011719,24.203332901000977,24.546667098999023,24.22380828857422
2016-09-29,9373500,24.56666755676269,24.72333335876465,23.76666641235352,23.983333587646484,23.66788482666016
2016-09-28,5457000,24.37333297729492,24.70666694641113,24.0,24.64999961853028,24.32578086853028
2016-09-27,5324100,23.78666687011719,24.3266658782959,23.63333320617676,24.29999923706055,23.98038482666016
2016-09-26,8748300,24.11333274841309,24.183332443237305,23.773332595825195,23.85000038146973,23.53630447387696
2016-09-23,4437300,24.69333267211914,24.75,24.40999984741211,24.453332901000977,24.131702423095703
2016-09-22,9306300,24.790000915527344,24.96999931335449,24.696666717529297,24.84000015258789,24.51328086853028
2016-09-21,10553400,23.86666679382324,24.46333312988281,23.61000061035156,24.39999961853028,24.07906913757324
2016-09-20,5124600,23.940000534057614,23.996665954589844,23.60000038146973,23.6200008392334,23.30505752563477
2016-09-19,6104700,23.84333419799805,24.09666633605957,23.483333587646484,23.59000015258789,23.275453567504886
2016-09-16,8020800,23.6299991607666,23.70000076293945,23.32333374023437,23.59666633605957,23.28203392028809
2016-09-15,8953800,23.11333274841309,24.01666641235352,23.046667098999023,23.86666679382324,23.54843330383301
2016-09-14,10289400,23.21666717529297,23.683332443237305,22.96999931335449,23.163333892822266,22.85447883605957
2016-09-13,14765700,23.75333404541016,23.85000038146973,22.96666717529297,23.196666717529297,22.88736343383789
2016-09-12,13200300,22.96333312988281,24.41666603088379,22.933332443237305,24.246665954589844,23.92336654663086
2016-09-09,15630300,24.56666755676269,24.56666755676269,23.25666618347168,23.27666664123535,22.96629905700684
2016-09-08,6006900,25.11000061035156,25.21666717529297,24.946666717529297,25.06333351135254,24.729143142700195
2016-09-07,7367100,25.18666648864746,25.31666755676269,25.0,25.25333404541016,24.916608810424805
2016-09-06,7985400,25.13333320617676,25.270000457763672,24.85333251953125,25.26000022888184,24.92318916320801
2016-09-02,7529700,25.020000457763672,25.20000076293945,24.79999923706055,25.020000457763672,24.68638610839844
2016-09-01,6656700,24.703332901000977,24.809999465942383,24.229999542236328,24.703332901000977,24.373943328857425
2016-08-31,8063400,24.77666664123535,24.81666755676269,24.38666725158692,24.683332443237305,24.354211807250977
2016-08-30,6725100,24.996665954589844,25.11333274841309,24.690000534057614,24.8933334350586,24.561412811279297
2016-08-29,3921600,24.71999931335449,25.13666725158692,24.71333312988281,25.02666664123535,24.69296836853028
2016-08-26,11051100,24.88666725158692,25.29333305358887,24.31999969482422,24.6733341217041,24.34434509277344
2016-08-25,7881600,24.709999084472656,24.979999542236328,24.64666748046875,24.790000915527344,24.459455490112305
2016-08-24,8085300,25.19333267211914,25.23666572570801,24.70000076293945,24.8933334350586,24.561412811279297
2016-08-23,5521200,25.35333251953125,25.476667404174805,25.233333587646484,25.25,24.91332054138184
2016-08-22,4967400,25.020000457763672,25.196666717529297,24.86666679382324,25.10666656494141,24.77189826965332
2016-08-19,4379400,25.03000068664551,25.18666648864746,24.83666610717773,25.11333274841309,24.778472900390625
2016-08-18,4198500,25.053333282470703,25.24333381652832,25.00333404541016,25.229999542236328,24.89358711242676
2016-08-17,7981500,24.93000030517578,25.11000061035156,24.59666633605957,25.053333282470703,24.71927261352539
2016-08-16,4924800,25.13333320617676,25.163333892822266,24.920000076293945,24.920000076293945,24.58772277832031
2016-08-15,4698600,25.24333381652832,25.453332901000977,25.239999771118164,25.33666610717773,24.99882888793945
2016-08-12,4341300,25.03000068664551,25.18666648864746,24.940000534057614,25.10333251953125,24.76860809326172
2016-08-11,5138100,25.040000915527344,25.26666641235352,24.926666259765625,25.176666259765625,24.84096527099609
2016-08-10,4400400,25.053333282470703,25.07999992370605,24.68000030517578,24.81999969482422,24.48905372619629
2016-08-09,4623000,25.00333404541016,25.20666694641113,24.87666702270508,25.0,24.66665458679199
2016-08-08,3442200,25.10000038146973,25.13333320617676,24.86333274841309,24.97333335876465,24.640342712402344
2016-08-05,5195400,24.68666648864746,25.02666664123535,24.63666725158692,25.023332595825195,24.68967628479004
2016-08-04,3950700,24.38333320617676,24.53666687011719,24.21999931335449,24.426666259765625,24.10096740722656
2016-08-03,7100400,24.08666610717773,24.36000061035156,23.98666572570801,24.34000015258789,24.01545333862305
2016-08-02,10406400,24.496665954589844,24.56666755676269,23.796667098999023,24.12333297729492,23.801677703857425
2016-08-01,6225000,24.69333267211914,24.84666633605957,24.4233341217041,24.59666633605957,24.26869773864746
2016-07-29,5554200,24.46333312988281,24.809999465942383,24.34000015258789,24.65666580200196,24.327899932861328
2016-07-28,5271000,24.3933334350586,24.66666603088379,24.21333312988281,24.56666755676269,24.239097595214844
2016-07-27,6561900,24.70666694641113,24.72333335876465,24.170000076293945,24.48666572570801,24.16016387939453
2016-07-26,5298000,24.483333587646484,24.690000534057614,24.21999931335449,24.546667098999023,24.2193660736084
2016-07-25,6039000,24.63999938964844,24.65333366394043,24.28333282470703,24.53666687011719,24.20949745178223
2016-07-22,4889700,24.446666717529297,24.73666572570801,24.33666610717773,24.72333335876465,24.3936767578125
2016-07-21,5759100,24.6200008392334,24.71666717529297,24.21666717529297,24.3933334350586,24.068078994750977
2016-07-20,4206600,24.559999465942383,24.76666641235352,24.38666725158692,24.68000030517578,24.35092163085937
2016-07-19,5799300,24.273332595825195,24.38666725158692,24.18666648864746,24.36666679382324,24.041767120361328
2016-07-18,3810300,24.309999465942383,24.51333427429199,24.203332901000977,24.453332901000977,24.12727737426757
2016-07-15,6181200,24.56666755676269,24.57999992370605,24.07999992370605,24.25666618347168,23.93323135375977
2016-07-14,8219400,24.45000076293945,24.53666687011719,24.196666717529297,24.32999992370605,24.00558662414551
2016-07-13,6419100,24.1299991607666,24.13666725158692,23.76333427429199,23.959999084472656,23.64052391052246
2016-07-12,6828000,23.82999992370605,24.07999992370605,23.73666572570801,23.95666694641113,23.63723182678223
2016-07-11,7896000,23.3933334350586,23.6733341217041,23.309999465942383,23.44333267211914,23.1307430267334
2016-07-08,9259200,22.703332901000977,23.29999923706055,22.62333297729492,23.19333267211914,22.884077072143555
2016-07-07,9136500,22.33666610717773,22.5766658782959,21.940000534057614,22.209999084472656,21.913854598999023
2016-07-06,9270600,21.683332443237305,22.309999465942383,21.44333267211914,22.25666618347168,21.959903717041016
2016-07-05,7845000,22.043333053588867,22.07999992370605,21.64999961853028,21.88999938964844,21.598119735717773
2016-07-01,8011500,22.1733341217041,22.53666687011719,22.170000076293945,22.343334197998047,22.04541015625
2016-06-30,13083900,21.5,22.233333587646484,21.30666732788086,22.18666648864746,21.890830993652344
2016-06-29,11251500,20.793333053588867,21.420000076293945,20.76666641235352,21.356666564941406,21.071901321411133
2016-06-28,12181800,19.82999992370605,20.309999465942383,19.71333312988281,20.293333053588867,20.02274513244629
2016-06-27,12801300,19.87666702270508,19.87666702270508,19.0,19.25,18.993322372436523
2016-06-24,17872200,20.46999931335449,21.559999465942383,20.209999084472656,20.350000381469727,20.078657150268555
2016-06-23,7098600,22.486665725708008,22.83333396911621,22.34000015258789,22.82999992370605,22.52558898925781
2016-06-22,5508300,22.07999992370605,22.40999984741211,21.920000076293945,21.959999084472656,21.667186737060547
2016-06-21,4224900,22.06666755676269,22.26000022888184,21.90333366394043,22.11000061035156,21.787887573242188
2016-06-20,7366500,22.233333587646484,22.47333335876465,21.8933334350586,21.926666259765625,21.607227325439453
2016-06-17,8438700,21.729999542236328,21.729999542236328,21.270000457763672,21.513334274291992,21.199914932250977
2016-06-16,9341400,21.226667404174805,21.81666755676269,20.88333320617676,21.76000022888184,21.44298553466797
2016-06-15,9901200,21.803333282470703,22.023332595825195,21.49333381652832,21.56333351135254,21.249187469482425
2016-06-14,10640400,21.65333366394043,21.87333297729492,21.30666732788086,21.68000030517578,21.364152908325195
2016-06-13,7123200,22.059999465942383,22.39666748046875,21.75666618347168,21.799999237060547,21.482402801513672
2016-06-10,8011500,22.41666603088379,22.55666732788086,22.10333251953125,22.296667098999023,21.97183418273925
2016-06-09,4335600,22.773332595825195,23.01000022888184,22.676666259765625,22.95666694641113,22.62221908569336
2016-06-08,3437400,22.8799991607666,23.10333251953125,22.84000015258789,23.04333305358887,22.70762252807617
2016-06-07,3778500,22.78666687011719,23.04333305358887,22.78000068664551,22.81666755676269,22.48426055908203
2016-06-06,4823700,22.52666664123535,22.85666656494141,22.46666717529297,22.733333587646484,22.40214157104492
2016-06-03,7955700,22.37333297729492,22.520000457763672,21.93000030517578,22.40333366394043,22.076950073242188
2016-06-02,3339000,22.236665725708008,22.60000038146973,22.05666732788086,22.60000038146973,22.27074813842773
2016-06-01,3566100,22.020000457763672,22.453332901000977,21.950000762939453,22.38333320617676,22.05723762512207
2016-05-31,4876200,22.489999771118164,22.52666664123535,22.043333053588867,22.26000022888184,21.93570327758789
2016-05-27,3189900,22.15666580200196,22.37333297729492,22.1433334350586,22.36666679382324,22.040817260742188
2016-05-26,3372300,22.13999938964844,22.21666717529297,21.986665725708008,22.09666633605957,21.77474594116211
2016-05-25,6209400,21.88666725158692,22.229999542236328,21.8700008392334,22.07333374023437,21.751754760742188
2016-05-24,7683000,21.12666702270508,21.75333404541016,21.11333274841309,21.63999938964844,21.324731826782227
2016-05-23,4492200,20.920000076293945,21.023332595825195,20.76000022888184,20.81666755676269,20.51340103149414
2016-05-20,5840700,20.763334274291992,21.100000381469727,20.729999542236328,20.920000076293945,20.61522483825684
2016-05-19,9558900,20.489999771118164,20.63333320617676,20.100000381469727,20.546667098999023,20.247333526611328
2016-05-18,9075900,20.60333251953125,21.163333892822266,20.36333274841309,20.76666641235352,20.46412467956543
2016-05-17,7882200,21.233333587646484,21.3266658782959,20.540000915527344,20.739999771118164,20.437843322753903
2016-05-16,6964800,20.77666664123535,21.5,20.76000022888184,21.31999969482422,21.009395599365234
2016-05-13,7264800,21.1733341217041,21.36333274841309,20.60333251953125,20.706666946411133,20.405000686645508
2016-05-12,8185200,21.520000457763672,21.559999465942383,20.90999984741211,21.270000457763672,20.96012687683105
2016-05-11,7586700,21.700000762939453,21.83333396911621,21.26000022888184,21.273332595825195,20.963409423828125
2016-05-10,5274600,21.33333396911621,21.8799991607666,21.31999969482422,21.87333297729492,21.554670333862305
2016-05-09,6704100,20.97333335876465,21.24333381652832,20.93000030517578,21.11000061035156,20.80245780944824
2016-05-06,7555800,20.543333053588867,21.053333282470703,20.483333587646484,21.030000686645508,20.72362327575684
2016-05-05,7718400,20.99333381652832,21.12333297729492,20.65999984741211,20.8266658782959,20.52324867248535
2016-05-04,8399100,20.81666755676269,21.08666610717773,20.64666748046875,20.809999465942383,20.50682640075684
2016-05-03,8322600,21.296667098999023,21.3799991607666,20.90999984741211,21.183332443237305,20.87472152709961
2016-05-02,5695200,21.44333267211914,21.81999969482422,21.280000686645508,21.74333381652832,21.42656707763672
2016-04-29,11181900,21.36666679382324,21.5,20.84666633605957,21.270000457763672,20.96012687683105
2016-04-28,7599000,21.9233341217041,22.33333396911621,21.446666717529297,21.62666702270508,21.31159782409668
2016-04-27,6078600,21.93000030517578,22.35333251953125,21.796667098999023,22.21333312988281,21.88971519470215
2016-04-26,4702200,22.100000381469727,22.25666618347168,21.8933334350586,22.09666633605957,21.77474594116211
2016-04-25,6191100,21.87333297729492,21.979999542236328,21.63999938964844,21.976667404174805,21.6564998626709
2016-04-22,5507100,21.959999084472656,22.18666648864746,21.75333404541016,22.106666564941406,21.784603118896484
2016-04-21,6190500,22.453332901000977,22.5,21.989999771118164,22.093334197998047,21.771467208862305
2016-04-20,4082100,22.40999984741211,22.71333312988281,22.229999542236328,22.446666717529297,22.11964988708496
2016-04-19,5923800,22.34000015258789,22.483333587646484,22.08666610717773,22.3933334350586,22.067094802856445
2016-04-18,5463600,21.513334274291992,22.19333267211914,21.479999542236328,22.183332443237305,21.86014938354492
2016-04-15,3212400,21.796667098999023,21.84000015258789,21.600000381469727,21.706666946411133,21.390430450439453
2016-04-14,4430400,21.8266658782959,21.986665725708008,21.6733341217041,21.80666732788086,21.488975524902344
2016-04-13,8351400,21.46999931335449,21.8266658782959,21.44333267211914,21.790000915527344,21.47255516052246
2016-04-12,10308900,20.65333366394043,21.25666618347168,20.49333381652832,21.170000076293945,20.861581802368164
2016-04-11,11159400,20.976667404174805,21.203332901000977,20.553333282470703,20.5766658782959,20.27688980102539
2016-04-08,8125200,20.983333587646484,21.13666725158692,20.543333053588867,20.736665725708008,20.43456268310547
2016-04-07,12700800,20.926666259765625,21.059999465942383,20.303333282470703,20.57333374023437,20.27360916137696
2016-04-06,9004800,20.700000762939453,21.35333251953125,20.600000381469727,21.31666755676269,21.006113052368164
2016-04-05,9434700,20.83333396911621,20.983333587646484,20.56999969482422,20.6733341217041,20.372154235839844
2016-04-04,5920200,21.5,21.546667098999023,21.18666648864746,21.296667098999023,20.986404418945312
2016-04-01,6647400,20.706666946411133,21.57333374023437,20.61000061035156,21.49333381652832,21.18020439147949
2016-03-31,5129700,21.21333312988281,21.356666564941406,21.01666641235352,21.100000381469727,20.792600631713867
2016-03-30,6666900,21.309999465942383,21.49333381652832,21.11000061035156,21.24333381652832,20.933847427368164
2016-03-29,8061300,20.24333381652832,20.99333381652832,20.1433334350586,20.99333381652832,20.68749046325684
2016-03-28,5353500,20.51666641235352,20.57999992370605,20.24333381652832,20.413333892822266,20.115936279296875
2016-03-24,8030400,20.00666618347168,20.37333297729492,19.946666717529297,20.36333274841309,20.06667137145996
2016-03-23,6866700,20.66666603088379,20.726667404174805,20.3266658782959,20.413333892822266,20.115936279296875
2016-03-22,7947000,20.559999465942383,21.00666618347168,20.50666618347168,20.82333374023437,20.519960403442383
2016-03-21,5881500,20.65333366394043,20.920000076293945,20.58333396911621,20.843334197998047,20.539674758911133
2016-03-18,7419000,20.66666603088379,20.87333297729492,20.58333396911621,20.76666641235352,20.46412467956543
2016-03-17,9808500,20.10333251953125,20.690000534057614,19.959999084472656,20.52666664123535,20.227622985839844
2016-03-16,10417200,19.606666564941406,20.26666641235352,19.60333251953125,20.15333366394043,19.85972595214844
2016-03-15,12551400,19.553333282470703,19.796667098999023,19.459999084472656,19.796667098999023,19.508256912231445
2016-03-14,5938800,19.77666664123535,20.043333053588867,19.670000076293945,19.88666725158692,19.5969467163086
2016-03-11,11070300,19.520000457763672,19.976667404174805,19.496665954589844,19.959999084472656,19.66920661926269
2016-03-10,16878000,19.15666580200196,19.476667404174805,18.4233341217041,19.030000686645508,18.752758026123047
2016-03-09,9395400,19.0,19.106666564941406,18.72333335876465,18.996665954589844,18.719911575317383
2016-03-08,10889100,18.986665725708008,19.15999984741211,18.66666603088379,18.706666946411133,18.43413543701172
2016-03-07,12924000,19.01000022888184,19.49333381652832,18.96666717529297,19.350000381469727,19.068096160888672
2016-03-04,11354400,19.200000762939453,19.56999969482422,18.913333892822266,19.309999465942383,19.02867889404297
2016-03-03,10145700,18.83333396911621,19.12666702270508,18.64999961853028,19.106666564941406,18.828310012817383
2016-03-02,10510500,18.553333282470703,18.920000076293945,18.40666580200196,18.913333892822266,18.63779258728028
2016-03-01,15261600,17.816667556762695,18.66666603088379,17.66666603088379,18.65666580200196,18.38486289978028
2016-02-29,10465800,17.8799991607666,18.15333366394043,17.366666793823242,17.366666793823242,17.113656997680664
2016-02-26,13993800,18.25666618347168,18.280000686645508,17.793333053588867,17.85333251953125,17.593233108520508
2016-02-25,13037700,17.479999542236328,17.96666717529297,17.236665725708008,17.959999084472656,17.698345184326172
2016-02-24,17534100,16.636667251586914,17.420000076293945,16.299999237060547,17.350000381469727,17.097234725952152
2016-02-23,11727600,17.573333740234375,17.65333366394043,17.069999694824222,17.123332977294922,16.873868942260742
2016-02-22,12416100,17.533332824707028,17.823333740234375,17.523332595825195,17.770000457763672,17.511116027832028
2016-02-19,9304800,16.826665878295902,17.08333396911621,16.626667022705078,17.053333282470707,16.80489158630371
2016-02-18,9974100,17.360000610351562,17.383333206176758,16.963333129882812,17.05666732788086,16.808177947998047
2016-02-17,13806000,16.826665878295902,17.393333435058597,16.790000915527347,17.270000457763672,17.018402099609375
2016-02-16,11564700,16.233333587646484,16.473333358764652,15.93333339691162,16.453332901000973,16.213626861572266
2016-02-12,11727900,15.263333320617676,15.68000030517578,15.029999732971191,15.676666259765623,15.448278427124023
2016-02-11,23191200,14.630000114440918,15.06666660308838,14.326666831970217,14.8100004196167,14.594239234924316
2016-02-10,14287500,15.66333293914795,16.126667022705078,15.323333740234377,15.366666793823242,15.142796516418455
2016-02-09,17116800,14.880000114440918,15.773333549499512,14.853333473205565,15.383333206176758,15.159218788146973
2016-02-08,19015800,15.479999542236328,15.583333015441896,14.739999771118164,15.386666297912598,15.162505149841309
2016-02-05,15959700,16.850000381469727,16.889999389648438,15.859999656677244,16.046667098999027,15.812891006469728
2016-02-04,14924400,16.796667098999027,17.326665878295902,16.600000381469727,17.020000457763672,16.772041320800778
2016-02-03,20985900,16.989999771118164,17.073333740234375,15.850000381469728,16.946666717529293,16.699779510498047
2016-02-02,15037500,17.113332748413086,17.14666748046875,16.489999771118164,16.66666603088379,16.423856735229492
2016-02-01,9790800,17.280000686645508,17.863332748413086,17.120000839233402,17.610000610351562,17.353445053100586
2016-01-29,15464100,16.66666603088379,17.663333892822266,16.633333206176758,17.663333892822266,17.406003952026367
2016-01-28,13276800,16.623332977294922,16.706666946411133,15.923333168029783,16.43666648864746,16.197210311889652
2016-01-27,17909100,16.573333740234375,17.079999923706055,15.893333435058596,16.183332443237305,15.947561264038086
2016-01-26,11205900,16.266666412353516,16.809999465942386,16.16666603088379,16.729999542236328,16.486268997192386
2016-01-25,12255600,16.66666603088379,16.729999542236328,16.010000228881836,16.09000015258789,15.8555908203125
2016-01-22,15279900,16.639999389648438,16.889999389648438,16.41666603088379,16.84000015258789,16.59466552734375
2016-01-21,18452100,15.770000457763672,16.406665802001953,15.356666564941404,15.84000015258789,15.609233856201172
2016-01-20,38518200,15.463333129882812,16.073333740234375,14.40666675567627,15.613333702087402,15.385869979858398
2016-01-19,16617900,16.723333358764652,16.75,15.743332862854006,16.229999542236328,15.993550300598145
2016-01-15,29095200,15.896666526794435,16.41666603088379,15.550000190734863,16.136667251586914,15.90157985687256
2016-01-14,21310500,16.66666603088379,17.626667022705078,16.15999984741211,17.266666412353516,17.015113830566403
2016-01-13,22819800,18.02666664123535,18.13333320617676,16.343334197998047,16.463333129882812,16.223487854003903
2016-01-12,19596900,17.84000015258789,18.043333053588867,17.116666793823242,17.80666732788086,17.547252655029293
2016-01-11,23753100,17.613332748413086,17.729999542236328,16.763334274291992,17.360000610351562,17.10708999633789
2016-01-08,18732900,18.273332595825195,18.420000076293945,17.239999771118164,17.329999923706055,17.07752799987793
2016-01-07,21254400,18.32999992370605,18.90333366394043,17.793333053588867,17.926666259765625,17.665496826171875
2016-01-06,16666500,19.176666259765625,19.683332443237305,18.953332901000977,19.31999969482422,19.03853416442871
2016-01-05,10502400,20.100000381469727,20.236665725708008,19.68666648864746,20.08333396911621,19.790746688842773
2016-01-04,19974000,19.786666870117188,19.979999542236328,19.233333587646484,19.97333335876465,19.682350158691406
2015-12-31,8586900,21.273332595825195,21.483333587646484,20.85333251953125,20.87333297729492,20.56924057006836
2015-12-30,4919700,21.88999938964844,21.89999961853028,21.450000762939453,21.513334274291992,21.199914932250977
2015-12-29,8311800,21.683332443237305,22.08333396911621,21.683332443237305,21.96999931335449,21.64992904663086
2015-12-28,6853800,21.16666603088379,21.303333282470703,20.89666748046875,21.299999237060547,20.989686965942383
2015-12-24,2764800,21.46333312988281,21.63999938964844,21.36000061035156,21.39666748046875,21.08494758605957
2015-12-23,7962300,21.15333366394043,21.56333351135254,21.11000061035156,21.546667098999023,21.232759475708008
2015-12-22,10327200,20.523332595825195,20.88333320617676,20.190000534057614,20.786666870117188,20.48383331298828
2015-12-21,8378700,20.21999931335449,20.33333396911621,19.81333351135254,20.286666870117188,19.94808387756348
2015-12-18,17652300,20.606666564941406,20.66666603088379,19.746665954589844,19.746665954589844,19.41709518432617
2015-12-17,13951200,22.05666732788086,22.05666732788086,20.90666580200196,20.933332443237305,20.583955764770508
2015-12-16,12985200,21.38999938964844,22.01666641235352,20.933332443237305,21.90666580200196,21.541046142578125
2015-12-15,14816700,20.90666580200196,21.31333351135254,20.843334197998047,20.989999771118164,20.63968086242676
2015-12-14,12975300,20.06999969482422,20.37666702270508,19.476667404174805,20.36333274841309,20.023473739624023
2015-12-11,16999200,20.51666641235352,20.75,19.933332443237305,20.01666641235352,19.68259048461914
2015-12-10,7375800,21.14999961853028,21.763334274291992,21.06666755676269,21.263334274291992,20.90845489501953
2015-12-09,13983600,21.3933334350586,22.176666259765625,20.75333404541016,21.13999938964844,20.78717613220215
2015-12-08,8496900,21.479999542236328,21.979999542236328,21.26000022888184,21.63333320617676,21.272275924682614
2015-12-07,7078500,22.3700008392334,22.3700008392334,21.71333312988281,22.07999992370605,21.711488723754886
2015-12-04,10888800,21.40333366394043,22.60666656494141,21.35333251953125,22.489999771118164,22.11464500427246
2015-12-03,13597500,22.299999237060547,22.38333320617676,20.983333587646484,21.246665954589844,20.892061233520508
2015-12-02,8100300,22.85333251953125,22.996665954589844,22.09000015258789,22.170000076293945,21.79998588562012
2015-12-01,8841300,22.496665954589844,22.940000534057614,22.39999961853028,22.89666748046875,22.514524459838867
2015-11-30,5010300,22.62333297729492,22.64999961853028,22.21666717529297,22.26666641235352,21.89504051208496
2015-11-27,2758500,22.486665725708008,22.61666679382324,22.31999969482422,22.520000457763672,22.14414596557617
2015-11-25,3189300,22.53000068664551,22.59666633605957,22.36666679382324,22.456666946411133,22.08187294006348
2015-11-24,8880600,22.00666618347168,22.62666702270508,21.84666633605957,22.483333587646484,22.10808753967285
2015-11-23,4448400,22.496665954589844,22.683332443237305,22.21666717529297,22.37666702270508,22.00320053100586
2015-11-20,6363300,22.52666664123535,22.726667404174805,22.32333374023437,22.47333335876465,22.09825325012207
2015-11-19,6837900,22.233333587646484,22.38666725158692,22.11666679382324,22.229999542236328,21.858980178833008
2015-11-18,11173800,21.46333312988281,22.33333396911621,21.433332443237305,22.263334274291992,21.89176177978516
2015-11-17,15612900,21.453332901000977,21.76000022888184,21.09000015258789,21.24333381652832,20.88878631591797
2015-11-16,10067400,20.3266658782959,21.3266658782959,20.28333282470703,21.31666755676269,20.960893630981445
2015-11-13,12513600,20.956666946411133,21.046667098999023,20.356666564941406,20.3933334350586,20.05297088623047
2015-11-12,9349800,21.63333320617676,21.803333282470703,21.10333251953125,21.106666564941406,20.754398345947266
2015-11-11,6771600,22.39999961853028,22.40999984741211,22.0,22.01666641235352,21.64920997619629
2015-11-10,4887000,21.959999084472656,22.30666732788086,21.856666564941406,22.25666618347168,21.88520812988281
2015-11-09,9477600,22.54999923706055,22.59333419799805,21.77666664123535,22.13999938964844,21.770484924316406
2015-11-06,7229100,22.66666603088379,22.87333297729492,22.270000457763672,22.76666641235352,22.38669204711914
2015-11-05,6729600,22.90333366394043,23.09000015258789,22.479999542236328,22.81333351135254,22.432580947875977
2015-11-04,7452300,23.209999084472656,23.25666618347168,22.68666648864746,22.90666580200196,22.524356842041016
2015-11-03,7306200,22.770000457763672,23.31666755676269,22.68000030517578,23.07333374023437,22.6882438659668
2015-11-02,5848800,22.229999542236328,22.97333335876465,22.19333267211914,22.87666702270508,22.49485778808593
2015-10-30,5510100,22.489999771118164,22.60000038146973,22.049999237060547,22.08666610717773,21.71803855895996
2015-10-29,5206200,22.236665725708008,22.54333305358887,22.209999084472656,22.433332443237305,22.058921813964844
2015-10-28,13090500,21.83333396911621,22.453332901000977,21.58666610717773,22.43666648864746,22.06220436096192
2015-10-27,6850500,21.600000381469727,21.83666610717773,21.46333312988281,21.68666648864746,21.324716567993164
2015-10-26,5952900,21.950000762939453,21.953332901000977,21.700000762939453,21.84666633605957,21.482051849365234
2015-10-23,10506000,21.93666648864746,22.1299991607666,21.62666702270508,21.986665725708008,21.61970901489257
2015-10-22,14396100,20.6200008392334,21.36666679382324,20.56666755676269,21.280000686645508,20.92483901977539
2015-10-21,8672400,20.81333351135254,20.86000061035156,20.206666946411133,20.27666664123535,19.938247680664062
2015-10-20,5374200,20.56999969482422,20.8799991607666,20.486665725708008,20.63666725158692,20.29224395751953
2015-10-19,4996800,20.46666717529297,20.733333587646484,20.356666564941406,20.726667404174805,20.38074493408203
2015-10-16,7835400,20.59000015258789,20.706666946411133,20.299999237060547,20.683332443237305,20.3381290435791
2015-10-15,10359600,19.75333404541016,20.426666259765625,19.63333320617676,20.40666580200196,20.066082000732425
2015-10-14,6542400,19.773332595825195,19.996665954589844,19.426666259765625,19.51666641235352,19.190933227539062
2015-10-13,8850900,19.93000030517578,20.38666725158692,19.75666618347168,19.81999969482422,19.489208221435547
2015-10-12,6043500,20.163333892822266,20.26666641235352,20.01666641235352,20.22333335876465,19.88581085205078
2015-10-09,9845400,20.163333892822266,20.31333351135254,19.920000076293945,20.13666725158692,19.80059051513672
2015-10-08,13540500,19.446666717529297,20.203332901000977,19.33333396911621,20.100000381469727,19.76453399658203
2015-10-07,12490200,19.43666648864746,19.700000762939453,19.023332595825195,19.593334197998047,19.26632499694824
2015-10-06,12097800,19.25666618347168,19.456666946411133,18.87666702270508,19.100000381469727,18.781225204467773
2015-10-05,16274400,18.736665725708008,19.3799991607666,18.709999084472656,19.299999237060547,18.97788429260254
2015-10-02,22710000,16.89666748046875,18.33333396911621,16.726667404174805,18.293333053588867,17.988019943237305
2015-10-01,16883700,17.536666870117188,17.639999389648438,16.91666603088379,17.559999465942386,17.266925811767578
2015-09-30,23019000,17.066667556762695,17.456666946411133,16.83333396911621,17.420000076293945,17.129264831542972
2015-09-29,19977000,16.533332824707028,16.913333892822266,16.180000305175778,16.483333587646484,16.208229064941403
2015-09-28,23085300,17.510000228881836,17.540000915527347,16.363332748413086,16.446666717529293,16.172174453735348
2015-09-25,20668500,18.309999465942383,18.39999961853028,17.516666412353516,17.793333053588867,17.496362686157227
2015-09-24,22494600,17.600000381469727,17.969999313354492,17.170000076293945,17.84000015258789,17.542255401611328
2015-09-23,13698000,18.16666603088379,18.31666755676269,17.823333740234375,17.996665954589844,17.696300506591797
2015-09-22,14743200,18.11666679382324,18.26000022888184,17.726667404174805,18.11333274841309,17.811025619506836
2015-09-21,10135800,18.83333396911621,19.18000030517578,18.479999542236328,18.83666610717773,18.52228355407715
2015-09-18,16576500,18.64999961853028,19.1733341217041,18.40999984741211,18.549999237060547,18.24040031433105
2015-09-17,19141200,19.58666610717773,20.420000076293945,19.37666702270508,19.52666664123535,19.20077133178711
2015-09-16,11234400,19.239999771118164,19.703332901000977,19.13333320617676,19.62666702270508,19.29909896850586
2015-09-15,12079800,18.61666679382324,19.286666870117188,18.47333335876465,19.15999984741211,18.840221405029297
2015-09-14,8037900,18.703332901000977,18.729999542236328,18.286666870117188,18.433332443237305,18.12568092346192
2015-09-11,10085100,18.25333404541016,18.663333892822266,18.036666870117188,18.663333892822266,18.35184669494629
2015-09-10,11565300,18.036666870117188,18.786666870117188,17.963333129882812,18.40333366394043,18.0961856842041
2015-09-09,14456700,19.40666580200196,19.459999084472656,17.983333587646484,18.11000061035156,17.80774688720703
2015-09-08,13996200,18.46999931335449,18.920000076293945,18.26000022888184,18.87666702270508,18.561616897583008
2015-09-04,14877900,17.606666564941406,17.90333366394043,17.270000457763672,17.553333282470707,17.260372161865234
2015-09-03,13308000,18.59000015258789,19.08666610717773,18.21666717529297,18.3700008392334,18.063411712646484
2015-09-02,11081700,18.13333320617676,18.35333251953125,17.533332824707028,18.34000015258789,18.033906936645508
2015-09-01,21837300,17.773332595825195,18.21999931335449,17.066667556762695,17.373332977294922,17.0833740234375
2015-08-31,9913500,19.200000762939453,19.5,18.87666702270508,19.06666755676269,18.74844741821289
2015-08-28,18523800,19.32333374023437,19.709999084472656,19.14666748046875,19.56333351135254,19.236825942993164
2015-08-27,24416400,18.9233341217041,19.58666610717773,18.40666580200196,19.559999465942383,19.233543395996094
2015-08-26,23184600,17.553333282470707,18.270000457763672,16.600000381469727,18.200000762939453,17.896244049072266
2015-08-25,20093100,18.670000076293945,18.670000076293945,16.253334045410153,16.280000686645508,16.008289337158207
2015-08-24,25565100,16.236665725708008,18.78333282470703,14.333333015441896,17.079999923706055,16.794937133789062
2015-08-21,25025400,20.600000381469727,20.959999084472656,19.280000686645508,19.303333282470703,18.981163024902344
2015-08-20,17135100,22.13999938964844,22.34000015258789,21.280000686645508,21.299999237060547,20.944503784179688
2015-08-19,18949500,22.96999931335449,23.28333282470703,22.40666580200196,22.73666572570801,22.357196807861328
2015-08-18,5543700,23.3700008392334,23.51000022888184,23.18666648864746,23.27666664123535,22.88817977905273
2015-08-17,7747500,22.85666656494141,23.479999542236328,22.68000030517578,23.479999542236328,23.08812141418457
2015-08-14,5441100,22.77666664123535,23.12333297729492,22.71999931335449,23.09000015258789,22.70462989807129
2015-08-13,9864900,22.89666748046875,23.1433334350586,22.63999938964844,22.85000038146973,22.46863555908203
2015-08-12,15277800,22.343334197998047,23.01000022888184,21.77666664123535,22.91666603088379,22.534189224243164
2015-08-11,11550000,22.95000076293945,23.12333297729492,22.55666732788086,22.85333251953125,22.471912384033203
2015-08-10,6664200,23.0766658782959,23.52666664123535,23.0766658782959,23.483333587646484,23.09140014648437
2015-08-07,9495300,22.72333335876465,22.773332595825195,22.293333053588867,22.63666725158692,22.258861541748047
2015-08-06,7345500,23.40999984741211,23.46666717529297,22.54333305358887,22.83333396911621,22.452247619628903
2015-08-05,5949000,23.48666572570801,23.76000022888184,23.239999771118164,23.34333419799805,22.95373725891113
2015-08-04,4466400,23.226667404174805,23.40999984741211,22.93666648864746,23.11666679382324,22.730854034423828
2015-08-03,6220500,23.479999542236328,23.50333404541016,22.88333320617676,23.24333381652832,22.85540199279785
2015-07-31,5388000,23.81666755676269,23.82333374023437,23.38999938964844,23.5,23.10778617858887
2015-07-30,5947200,23.39999961853028,23.676666259765625,23.1433334350586,23.59666633605957,23.202842712402344
2015-07-29,7464000,23.16666603088379,23.683332443237305,23.11333274841309,23.59333419799805,23.19956398010254
2015-07-28,8682900,22.63999938964844,23.176666259765625,22.30666732788086,23.11666679382324,22.730854034423828
2015-07-27,9007200,22.36666679382324,22.54999923706055,22.13666725158692,22.303333282470703,21.931093215942383
2015-07-24,9755400,23.45666694641113,23.489999771118164,22.57333374023437,22.709999084472656,22.33097267150879
2015-07-23,5597400,23.89666748046875,23.9233341217041,23.28666687011719,23.420000076293945,23.02912330627441
2015-07-22,4670700,23.68000030517578,23.96666717529297,23.6733341217041,23.81333351135254,23.4158878326416
2015-07-21,6129600,24.18666648864746,24.30666732788086,23.84333419799805,23.95666694641113,23.55683326721192
2015-07-20,6132300,24.3266658782959,24.45000076293945,24.12666702270508,24.26333427429199,23.85838317871093
2015-07-17,5041200,24.16666603088379,24.246665954589844,24.0,24.21333312988281,23.809215545654297
2015-07-16,7946400,24.023332595825195,24.163333892822266,23.93000030517578,24.13666725158692,23.73383140563965
2015-07-15,6007800,23.64666748046875,23.82333374023437,23.413333892822266,23.60000038146973,23.20612144470215
2015-07-14,6625200,23.296667098999023,23.746665954589844,23.296667098999023,23.6433334350586,23.24873161315918
2015-07-13,8187000,23.06999969482422,23.36666679382324,23.053333282470703,23.31666755676269,22.9275131225586
2015-07-10,10496100,22.50666618347168,22.733333587646484,22.263334274291992,22.57999992370605,22.203144073486328
2015-07-09,10105800,22.450000762939453,22.53333282470703,21.736665725708008,21.75333404541016,21.39027404785156
2015-07-08,15667500,22.270000457763672,22.38333320617676,21.55666732788086,21.64666748046875,21.285388946533203
2015-07-07,15372300,22.456666946411133,22.83333396911621,21.53333282470703,22.773332595825195,22.393245697021484
2015-07-06,8691600,22.053333282470703,22.6733341217041,21.979999542236328,22.37333297729492,21.99992752075196
2015-07-02,6821100,22.81999969482422,22.88333320617676,22.40666580200196,22.55666732788086,22.180200576782227
2015-07-01,11800200,22.73666572570801,22.79999923706055,22.34000015258789,22.62666702270508,22.249032974243164
2015-06-30,24794400,22.55666732788086,22.5766658782959,21.9233341217041,22.13333320617676,21.763931274414062
2015-06-29,16036500,22.85333251953125,23.11333274841309,21.94333267211914,21.979999542236328,21.613155364990234
2015-06-26,4945200,23.60333251953125,23.696666717529297,23.229999542236328,23.44333267211914,23.05206680297852
2015-06-25,4477200,23.8933334350586,23.93000030517578,23.433332443237305,23.440000534057614,23.04878807067871
2015-06-24,4942500,24.10666656494141,24.24333381652832,23.6733341217041,23.6733341217041,23.27822685241699
2015-06-23,3783300,24.233333587646484,24.34000015258789,24.04999923706055,24.209999084472656,23.8010196685791
2015-06-22,6250200,24.16666603088379,24.3933334350586,24.07999992370605,24.15666580200196,23.74858665466309
2015-06-19,5446200,24.02666664123535,24.046667098999023,23.66666603088379,23.6733341217041,23.273420333862305
2015-06-18,7441800,23.60000038146973,24.303333282470703,23.59333419799805,24.09000015258789,23.683048248291016
2015-06-17,8060400,23.40999984741211,23.62666702270508,22.983333587646484,23.39999961853028,23.00470352172852
2015-06-16,4993500,22.84000015258789,23.309999465942383,22.77666664123535,23.28666687011719,22.89328384399414
2015-06-15,9656100,22.746665954589844,23.01333427429199,22.46999931335449,22.88333320617676,22.496767044067383
2015-06-12,7543200,23.40333366394043,23.476667404174805,23.10000038146973,23.190000534057614,22.798254013061523
2015-06-11,5526600,23.71333312988281,23.90666580200196,23.61333274841309,23.75,23.348791122436523
2015-06-10,9434100,23.023332595825195,23.676666259765625,22.996665954589844,23.53666687011719,23.13906097412109
2015-06-09,6121800,22.729999542236328,22.91666603088379,22.46666717529297,22.70000076293945,22.3165283203125
2015-06-08,6214500,23.10666656494141,23.163333892822266,22.696666717529297,22.73666572570801,22.35258102416992
2015-06-05,6881100,23.21999931335449,23.420000076293945,22.8933334350586,23.170000076293945,22.77859115600586
2015-06-04,9445800,23.59333419799805,23.82999992370605,23.14999961853028,23.31999969482422,22.92605781555176
2015-06-03,7571100,23.89999961853028,24.13666725158692,23.690000534057614,23.87333297729492,23.47003936767578
2015-06-02,5782200,23.5766658782959,23.97333335876465,23.33333396911621,23.690000534057614,23.2898063659668
2015-06-01,5852700,23.87666702270508,24.023332595825195,23.45000076293945,23.75666618347168,23.35534477233887
2015-05-29,6757500,24.04333305358887,24.059999465942383,23.520000457763672,23.60333251953125,23.20460319519043
2015-05-28,4240200,24.01666641235352,24.1200008392334,23.79333305358887,24.0766658782959,23.669940948486328
2015-05-27,4542600,23.6733341217041,24.25,23.54333305358887,24.13999938964844,23.73220252990723
2015-05-26,7397700,24.06999969482422,24.10666656494141,23.32999992370605,23.51000022888184,23.11284637451172
2015-05-22,4173900,24.29999923706055,24.46999931335449,24.246665954589844,24.28000068664551,23.86984062194824
2015-05-21,3509400,24.190000534057614,24.540000915527344,24.11666679382324,24.45000076293945,24.036970138549805
2015-05-20,5372100,24.34000015258789,24.553333282470703,24.11666679382324,24.24333381652832,23.83379364013672
2015-05-19,4122600,24.37666702270508,24.48166656494141,24.183332443237305,24.288333892822266,23.87803077697754
2015-05-18,4214400,24.0183334350586,24.42499923706055,24.01166725158692,24.321666717529297,23.91080093383789
2015-05-15,4735800,24.101667404174805,24.15666580200196,23.90666580200196,24.09833335876465,23.691240310668945
2015-05-14,7294800,23.70499992370605,24.053333282470703,23.59166717529297,24.02666664123535,23.62078666687012
2015-05-13,6865200,23.44833374023437,23.69166755676269,23.2016658782959,23.296667098999023,22.90311813354492
2015-05-12,10069200,23.16166687011719,23.5,22.828332901000977,23.270000457763672,22.87690162658692
2015-05-11,6609600,23.809999465942383,23.93000030517578,23.46500015258789,23.4950008392334,23.098100662231445
2015-05-08,8830800,23.58333396911621,23.915000915527344,23.565000534057614,23.82333374023437,23.42089080810547
2015-05-07,8401800,22.61666679382324,23.09666633605957,22.496665954589844,22.93166732788086,22.54428291320801
2015-05-06,12720000,23.171667098999023,23.28333282470703,22.2450008392334,22.65666580200196,22.27392196655273
2015-05-05,12127800,23.670000076293945,23.809999465942383,22.895000457763672,22.93166732788086,22.54428291320801
2015-05-04,4944000,23.73833274841309,24.0,23.69166755676269,23.77833366394043,23.37664794921875
2015-05-01,7768800,23.13999938964844,23.58333396911621,23.09833335876465,23.54999923706055,23.15216827392578
2015-04-30,13762200,23.309999465942383,23.459999084472656,22.551666259765625,22.81999969482422,22.434505462646484
2015-04-29,10846800,23.476667404174805,23.78333282470703,23.21500015258789,23.52666664123535,23.12923049926757
2015-04-28,9089400,23.61000061035156,23.86000061035156,23.125,23.81666755676269,23.41433525085449
2015-04-27,6586800,24.13999938964844,24.18666648864746,23.53499984741211,23.60000038146973,23.20132827758789
2015-04-24,3794400,23.921667098999023,24.01499938964844,23.733333587646484,23.915000915527344,23.51100730895996
2015-04-23,7308000,23.40666580200196,24.0049991607666,23.37666702270508,23.7450008392334,23.34387588500977
2015-04-22,5329200,23.36333274841309,23.64166641235352,22.99833297729492,23.56666755676269,23.16855430603028
2015-04-21,5436600,23.58833312988281,23.645000457763672,23.114999771118164,23.22833251953125,22.83593559265137
2015-04-20,7007400,23.06166648864746,23.43833351135254,23.02666664123535,23.30666732788086,22.91294860839844
2015-04-17,11736600,23.02499961853028,23.114999771118164,22.38500022888184,22.690000534057614,22.306699752807614
2015-04-16,4671000,23.398332595825195,23.70499992370605,23.31666755676269,23.50166702270508,23.10465812683105
2015-04-15,6132000,23.415000915527344,23.726667404174805,23.3799991607666,23.523332595825195,23.12595176696777
2015-04-14,7551600,23.01666641235352,23.290000915527344,22.76000022888184,23.21666717529297,22.8244686126709
2015-04-13,3901200,23.34166717529297,23.60000038146973,23.06999969482422,23.09333419799805,22.70322227478028
2015-04-10,5205000,23.12333297729492,23.420000076293945,23.053333282470703,23.398332595825195,23.00306510925293
2015-04-09,8473800,22.66833305358887,23.1200008392334,22.476667404174805,23.038333892822266,22.64914703369141
2015-04-08,13951200,22.59499931335449,22.8933334350586,22.433332443237305,22.729999542236328,22.34602165222168
2015-04-07,7034400,22.696666717529297,22.98666572570801,22.49166679382324,22.49166679382324,22.111717224121094
2015-04-06,10357800,21.89166641235352,22.88166618347168,21.84000015258789,22.68166732788086,22.298507690429688
2015-04-02,6568200,21.981666564941406,22.405000686645508,21.90833282470703,22.20833396911621,21.83316802978516
2015-04-01,10212000,22.22166633605957,22.22166633605957,21.61833381652832,22.01000022888184,21.63819122314453
2015-03-31,9694200,22.5,22.78333282470703,22.22333335876465,22.24333381652832,21.86758041381836
2015-03-30,9934200,22.446666717529297,22.953332901000977,22.44333267211914,22.83666610717773,22.45088577270508
2015-03-27,5805600,21.843334197998047,22.111665725708008,21.770000457763672,22.023332595825195,21.65129280090332
2015-03-26,13389600,21.78333282470703,22.23833274841309,21.523332595825195,21.88999938964844,21.520214080810547
2015-03-25,10107000,23.148332595825195,23.23166656494141,22.03333282470703,22.03499984741211,21.662761688232425
2015-03-24,5994000,23.42499923706055,23.61000061035156,23.05666732788086,23.071666717529297,22.660287857055664
2015-03-23,4573800,23.625,23.851667404174805,23.48500061035156,23.48500061035156,23.06625556945801
2015-03-20,9087000,23.39999961853028,23.81833267211914,23.364999771118164,23.61166572570801,23.19066047668457
2015-03-19,9385200,23.1733341217041,23.273332595825195,22.86166572570801,23.00333404541016,22.59317779541016
2015-03-18,16234200,22.33333396911621,23.59000015258789,22.08666610717773,23.315000534057614,22.899282455444336
2015-03-17,7863000,22.43000030517578,22.66833305358887,22.20833396911621,22.523332595825195,22.121732711791992
2015-03-16,7532400,22.12333297729492,22.76166725158692,22.12333297729492,22.74166679382324,22.33617401123047
2015-03-13,14389800,22.15833282470703,22.21333312988281,21.4516658782959,21.850000381469727,21.460405349731445
2015-03-12,8309400,21.68000030517578,22.286666870117188,21.68000030517578,22.26000022888184,21.863096237182614
2015-03-11,6934200,21.68666648864746,21.76666641235352,21.41666603088379,21.44166755676269,21.05935478210449
2015-03-10,12813000,22.16666603088379,22.206666946411133,21.600000381469727,21.600000381469727,21.21486473083496
2015-03-09,6538800,22.50333404541016,22.84666633605957,22.47166633605957,22.709999084472656,22.30506896972656
2015-03-06,12654000,23.0483341217041,23.25333404541016,22.301666259765625,22.415000915527344,22.015331268310547
2015-03-05,4074600,23.479999542236328,23.53333282470703,23.22500038146973,23.420000076293945,23.00241279602051
2015-03-04,7732800,23.40500068664551,23.43666648864746,22.959999084472656,23.33833312988281,22.92220115661621
2015-03-03,7885800,23.76499938964844,23.80500030517578,23.303333282470703,23.64999961853028,23.228307723999023
2015-03-02,5124000,23.54166603088379,23.96833419799805,23.54166603088379,23.946666717529297,23.51969146728516
2015-02-27,3852000,23.703332901000977,23.815000534057614,23.489999771118164,23.50666618347168,23.087535858154297
2015-02-26,5760600,23.79333305358887,23.85666656494141,23.50166702270508,23.74166679382324,23.318342208862305
2015-02-25,4804200,23.84666633605957,24.040000915527344,23.69166755676269,23.81999969482422,23.39528083801269
2015-02-24,6265200,23.67499923706055,23.97333335876465,23.54999923706055,23.898332595825195,23.47221565246582
2015-02-23,5755200,23.59666633605957,23.69833374023437,23.45000076293945,23.69833374023437,23.27578163146973
2015-02-20,8033400,23.121665954589844,23.733333587646484,22.875,23.71500015258789,23.292150497436523
2015-02-19,6238800,23.09333419799805,23.433332443237305,23.040000915527344,23.29166603088379,22.876361846923828
2015-02-18,4605600,23.1733341217041,23.36833381652832,23.0766658782959,23.33666610717773,22.920562744140625
2015-02-17,5441400,23.10333251953125,23.40166664123535,23.0049991607666,23.36000061035156,22.94347953796387
2015-02-13,7296600,22.99833297729492,23.24333381652832,22.88999938964844,23.239999771118164,22.825618743896484
2015-02-12,10449600,22.60666656494141,22.95833396911621,22.54166603088379,22.94333267211914,22.53424453735352
2015-02-11,10011600,22.19166755676269,22.46333312988281,21.946666717529297,22.30666732788086,21.9089298248291
2015-02-10,7852800,21.97833251953125,22.358333587646484,21.638334274291992,22.270000457763672,21.87291717529297
2015-02-09,5787600,21.62333297729492,21.898332595825195,21.421667098999023,21.575000762939453,21.1903076171875
2015-02-06,8939400,22.20499992370605,22.41666603088379,21.676666259765625,21.87333297729492,21.483327865600582
2015-02-05,8258400,21.66666603088379,22.11333274841309,21.63500022888184,22.06833267211914,21.67484474182129
2015-02-04,10494000,21.36666679382324,21.82999992370605,21.236665725708008,21.40166664123535,21.020065307617188
2015-02-03,13813200,21.09833335876465,21.661666870117188,20.959999084472656,21.64666748046875,21.26070022583008
2015-02-02,13893600,20.21166610717773,20.795000076293945,19.546667098999023,20.739999771118164,20.370195388793945
2015-01-30,14887800,20.356666564941406,20.861665725708008,19.926666259765625,20.00833320617676,19.651575088500977
2015-01-29,15143400,20.32333374023437,20.90666580200196,19.809999465942383,20.81666755676269,20.445499420166016
2015-01-28,12560400,21.50833320617676,21.545000076293945,20.184999465942383,20.21666717529297,19.85619163513184
2015-01-27,12822600,21.148332595825195,21.50666618347168,20.74333381652832,21.075000762939453,20.6992244720459
2015-01-26,7948200,21.703332901000977,21.968334197998047,21.426666259765625,21.950000762939453,21.55862236022949
2015-01-23,10117200,22.030000686645508,22.148332595825195,21.729999542236328,21.7683334350586,21.38019561767578
2015-01-22,15577800,21.49333381652832,22.196666717529297,20.975000381469727,22.155000686645508,21.75996780395508
2015-01-21,10422600,20.71333312988281,21.3799991607666,20.549999237060547,21.19833374023437,20.820358276367188
2015-01-20,10089000,20.98833274841309,21.08833312988281,20.315000534057614,20.89166641235352,20.519155502319336
2015-01-16,14252400,19.90999984741211,20.81333351135254,19.83833312988281,20.726667404174805,20.35710525512696
2015-01-15,14213400,20.770000457763672,20.88999938964844,19.940000534057614,19.981666564941406,19.625385284423828
2015-01-14,19285200,20.168333053588867,20.604999542236328,19.821666717529297,20.543333053588867,20.17703628540039
2015-01-13,16887600,21.56833267211914,21.975000381469727,20.43000030517578,20.90999984741211,20.537166595458984
2015-01-12,11092200,21.68000030517578,21.718334197998047,20.87333297729492,21.08333396911621,20.707408905029297
2015-01-09,15929400,22.303333282470703,22.31333351135254,21.375,21.604999542236328,21.21977424621582
2015-01-08,13764000,21.56333351135254,22.225000381469727,21.55500030517578,22.148332595825195,21.75341796875
2015-01-07,10614000,20.770000457763672,21.14999961853028,20.59000015258789,21.038333892822266,20.6632137298584
2015-01-06,17523000,20.975000381469727,21.16666603088379,19.979999542236328,20.290000915527344,19.92822265625
2015-01-05,15450000,21.645000457763672,21.71666717529297,20.74333381652832,20.854999542236328,20.48314476013184
2015-01-02,9816600,22.375,22.53166580200196,21.655000686645508,22.04166603088379,21.64865493774414
2014-12-31,17282400,11.454167366027832,11.482500076293944,11.029167175292969,11.050832748413086,10.701698303222656
2014-12-30,13495200,11.482500076293944,11.515832901000977,11.3725004196167,11.394166946411133,11.034185409545898
2014-12-29,6776400,11.490833282470703,11.615833282470703,11.476667404174805,11.571666717529297,11.20607852935791
2014-12-26,9796800,11.50583267211914,11.59749984741211,11.50333309173584,11.529999732971191,11.165724754333496
2014-12-24,4766400,11.470832824707031,11.515000343322754,11.416666984558104,11.428333282470703,11.067272186279297
2014-12-23,12613200,11.498332977294922,11.5,11.384166717529297,11.429166793823242,11.068078994750977
2014-12-22,11708400,11.261667251586914,11.37916660308838,11.21166706085205,11.366666793823242,11.00755500793457
2014-12-19,25807200,11.214166641235352,11.364999771118164,11.089166641235352,11.229166984558104,10.86302089691162
2014-12-18,34204800,10.779999732971191,11.092499732971191,10.65250015258789,11.085832595825195,10.724358558654783
2014-12-17,31845600,9.829167366027832,10.400833129882812,9.804166793823242,10.348333358764648,10.010909080505373
2014-12-16,35848800,9.846667289733888,10.424166679382324,9.741666793823242,9.75749969482422,9.439338684082031
2014-12-15,27814800,10.3774995803833,10.454167366027832,9.87916660308838,9.979999542236328,9.654583930969238
2014-12-12,21154800,10.485833168029783,10.666666984558104,10.201666831970217,10.208333015441896,9.875471115112305
2014-12-11,19245600,10.677499771118164,11.036666870117188,10.649999618530272,10.717499732971191,10.368035316467283
2014-12-10,22762800,11.011667251586914,11.019166946411133,10.529999732971191,10.571666717529297,10.22696018218994
2014-12-09,23731200,10.765000343322754,11.1225004196167,10.68416690826416,11.096667289733888,10.734840393066406
2014-12-08,15742800,11.27750015258789,11.373332977294922,11.016667366027832,11.130000114440918,10.767087936401367
2014-12-05,11734800,11.335000038146973,11.429166793823242,11.283332824707031,11.35083293914795,10.980717658996582
2014-12-04,13741200,11.279999732971191,11.395833015441896,11.141667366027832,11.300832748413086,10.932347297668455
2014-12-03,12020400,11.234999656677246,11.375832557678224,11.207500457763672,11.345000267028809,10.97507667541504
2014-12-02,14526000,10.99666690826416,11.24583339691162,10.99666690826416,11.201666831970217,10.836418151855469
2014-12-01,17787600,11.098333358764648,11.1225004196167,10.93333339691162,11.00583267211914,10.646965980529783
2014-11-28,10594800,11.279999732971191,11.338333129882812,11.186667442321776,11.234999656677246,10.868664741516112
2014-11-26,8482800,11.2475004196167,11.32333278656006,11.205833435058594,11.30916690826416,10.940411567687988
2014-11-25,14613600,11.28833293914795,11.328332901000977,11.172499656677246,11.234167098999023,10.867857933044434
2014-11-24,8625600,11.233332633972168,11.267499923706056,11.1899995803833,11.24416732788086,10.877531051635742
2014-11-21,20618400,11.30500030517578,11.31666660308838,11.039999961853027,11.157500267028809,10.793691635131836
2014-11-20,11058000,10.761667251586914,10.993332862854004,10.751667022705078,10.97249984741211,10.61472225189209
2014-11-19,15583200,10.927499771118164,10.970000267028809,10.771666526794434,10.915833473205566,10.55990505218506
2014-11-18,11781600,10.792499542236328,11.026666641235352,10.792499542236328,10.971667289733888,10.61391544342041
2014-11-17,11232000,10.697500228881836,10.81583309173584,10.671667098999023,10.787500381469728,10.435754776000977
2014-11-14,9354000,10.739999771118164,10.800832748413086,10.68416690826416,10.766667366027832,10.415603637695312
2014-11-13,14966400,10.751667022705078,10.858332633972168,10.604166984558104,10.755000114440918,10.404312133789062
2014-11-12,10899600,10.62833309173584,10.762499809265137,10.619999885559082,10.723333358764648,10.373682975769045
2014-11-11,6682800,10.740833282470703,10.77750015258789,10.68000030517578,10.75416660308838,10.403509140014648
2014-11-10,10610400,10.638333320617676,10.735833168029783,10.59333324432373,10.72249984741211,10.37287425994873
2014-11-07,13335600,10.596667289733888,10.666666984558104,10.516667366027832,10.633333206176758,10.286615371704102
2014-11-06,17281200,10.480833053588867,10.61416721343994,10.360833168029783,10.604999542236328,10.259203910827637
2014-11-05,16200000,10.5,10.511667251586914,10.335832595825195,10.473333358764648,10.131832122802734
2014-11-04,18361200,10.299166679382324,10.359167098999023,10.125,10.286666870117188,9.951251983642578
2014-11-03,14913600,10.404999732971191,10.490833282470703,10.31666660308838,10.386667251586914,10.047993659973145
2014-10-31,21634800,10.391667366027832,10.395000457763672,10.23916721343994,10.369999885559082,10.031866073608398
2014-10-30,30613200,9.75416660308838,10.112500190734863,9.738332748413086,10.039167404174805,9.711822509765623
2014-10-29,23438400,9.903332710266112,9.989999771118164,9.640832901000977,9.848333358764648,9.527210235595703
2014-10-28,17485200,9.654999732971191,9.886667251586914,9.641667366027832,9.874167442321776,9.552202224731444
2014-10-27,20336400,9.49583339691162,9.600000381469728,9.391667366027832,9.555832862854004,9.244247436523438
2014-10-24,15549600,9.422499656677246,9.603333473205566,9.322500228881836,9.589166641235352,9.276494979858398
2014-10-23,22768800,9.340832710266112,9.554166793823242,9.287500381469728,9.390832901000977,9.084627151489258
2014-10-22,24807600,9.320833206176758,9.38249969482422,9.057499885559082,9.072500228881836,8.7766752243042
2014-10-21,32026800,8.9375,9.28083324432373,8.909167289733887,9.265832901000977,8.963706016540527
2014-10-20,18690000,8.453332901000977,8.763333320617676,8.441666603088379,8.749167442321777,8.463885307312012
2014-10-17,38863200,8.49416732788086,8.669166564941406,8.387499809265137,8.508333206176758,8.230905532836914
2014-10-16,56119200,7.784999847412109,8.37833309173584,7.762499809265137,8.199999809265137,7.932628154754639
2014-10-15,63351600,8.0649995803833,8.290833473205566,7.623332977294922,8.204999923706055,7.937462329864502
2014-10-14,36704400,8.5,8.68416690826416,8.313332557678223,8.40999984741211,8.135778427124023
2014-10-13,31405200,8.779999732971191,8.885000228881836,8.350000381469727,8.366666793823242,8.093855857849121
2014-10-10,41282400,9.107500076293944,9.240833282470703,8.796667098999023,8.800832748413086,8.51386547088623
2014-10-09,35967600,9.643333435058594,9.68333339691162,9.09416675567627,9.110833168029783,8.813759803771973
2014-10-08,34288800,9.221667289733888,9.729999542236328,9.079167366027832,9.699167251586914,9.382908821105955
2014-10-07,24819600,9.510000228881836,9.572500228881836,9.210000038146973,9.21500015258789,8.914528846740723
2014-10-06,22689600,9.810832977294922,9.852499961853027,9.55500030517578,9.65583324432373,9.340987205505373
2014-10-03,25302000,9.572500228881836,9.750832557678224,9.486666679382324,9.69166660308838,9.375654220581056
2014-10-02,26274000,9.359999656677246,9.481666564941406,9.095000267028809,9.38083267211914,9.074954986572266
2014-10-01,35610000,9.726667404174805,9.736666679382324,9.31666660308838,9.386667251586914,9.080596923828123
2014-09-30,15445200,9.880000114440918,9.96916675567627,9.720832824707031,9.779999732971191,9.461105346679688
2014-09-29,13614000,9.65583324432373,9.909167289733888,9.63249969482422,9.860833168029783,9.53930377960205
2014-09-26,14812800,9.728333473205566,9.984999656677246,9.696666717529297,9.922499656677246,9.598959922790527
2014-09-25,21032400,10.092499732971191,10.095000267028809,9.67666721343994,9.685832977294922,9.370009422302246
2014-09-24,14343600,9.949999809265137,10.19333267211914,9.87166690826416,10.18000030517578,9.848063468933104
2014-09-23,13480800,10.011667251586914,10.140000343322754,9.939167022705078,9.949999809265137,9.61983871459961
2014-09-22,13479600,10.305832862854004,10.3125,10.0625,10.12166690826416,9.785810470581056
2014-09-19,11780400,10.4975004196167,10.520833015441896,10.303333282470703,10.375,10.030736923217772
2014-09-18,8080800,10.324167251586914,10.398332595825195,10.28833293914795,10.391667366027832,10.046852111816406
2014-09-17,20280000,10.239999771118164,10.37166690826416,10.083333015441896,10.231666564941406,9.892160415649414
2014-09-16,11156400,9.911666870117188,10.241666793823242,9.891667366027832,10.194167137145996,9.85590362548828
2014-09-15,9400800,9.99416732788086,10.017499923706056,9.8774995803833,9.967499732971191,9.636759757995604
2014-09-12,14773200,10.140832901000977,10.141667366027832,9.90583324432373,9.991666793823242,9.660123825073242
2014-09-11,8584800,10.015000343322754,10.175000190734863,9.991666793823242,10.164167404174805,9.826899528503418
2014-09-10,14349600,10.040833473205566,10.154167175292969,9.936667442321776,10.141667366027832,9.805146217346191
2014-09-09,11598000,10.186667442321776,10.210000038146973,9.964166641235352,10.028332710266112,9.69557285308838
2014-09-08,11233200,10.266667366027832,10.311667442321776,10.12833309173584,10.220832824707031,9.881685256958008
2014-09-05,10602000,10.151666641235352,10.307499885559082,10.041666984558104,10.300000190734863,9.95822525024414
2014-09-04,16165200,10.25333309173584,10.37166690826416,10.079167366027832,10.15583324432373,9.818840026855469
2014-09-03,8251200,10.338333129882812,10.345832824707031,10.166666984558104,10.213333129882812,9.874433517456056
2014-09-02,9810000,10.278332710266112,10.28499984741211,10.111666679382324,10.21916675567627,9.88007354736328
2014-08-29,7922400,10.208333015441896,10.244999885559082,10.106666564941406,10.239999771118164,9.900216102600098
2014-08-28,11628000,10.071666717529297,10.173333168029783,10.041666984558104,10.157500267028809,9.820452690124512
2014-08-27,5786400,10.199167251586914,10.22249984741211,10.130000114440918,10.179166793823242,9.841401100158691
2014-08-26,8769600,10.175000190734863,10.262499809265137,10.175000190734863,10.1899995803833,9.851873397827148
2014-08-25,9922800,10.162500381469728,10.215832710266112,10.116666793823242,10.162500381469728,9.825288772583008
2014-08-22,13840800,10.039999961853027,10.092499732971191,9.947500228881836,10.012499809265137,9.680264472961426
2014-08-21,7340400,10.00416660308838,10.10083293914795,9.979166984558104,10.0649995803833,9.731019973754885
2014-08-20,11031600,9.854999542236328,10.010000228881836,9.854166984558104,9.976667404174805,9.645623207092283
2014-08-19,12236400,9.8125,9.920000076293944,9.789167404174805,9.893333435058594,9.565051078796388
2014-08-18,12424800,9.666666984558104,9.759166717529297,9.648332595825195,9.739999771118164,9.416808128356934
2014-08-15,25885200,9.61416721343994,9.645000457763672,9.302499771118164,9.50583267211914,9.190410614013672
2014-08-14,7336800,9.425000190734863,9.51083278656006,9.398332595825195,9.510000228881836,9.194440841674805
2014-08-13,19465200,9.305832862854004,9.40999984741211,9.258333206176758,9.391667366027832,9.080031394958496
2014-08-12,12483600,9.204999923706056,9.279167175292969,9.113332748413086,9.192500114440918,8.887473106384277
2014-08-11,16249200,9.25333309173584,9.356666564941406,9.221667289733888,9.236666679382324,8.93017578125
2014-08-08,14931600,8.901666641235352,9.170832633972168,8.837499618530273,9.14916706085205,8.845579147338867
2014-08-07,17290800,9.112500190734863,9.141667366027832,8.78083324432373,8.840832710266113,8.547477722167969
2014-08-06,14440800,8.861666679382324,9.108332633972168,8.854999542236328,8.988332748413086,8.690081596374512
2014-08-05,19351200,9.140000343322754,9.214166641235352,8.888333320617676,8.979166984558105,8.681220054626465
2014-08-04,11648400,9.116666793823242,9.314167022705078,8.998332977294922,9.25333309173584,8.946287155151367
2014-08-01,24831600,9.06833267211914,9.239999771118164,8.933333396911621,9.05833339691162,8.757758140563965
2014-07-31,35482800,9.525833129882812,9.545832633972168,9.137499809265137,9.146666526794434,8.843160629272461
2014-07-30,17413200,9.825833320617676,9.861666679382324,9.606666564941406,9.723333358764648,9.400691986083984
2014-07-29,10519200,9.900833129882812,9.94166660308838,9.720000267028809,9.723333358764648,9.400691986083984
2014-07-28,9784800,9.839166641235352,9.891667366027832,9.674166679382324,9.848333358764648,9.52154541015625
2014-07-25,8739600,9.895833015441896,9.920000076293944,9.78083324432373,9.842499732971191,9.51590633392334
2014-07-24,7998000,10.013333320617676,10.039167404174805,9.952500343322754,9.979166984558104,9.64803695678711
2014-07-23,8426400,9.954167366027832,10.008333206176758,9.898332595825195,9.976667404174805,9.645623207092283
2014-07-22,10396800,9.88583278656006,9.962499618530272,9.863332748413086,9.90999984741211,9.581168174743652
2014-07-21,9975600,9.74666690826416,9.80833339691162,9.648332595825195,9.778332710266112,9.45386791229248
2014-07-18,10227600,9.647500038146973,9.868332862854004,9.625,9.838333129882812,9.511877059936523
2014-07-17,20302800,9.792499542236328,9.908332824707031,9.508333206176758,9.547499656677246,9.23069667816162
2014-07-16,11082000,9.904999732971191,9.930832862854004,9.8100004196167,9.886667251586914,9.55860996246338
2014-07-15,12788400,9.854999542236328,9.910833358764648,9.654999732971191,9.779999732971191,9.455480575561523
2014-07-14,7644000,9.833333015441896,9.874167442321776,9.800000190734863,9.830833435058594,9.504627227783203
2014-07-11,10245600,9.638333320617676,9.708333015441896,9.569167137145996,9.69499969482422,9.373300552368164
2014-07-10,13298400,9.485833168029783,9.726667404174805,9.459166526794434,9.64916706085205,9.328988075256348
2014-07-09,8826000,9.704999923706056,9.790833473205566,9.64916706085205,9.766667366027832,9.442588806152344
2014-07-08,15727200,9.769166946411133,9.779999732971191,9.56583309173584,9.645833015441896,9.325766563415527
2014-07-07,9716400,9.875832557678224,9.89916706085205,9.784167289733888,9.833333015441896,9.507041931152344
2014-07-03,5523600,9.868332862854004,9.942500114440918,9.853333473205566,9.93166732788086,9.6021146774292
2014-07-02,6730800,9.758333206176758,9.821666717529297,9.7475004196167,9.784167289733888,9.459511756896973
2014-07-01,13686000,9.638333320617676,9.845000267028809,9.62916660308838,9.758333206176758,9.434534072875977
2014-06-30,10904400,9.567500114440918,9.633333206176758,9.541666984558104,9.571666717529297,9.254058837890623
2014-06-27,8779200,9.460000038146973,9.592499732971191,9.449999809265137,9.58666706085205,9.268562316894531
2014-06-26,12081600,9.552499771118164,9.553333282470703,9.338333129882812,9.533332824707031,9.216997146606444
2014-06-25,10405200,9.359999656677246,9.577500343322754,9.359999656677246,9.547499656677246,9.23069667816162
2014-06-24,15608400,9.549166679382324,9.69166660308838,9.396666526794434,9.43000030517578,9.111051559448242
2014-06-23,7203600,9.616666793823242,9.6274995803833,9.552499771118164,9.604166984558104,9.279325485229492
2014-06-20,8389200,9.625832557678224,9.62916660308838,9.579999923706056,9.615833282470703,9.290597915649414
2014-06-19,10465200,9.547499656677246,9.572500228881836,9.456666946411133,9.557499885559082,9.234237670898438
2014-06-18,14527200,9.31583309173584,9.539167404174805,9.265000343322754,9.525833129882812,9.203641891479492
2014-06-17,9880800,9.199999809265137,9.33666706085205,9.175000190734863,9.313332557678224,8.998329162597656
2014-06-16,15340800,9.18166732788086,9.298333168029783,9.149999618530272,9.23916721343994,8.926673889160156
2014-06-13,10756800,9.192500114440918,9.244999885559082,9.101667404174805,9.223333358764648,8.91137409210205
2014-06-12,15594000,9.299166679382324,9.31666660308838,9.076666831970217,9.140000343322754,8.830860137939453
2014-06-11,14004000,9.339166641235352,9.366666793823242,9.273332595825195,9.34416675567627,9.028118133544922
2014-06-10,6728400,9.398332595825195,9.4399995803833,9.338333129882812,9.439167022705078,9.11990737915039
2014-06-09,10455600,9.397500038146973,9.500832557678224,9.375,9.432499885559082,9.113466262817385
2014-06-06,8180400,9.333333015441896,9.410833358764648,9.31833267211914,9.40666675567627,9.088505744934082
2014-06-05,13269600,9.125,9.299166679382324,9.026666641235352,9.274999618530272,8.96129322052002
2014-06-04,12621600,8.984999656677246,9.108332633972168,8.963333129882812,9.08666706085205,8.779330253601074
2014-06-03,8576400,8.988332748413086,9.053333282470703,8.96500015258789,9.042499542236328,8.736656188964844
2014-06-02,8799600,9.05916690826416,9.06666660308838,8.922499656677246,9.05666732788086,8.750345230102539
2014-05-30,11775600,8.958333015441895,9.039999961853027,8.93166732788086,9.016667366027832,8.711698532104492
2014-05-29,8726400,8.90250015258789,8.980833053588867,8.84000015258789,8.979166984558105,8.675464630126953
2014-05-28,10154400,8.864167213439941,8.903332710266113,8.801667213439941,8.841667175292969,8.542617797851562
2014-05-27,8616000,8.803333282470703,8.868332862854004,8.78833293914795,8.866666793823242,8.56676959991455
2014-05-23,14384400,8.630000114440918,8.720000267028809,8.612500190734863,8.702500343322754,8.408157348632812
2014-05-22,9894000,8.540833473205566,8.65250015258789,8.500832557678223,8.601667404174805,8.310734748840332
2014-05-21,11769600,8.394166946411133,8.548333168029785,8.393333435058594,8.533332824707031,8.244709968566895
2014-05-20,15374400,8.474166870117188,8.477499961853027,8.262499809265137,8.325833320617676,8.044228553771973
2014-05-19,8440800,8.34749984741211,8.508333206176758,8.324167251586914,8.490833282470703,8.203649520874023
2014-05-16,12990000,8.322500228881836,8.40583324432373,8.221667289733887,8.39916706085205,8.115084648132324
2014-05-15,28278000,8.483332633972168,8.491666793823242,8.1875,8.303333282470703,8.022491455078125
2014-05-14,10306800,8.640000343322754,8.648332595825195,8.501667022705078,8.536666870117188,8.247933387756348
2014-05-13,10725600,8.666666984558105,8.72583293914795,8.635832786560059,8.660833358764648,8.367899894714355
2014-05-12,21840000,8.50583267211914,8.649999618530273,8.4975004196167,8.635832786560059,8.343745231628418
2014-05-09,12020400,8.357500076293945,8.40250015258789,8.242500305175781,8.39916706085205,8.115084648132324
2014-05-08,15543600,8.356666564941406,8.536666870117188,8.274999618530273,8.359167098999023,8.076436042785645
2014-05-07,19064400,8.320833206176758,8.393333435058594,8.137499809265137,8.387499809265137,8.103809356689453
2014-05-06,14642400,8.40583324432373,8.420000076293945,8.234167098999023,8.241666793823242,7.962911605834961
2014-05-05,13335600,8.290833473205566,8.477499961853027,8.220832824707031,8.462499618530273,8.176271438598633
2014-05-02,17756400,8.448332786560059,8.55666732788086,8.374167442321777,8.418333053588867,8.1336030960083
2014-05-01,17024400,8.432499885559082,8.517499923706055,8.369999885559082,8.452500343322754,8.166614532470703
2014-04-30,16524000,8.330833435058594,8.470000267028809,8.295000076293945,8.456666946411133,8.170637130737305
2014-04-29,16328400,8.335000038146973,8.408332824707031,8.283332824707031,8.373332977294922,8.090124130249023
2014-04-28,26370000,8.279167175292969,8.364167213439941,8.00583267211914,8.257499694824219,7.978208541870117
2014-04-25,18435600,8.301667213439941,8.317500114440918,8.118332862854004,8.180832862854004,7.904134750366211
2014-04-24,14872800,8.46166706085205,8.46166706085205,8.268333435058594,8.390832901000977,8.10702896118164
2014-04-23,10135200,8.382499694824219,8.39916706085205,8.316666603088379,8.340832710266113,8.058722496032715
2014-04-22,17950800,8.308333396911621,8.463333129882812,8.297499656677246,8.392499923706055,8.108642578125
2014-04-21,10266000,8.204999923706055,8.289167404174805,8.175000190734863,8.289167404174805,8.00880241394043
2014-04-17,16309200,8.133333206176758,8.265000343322754,8.091667175292969,8.195833206176758,7.91862678527832
2014-04-16,16022400,8.074167251586914,8.166666984558105,7.9741668701171875,8.164167404174805,7.888031482696533
2014-04-15,30820800,7.807499885559082,7.932499885559082,7.573332786560059,7.914999961853027,7.647292613983154
2014-04-14,18866400,7.756667137145996,7.811666965484619,7.570000171661377,7.755000114440918,7.492703437805176
2014-04-11,33009600,7.66083288192749,7.821667194366455,7.556666851043701,7.578332901000977,7.322012424468994
2014-04-10,36822000,8.311667442321777,8.326666831970215,7.763332843780518,7.789999961853027,7.5265212059021
2014-04-09,22245600,8.118332862854004,8.322500228881836,8.052499771118164,8.317500114440918,8.036181449890137
2014-04-08,26694000,7.941667079925537,8.095000267028809,7.863333225250244,8.058333396911621,7.785778045654297
2014-04-07,44493600,8.169166564941406,8.21166706085205,7.909999847412109,7.952499866485596,7.683523654937744
2014-04-04,39952800,8.670832633972168,8.68166732788086,8.191666603088379,8.234999656677246,7.95646858215332
2014-04-03,17594400,8.611666679382324,8.614999771118164,8.458333015441895,8.53166675567627,8.24310302734375
2014-04-02,18250800,8.520000457763672,8.601667404174805,8.470000267028809,8.573332786560059,8.283358573913574
2014-04-01,22017600,8.399999618530273,8.498332977294922,8.379166603088379,8.485833168029785,8.19881534576416
2014-03-31,24878400,8.273332595825195,8.356666564941406,8.24666690826416,8.319167137145996,8.037789344787598
2014-03-28,21489600,8.06833267211914,8.239999771118164,8.055832862854004,8.116666793823242,7.84213924407959
2014-03-27,29328000,8.028332710266113,8.100000381469727,7.915832996368408,8.004166603088379,7.733443737030029
2014-03-26,24176400,8.332500457763672,8.367500305175781,8.051667213439941,8.051667213439941,7.779336929321289
2014-03-25,28738800,8.239999771118164,8.31583309173584,8.095832824707031,8.235833168029785,7.957273960113525
2014-03-24,27738000,8.305832862854004,8.334166526794434,8.012499809265137,8.115833282470703,7.841332912445068
2014-03-21,21807600,8.418333053588867,8.480833053588867,8.195833206176758,8.22249984741211,7.944392204284668
2014-03-20,25431600,8.117500305175781,8.333333015441895,8.079167366027832,8.3149995803833,8.033763885498047
2014-03-19,26382000,8.319167137145996,8.34749984741211,8.017499923706055,8.185832977294922,7.908962249755859
2014-03-18,20163600,8.180832862854004,8.340832710266113,8.15999984741211,8.3100004196167,8.028931617736816
2014-03-17,23864400,8.037500381469727,8.191666603088379,8.03166675567627,8.129166603088379,7.854215621948242
2014-03-14,26542800,7.936666965484619,8.067500114440918,7.892499923706055,7.920833110809326,7.652927398681641
2014-03-13,34593600,8.340832710266113,8.361666679382324,7.924167156219482,7.994166851043701,7.723782539367676
2014-03-12,25095600,8.140832901000977,8.276666641235352,8.085000038146973,8.269166946411133,7.989478588104248
2014-03-11,22996800,8.429166793823242,8.46166706085205,8.204999923706055,8.263333320617676,7.9838409423828125
2014-03-10,14299200,8.363332748413086,8.397500038146973,8.243332862854004,8.388333320617676,8.10461711883545
2014-03-07,35751600,8.485833168029785,8.495833396911621,8.294166564941406,8.395000457763672,8.11105728149414
2014-03-06,21564000,8.399999618530273,8.450833320617676,8.354999542236328,8.395833015441895,8.111862182617188
2014-03-05,27572400,8.327500343322754,8.376667022705078,8.295832633972168,8.319167137145996,8.037789344787598
2014-03-04,43336800,8.206666946411133,8.365833282470703,8.204167366027832,8.313332557678223,8.032153129577637
2014-03-03,44696400,7.935832977294922,8.03499984741211,7.815000057220459,7.974999904632568,7.705263614654541
2014-02-28,31989600,8.084166526794434,8.260000228881836,7.988333225250244,8.144166946411133,7.868707180023193
2014-02-27,22054800,7.925833225250244,8.092499732971191,7.902500152587891,8.092499732971191,7.818790435791016
2014-02-26,23538000,7.994166851043701,8.057499885559082,7.896667003631592,7.9608330726623535,7.691575050354004
2014-02-25,29634000,7.986667156219482,8.057499885559082,7.884167194366455,7.960000038146973,7.690770149230957
2014-02-24,24084000,7.8933329582214355,8.12833309173584,7.880000114440918,7.965000152587891,7.6956000328063965
2014-02-21,20563200,7.918333053588867,7.96999979019165,7.829999923706055,7.84833288192749,7.58288049697876
2014-02-20,29469600,7.764166831970215,7.921667098999023,7.681666851043701,7.859167098999023,7.59334659576416
2014-02-19,41121600,7.831666946411133,7.980833053588867,7.711667060852051,7.730833053588867,7.469354629516602
2014-02-18,21598800,7.881667137145996,7.923333168029785,7.815000057220459,7.8933329582214355,7.626358032226562
2014-02-14,29476800,7.715833187103271,7.90500020980835,7.692500114440918,7.858333110809326,7.592541217803955
2014-02-13,30630000,7.46416711807251,7.759167194366455,7.462500095367432,7.740832805633545,7.479015350341797
2014-02-12,25171200,7.640832901000977,7.711667060852051,7.571667194366455,7.625,7.367101192474365
2014-02-11,30808800,7.389999866485596,7.662499904632568,7.370832920074463,7.6041669845581055,7.34697151184082
2014-02-10,21825600,7.327499866485596,7.372499942779541,7.269166946411133,7.366666793823242,7.11750602722168
2014-02-07,32925600,7.164999961853027,7.347499847412109,7.094167232513428,7.3333330154418945,7.085299491882324
2014-02-06,25838400,6.844167232513428,7.061666965484619,6.844167232513428,7.054999828338623,6.816380500793457
2014-02-05,27994800,6.74666690826416,6.83916711807251,6.622499942779541,6.792500019073486,6.562757968902588
2014-02-04,42784800,6.772500038146973,6.870832920074463,6.700832843780518,6.81583309173584,6.585302352905273
2014-02-03,53178000,7.136666774749756,7.1875,6.639999866485596,6.680832862854004,6.454867839813232
2014-01-31,31102800,7.025000095367432,7.300000190734863,7.014166831970215,7.165832996368408,6.923464298248291
2014-01-30,20128800,7.248332977294922,7.364167213439941,7.179999828338623,7.301667213439941,7.054703235626221
2014-01-29,37215600,7.099999904632568,7.215833187103271,7.014166831970215,7.0625,6.823626518249512
2014-01-28,23908800,7.180832862854004,7.309999942779541,7.1666669845581055,7.28000020980835,7.033770561218262
2014-01-27,41452800,7.287499904632568,7.337500095367432,7.045833110809326,7.154167175292969,6.9121928215026855
2014-01-24,43471200,7.609167098999023,7.616666793823242,7.257500171661377,7.257500171661377,7.012031078338623
2014-01-23,29136000,7.837500095367432,7.83916711807251,7.637499809265137,7.766666889190674,7.503976345062256
2014-01-22,12178800,7.985000133514404,7.987500190734863,7.904167175292969,7.957499980926514,7.6883544921875
2014-01-21,22083600,8.007499694824219,8.016667366027832,7.795000076293945,7.940000057220459,7.671446800231934
2014-01-17,17935200,7.936666965484619,7.977499961853027,7.8333330154418945,7.870832920074463,7.604618549346924
2014-01-16,13526400,7.960000038146973,7.983333110809326,7.900000095367432,7.9741668701171875,7.704458713531494
2014-01-15,24126000,7.931666851043701,8.041666984558105,7.924167156219482,8.007499694824219,7.736664295196533
2014-01-14,32073600,7.709167003631592,7.891666889190674,7.6641669273376465,7.876667022705078,7.610255718231201
2014-01-13,35209200,7.888332843780518,7.953332901000977,7.5858330726623535,7.638332843780518,7.379982471466064
2014-01-10,23269200,7.928332805633545,7.9583330154418945,7.804999828338623,7.947500228881836,7.678693294525146
2014-01-09,20900400,7.944167137145996,7.949166774749756,7.779167175292969,7.880000114440918,7.613476276397705
2014-01-08,28254000,7.862500190734863,7.91083288192749,7.7916669845581055,7.874166965484619,7.607840061187744
2014-01-07,28370400,7.81583309173584,7.90500020980835,7.800833225250244,7.865832805633545,7.599788188934326
2014-01-06,25076400,7.867499828338623,7.876667022705078,7.688333034515381,7.731667041778564,7.470160484313965
2014-01-03,33884400,7.835000038146973,7.883333206176758,7.760832786560059,7.783332824707031,7.520078659057617
2014-01-02,38781600,7.93416690826416,7.947500228881836,7.743332862854004,7.796667098999023,7.532962322235107
2013-12-31,27232800,7.954166889190674,8.02750015258789,7.933332920074463,8.025833129882812,7.754376411437988
2013-12-30,13562400,7.927499771118164,7.94083309173584,7.887499809265137,7.915832996368408,7.648097515106201
2013-12-27,19660800,7.962500095367432,7.96750020980835,7.8983330726623535,7.923333168029785,7.655343055725098
2013-12-26,18394800,7.865832805633545,7.938333034515381,7.858333110809326,7.928332805633545,7.660174369812012
2013-12-24,14390400,7.756667137145996,7.817500114440918,7.755833148956299,7.810832977294922,7.546648979187012
2013-12-23,22387200,7.744999885559082,7.7708330154418945,7.699166774749756,7.752500057220459,7.490287780761719
2013-12-20,33465600,7.529167175292969,7.688333034515381,7.525000095367432,7.636666774749756,7.378374099731445
2013-12-19,34924800,7.46750020980835,7.530832767486572,7.409999847412109,7.511666774749756,7.257601261138916
2013-12-18,54247200,7.200832843780518,7.53583288192749,7.005000114440918,7.529167175292969,7.274509429931641
2013-12-17,24063600,7.255833148956299,7.256667137145996,7.117499828338623,7.15749979019165,6.915412902832031
2013-12-16,29131200,7.204166889190674,7.304166793823242,7.198332786560059,7.2291669845581055,6.984655857086182
2013-12-13,27681600,7.147500038146973,7.1691670417785645,7.060832977294922,7.094167232513428,6.854223728179932
2013-12-12,53340000,7.167500019073486,7.192500114440918,7.060832977294922,7.111667156219482,6.871131420135498
2013-12-11,35977200,7.435832977294922,7.439167022705078,7.15166711807251,7.173333168029785,6.930711269378662
2013-12-10,28132800,7.457499980926514,7.50333309173584,7.415832996368408,7.432499885559082,7.181112289428711
2013-12-09,25186800,7.516666889190674,7.540832996368408,7.480000019073486,7.505000114440918,7.251160144805908
2013-12-06,29121600,7.419167041778564,7.47333288192749,7.358333110809326,7.449166774749756,7.197215080261231
2013-12-05,17881200,7.2683329582214355,7.308332920074463,7.194167137145996,7.219167232513428,6.9749932289123535
2013-12-04,39338400,7.2291669845581055,7.396667003631592,7.139166831970215,7.301667213439941,7.054703235626221
2013-12-03,30895200,7.3383331298828125,7.390832901000977,7.241666793823242,7.325832843780518,7.078051567077637
2013-12-02,20565600,7.482500076293945,7.5208330154418945,7.375,7.409999847412109,7.159372806549072
2013-11-29,10766400,7.506667137145996,7.55916690826416,7.442500114440918,7.4633331298828125,7.210902690887451
2013-11-27,15290400,7.453332901000977,7.498332977294922,7.425833225250244,7.480000019073486,7.227005481719971
2013-11-26,15780000,7.434999942779541,7.494999885559082,7.3958330154418945,7.426667213439941,7.17547607421875
2013-11-25,17406000,7.484167098999023,7.489167213439941,7.391666889190674,7.438333034515381,7.186747074127197
2013-11-22,19706400,7.346666812896728,7.447500228881836,7.319167137145996,7.441667079925537,7.189968585968018
2013-11-21,22732800,7.228332996368408,7.352499961853027,7.211667060852051,7.337500095367432,7.089324951171875
2013-11-20,31605600,7.280832767486572,7.340000152587891,7.105000019073486,7.173333168029785,6.930711269378662
2013-11-19,22339200,7.269166946411133,7.335000038146973,7.196667194366455,7.237500190734863,6.9927077293396
2013-11-18,27980400,7.396667003631592,7.412499904632568,7.233333110809326,7.292500019073486,7.045845985412598
2013-11-15,20336400,7.300000190734863,7.360833168029785,7.275000095367432,7.360000133514404,7.111063957214356
2013-11-14,28254000,7.174167156219482,7.283332824707031,7.142499923706055,7.264999866485596,7.01927661895752
2013-11-13,19615200,6.889166831970215,7.159999847412109,6.888332843780518,7.150000095367432,6.908166885375977
2013-11-12,16714800,6.989999771118164,7.037499904632568,6.920833110809326,6.995832920074463,6.759213924407959
2013-11-11,12116400,7.012499809265137,7.056666851043701,6.985833168029785,7.025000095367432,6.7873945236206055
2013-11-08,27771600,6.750833034515381,7.0258331298828125,6.749166965484619,7.024167060852051,6.7865891456604
2013-11-07,37743600,7.066667079925537,7.079999923706055,6.736667156219482,6.754167079925537,6.525722026824951
2013-11-06,18507600,7.010832786560059,7.0625,6.949999809265137,7.019166946411133,6.781757831573486
2013-11-05,22903200,6.90166711807251,6.975832939147949,6.8383331298828125,6.920833110809326,6.686750411987305
2013-11-04,16761600,6.976666927337647,6.994999885559082,6.905832767486572,6.987500190734863,6.751162052154541
2013-11-01,26752800,6.894166946411133,6.959167003631592,6.798333168029785,6.91083288192749,6.677089214324951
2013-10-31,26407200,6.909999847412109,6.993332862854004,6.833333015441895,6.855000019073486,6.623143672943115
2013-10-30,25209600,7.058332920074463,7.070000171661377,6.849999904632568,6.927499771118164,6.693192481994629
2013-10-29,20574000,6.9633331298828125,7.040832996368408,6.938333034515381,7.040832996368408,6.802690982818604
2013-10-28,24846000,6.882500171661377,6.947500228881836,6.858333110809326,6.915832996368408,6.681920528411865
2013-10-25,21489600,6.83916711807251,6.888332843780518,6.797500133514404,6.886666774749756,6.653738975524902
2013-10-24,19132800,6.767499923706055,6.819167137145996,6.722499847412109,6.798333168029785,6.568393230438232
2013-10-23,29656800,6.758333206176758,6.765832901000977,6.658332824707031,6.736667156219482,6.508813858032227
2013-10-22,32780400,6.770833015441895,6.887499809265137,6.741666793823242,6.826666831970215,6.59576940536499
2013-10-21,22672800,6.71750020980835,6.751667022705078,6.6666669845581055,6.716667175292969,6.489490032196045
2013-10-18,29371200,6.653333187103272,6.72333288192749,6.610000133514404,6.699999809265137,6.473387241363525
2013-10-17,33648000,6.370832920074463,6.587500095367432,6.367499828338623,6.583333015441895,6.360666275024414
2013-10-16,36482400,6.300833225250244,6.457499980926514,6.2916669845581055,6.451666831970215,6.233453273773193
2013-10-15,36968400,6.277500152587891,6.349999904632568,6.165832996368408,6.191667079925537,5.982247829437256
2013-10-14,34161600,6.140832901000977,6.343332767486572,6.122499942779541,6.337500095367432,6.123147010803223
2013-10-11,22525200,6.107500076293945,6.261666774749756,6.09250020980835,6.255833148956299,6.044243335723877
2013-10-10,36594000,5.938333034515381,6.143332958221436,5.93416690826416,6.131667137145996,5.924277305603027
2013-10-09,46419600,5.786666870117188,5.827499866485596,5.652500152587891,5.757500171661377,5.562764644622803
2013-10-08,40882800,5.960000038146973,5.980833053588867,5.741666793823242,5.75333309173584,5.558739185333252
2013-10-07,21218400,5.957499980926514,6.071667194366455,5.941667079925537,5.96750020980835,5.765661716461182
2013-10-04,19855200,5.999166965484619,6.139166831970215,5.974999904632568,6.119999885559082,5.913003921508789
2013-10-03,27313200,6.110833168029785,6.12833309173584,5.9008331298828125,5.991666793823242,5.789011955261231
2013-10-02,14425200,6.064167022705078,6.158332824707031,6.007500171661377,6.153333187103272,5.9452104568481445
2013-10-01,22557600,6.045000076293945,6.189167022705078,6.031667232513428,6.178332805633545,5.969364166259766
2013-09-30,32914800,5.97333288192749,6.08916711807251,5.9375,6.0258331298828125,5.822022914886475
2013-09-27,22690800,6.120832920074463,6.153333187103272,6.082499980926514,6.134167194366455,5.926693439483643
2013-09-26,18112800,6.175833225250244,6.267499923706055,6.146667003631592,6.21750020980835,6.007205486297607
2013-09-25,32764800,6.209167003631592,6.241666793823242,6.130833148956299,6.1483330726623535,5.940378665924072
2013-09-24,31828800,6.244999885559082,6.313333034515381,6.168333053588867,6.208333015441895,5.995368957519531
2013-09-23,27000000,6.307499885559082,6.325832843780518,6.186666965484619,6.249166965484619,6.0348052978515625
2013-09-20,21726000,6.514999866485596,6.516666889190674,6.320000171661377,6.332499980926514,6.115278244018555
2013-09-19,18712800,6.558332920074463,6.563333034515381,6.450832843780518,6.482500076293945,6.260132789611816
2013-09-18,28629600,6.277500152587891,6.554166793823242,6.230833053588867,6.505000114440918,6.281861782073975
2013-09-17,14137200,6.21999979019165,6.287499904632568,6.219167232513428,6.283332824707031,6.067798137664795
2013-09-16,23862000,6.295000076293945,6.303332805633545,6.174167156219482,6.209167003631592,5.996176242828369
2013-09-13,19395600,6.077499866485596,6.112500190734863,6.03583288192749,6.097499847412109,5.888339996337891
2013-09-12,26812800,6.102499961853027,6.123332977294922,6.03249979019165,6.06583309173584,5.85775899887085
2013-09-11,20306400,6.024167060852051,6.1066670417785645,5.992499828338623,6.1066670417785645,5.897192478179932
2013-09-10,25856400,6.0258331298828125,6.051667213439941,5.985000133514404,6.050000190734863,5.842469692230225
2013-09-09,20470800,5.796667098999023,5.927499771118164,5.796667098999023,5.921667098999023,5.718539714813232
2013-09-06,25722000,5.801667213439941,5.849166870117188,5.590833187103272,5.749166965484619,5.551955699920654
2013-09-05,18480000,5.7316670417785645,5.789999961853027,5.7216668128967285,5.734167098999023,5.537469863891602
2013-09-04,24674400,5.593332767486572,5.750833034515381,5.55916690826416,5.724999904632568,5.528618335723877
2013-09-03,27958800,5.6691670417785645,5.704999923706055,5.516666889190674,5.584167003631592,5.392613887786865
2013-08-30,39008400,5.599166870117188,5.599166870117188,5.462500095367432,5.500833034515381,5.3121418952941895
2013-08-29,26612400,5.499166965484619,5.65166711807251,5.489167213439941,5.568333148956299,5.377325057983398
2013-08-28,34221600,5.47333288192749,5.5966668128967285,5.452499866485596,5.53583288192749,5.345941066741943
2013-08-27,49020000,5.586667060852051,5.653333187103272,5.46750020980835,5.477499961853027,5.289608001708984
2013-08-26,30535200,5.844167232513428,5.896667003631592,5.75,5.769166946411133,5.571268558502197
2013-08-23,22330800,5.819167137145996,5.84499979019165,5.738333225250244,5.824166774749756,5.624383926391602
2013-08-22,24462000,5.650000095367432,5.7916669845581055,5.650000095367432,5.762499809265137,5.564831256866455
2013-08-21,42542400,5.672500133514404,5.766666889190674,5.577499866485596,5.617499828338623,5.424805641174316
2013-08-20,46611600,5.668333053588867,5.78249979019165,5.6483330726623535,5.72333288192749,5.52700662612915
2013-08-19,43263600,5.733333110809326,5.788332939147949,5.637499809265137,5.644166946411133,5.450557708740234
2013-08-16,25912800,5.774167060852051,5.833333015441895,5.715000152587891,5.752500057220459,5.555174827575684
2013-08-15,35254800,5.915832996368408,5.915832996368408,5.7758331298828125,5.800833225250244,5.601849555969238
2013-08-14,19820400,6.144166946411133,6.174167156219482,6.058332920074463,6.065000057220459,5.8569536209106445
2013-08-13,22668000,6.135832786560059,6.185832977294922,6.02666711807251,6.164166927337647,5.952718257904053
2013-08-12,17193600,6.034999847412109,6.123332977294922,6.0233330726623535,6.099166870117188,5.889949798583984
2013-08-09,21882000,6.15166711807251,6.210000038146973,6.059999942779541,6.126667022705078,5.916507244110107
2013-08-08,21063600,6.201666831970215,6.219167232513428,6.084167003631592,6.179999828338623,5.968009471893311
2013-08-07,32396400,6.114167213439941,6.137499809265137,6.043333053588867,6.113333225250244,5.903629779815674
2013-08-06,34899600,6.241666793823242,6.260832786560059,6.133333206176758,6.179999828338623,5.968009471893311
2013-08-05,21613200,6.269166946411133,6.309999942779541,6.243332862854004,6.28249979019165,6.066993713378906
2013-08-02,23343600,6.235000133514404,6.308332920074463,6.209167003631592,6.306666851043701,6.090332508087158
2013-08-01,25897200,6.204999923706055,6.2916669845581055,6.193333148956299,6.274167060852051,6.05894660949707
2013-07-31,53926800,6.094167232513428,6.188333034515381,6.042500019073486,6.05916690826416,5.851322174072266
2013-07-30,39699600,6.112500190734863,6.12833309173584,6.012499809265137,6.058332920074463,5.850516319274902
2013-07-29,27483600,6.066667079925537,6.105833053588867,6.00333309173584,6.050833225250244,5.843273639678955
2013-07-26,34420800,6.016666889190674,6.116666793823242,5.939167022705078,6.111667156219482,5.902021408081055
2013-07-25,37488000,6.014999866485596,6.108333110809326,5.986667156219482,6.091667175292969,5.882707595825195
2013-07-24,43094400,6.189167022705078,6.195833206176758,6.013332843780518,6.054166793823242,5.846492767333984
2013-07-23,22450800,6.19083309173584,6.195000171661377,6.108333110809326,6.12166690826416,5.91167688369751
2013-07-22,26887200,6.145833015441895,6.183332920074463,6.105000019073486,6.158332824707031,5.947086811065674
2013-07-19,24942000,6.047500133514404,6.126667022705078,6.029167175292969,6.126667022705078,5.916507244110107
2013-07-18,44750400,6.02666711807251,6.130833148956299,6.017499923706055,6.086667060852051,5.87787675857544
2013-07-17,33796800,6.016666889190674,6.0441670417785645,5.966667175292969,5.989167213439941,5.783722400665283
2013-07-16,47655600,6.025000095367432,6.033332824707031,5.899167060852051,5.948332786560059,5.744288921356201
2013-07-15,24786000,5.994999885559082,6.039166927337647,5.96416711807251,6.021667003631592,5.815108776092529
2013-07-12,29586000,5.93416690826416,5.9816670417785645,5.905832767486572,5.944167137145996,5.740266799926758
2013-07-11,47679600,5.90166711807251,5.954166889190674,5.844167232513428,5.942500114440918,5.738656520843506
2013-07-10,53629200,5.681666851043701,5.762499809265137,5.647500038146973,5.701666831970215,5.506085395812988
2013-07-09,44583600,5.681666851043701,5.720832824707031,5.612500190734863,5.690000057220459,5.494818687438965
2013-07-08,40242000,5.573332786560059,5.622499942779541,5.540832996368408,5.577499866485596,5.386175632476807
2013-07-05,44678400,5.433332920074463,5.489999771118164,5.314167022705078,5.485000133514404,5.296850204467773
2013-07-03,21507600,5.233333110809326,5.360833168029785,5.206666946411133,5.319167137145996,5.13670539855957
2013-07-02,53628000,5.297500133514404,5.414166927337647,5.235833168029785,5.302499771118164,5.120610237121582
2013-07-01,43194000,5.315000057220459,5.430832862854004,5.293333053588867,5.323332786560059,5.140727043151856
2013-06-28,68865600,5.251667022705078,5.329166889190674,5.175833225250244,5.204999923706055,5.026453971862793
2013-06-27,50679600,5.299167156219482,5.367499828338623,5.283332824707031,5.300833225250244,5.119000911712647
2013-06-26,59229600,5.18416690826416,5.239167213439941,5.119999885559082,5.201666831970215,5.02323579788208
2013-06-25,56361600,5.049167156219482,5.113333225250244,4.952499866485596,5.060832977294922,4.885222434997559
2013-06-24,74769600,4.951666831970215,5.049167156219482,4.789999961853027,4.913332939147949,4.74284029006958
2013-06-21,117607200,5.161666870117188,5.178332805633545,4.955832958221436,5.105000019073486,4.927856922149658
2013-06-20,96034800,5.3125,5.335000038146973,5.022500038146973,5.063333034515381,4.887633800506592
2013-06-19,53479200,5.69083309173584,5.718332767486572,5.46416711807251,5.475832939147949,5.285821914672852
2013-06-18,33357600,5.585000038146973,5.730833053588867,5.584167003631592,5.705832958221436,5.507840633392334
2013-06-17,40440000,5.559999942779541,5.652500152587891,5.485833168029785,5.578332901000977,5.384764671325684
2013-06-14,39853200,5.533332824707031,5.599166870117188,5.421667098999023,5.452499866485596,5.2632975578308105
2013-06-13,46586400,5.301667213439941,5.581666946411133,5.266666889190674,5.556666851043701,5.363850116729736
2013-06-12,44754000,5.563333034515381,5.575832843780518,5.296667098999023,5.310832977294922,5.126546859741211
2013-06-11,36452400,5.4608330726623535,5.597499847412109,5.41083288192749,5.453332901000977,5.264102458953857
2013-06-10,26091600,5.678332805633545,5.68416690826416,5.576666831970215,5.620832920074463,5.425789833068848
2013-06-07,156552000,5.52791690826416,5.635832786560059,5.454583168029785,5.62041711807251,5.425388813018799
2013-06-06,49764000,5.267917156219482,5.415417194366455,5.172500133514404,5.412083148956299,5.224283218383789
2013-06-05,45648000,5.458333015441895,5.489999771118164,5.259167194366455,5.262499809265137,5.079890727996826
2013-06-04,39417600,5.593332767486572,5.661666870117188,5.420416831970215,5.508749961853027,5.317596435546875
2013-06-03,54679200,5.53458309173584,5.595417022705078,5.414999961853027,5.582499980926514,5.388786792755127
2013-05-31,33093600,5.695416927337647,5.792916774749756,5.473750114440918,5.494166851043701,5.303518772125244
2013-05-30,23397600,5.695833206176758,5.822500228881836,5.682499885559082,5.745832920074463,5.546452045440674
2013-05-29,46605600,5.704166889190674,5.741250038146973,5.589582920074463,5.719583034515381,5.521113872528076
2013-05-28,33012000,5.875,5.9479169845581055,5.7445831298828125,5.795416831970215,5.594315528869629
2013-05-24,27204000,5.607916831970215,5.695416927337647,5.556666851043701,5.689582824707031,5.492153167724609
2013-05-23,50095200,5.574999809265137,5.75458288192749,5.550000190734863,5.710000038146973,5.511862754821777
2013-05-22,82723200,5.907083034515381,6.08916711807251,5.677917003631592,5.755833148956299,5.556105613708496
2013-05-21,37166400,5.882500171661377,5.956250190734863,5.819582939147949,5.892083168029785,5.68762731552124
2013-05-20,29616000,5.849583148956299,5.93416690826416,5.830417156219482,5.868750095367432,5.665102958679199
2013-05-17,31161600,5.7629170417785645,5.87624979019165,5.742499828338623,5.87041711807251,5.666712760925293
2013-05-16,27684000,5.749166965484619,5.80791711807251,5.675833225250244,5.699999809265137,5.502210140228272
2013-05-15,30540000,5.664583206176758,5.816667079925537,5.658332824707031,5.782083034515381,5.581442832946777
2013-05-14,26714400,5.537083148956299,5.703332901000977,5.532917022705078,5.694582939147949,5.496981143951416
2013-05-13,25891200,5.485833168029785,5.546667098999023,5.4479169845581055,5.520417213439941,5.328857898712158
2013-05-10,23030400,5.464582920074463,5.515417098999023,5.417082786560059,5.511250019073486,5.320009708404541
2013-05-09,33727200,5.490832805633545,5.536250114440918,5.412917137145996,5.459582805633545,5.270135879516602
2013-05-08,24506400,5.411250114440918,5.505833148956299,5.400416851043701,5.5029168128967285,5.311965465545654
2013-05-07,28912800,5.378749847412109,5.4320831298828125,5.3358330726623535,5.427083015441895,5.238762855529785
2013-05-06,25490400,5.316667079925537,5.368750095367432,5.311666965484619,5.348750114440918,5.163148403167725
2013-05-03,30962400,5.28458309173584,5.355416774749756,5.273749828338623,5.305417060852051,5.12131929397583
2013-05-02,27631200,5.045833110809326,5.161250114440918,5.0341668128967285,5.150000095367432,4.97129487991333
2013-05-01,32400000,5.112500190734863,5.118332862854004,4.992499828338623,5.007082939147949,4.833337783813477
2013-04-30,25591200,5.1066670417785645,5.149582862854004,5.042500019073486,5.144166946411133,4.965664386749268
2013-04-29,22646400,5.047916889190674,5.142499923706055,5.028333187103272,5.110416889190674,4.933084964752197
2013-04-26,23738400,5.017083168029785,5.042500019073486,4.9608330726623535,5.009167194366455,4.835348129272461
2013-04-25,35176800,5.019583225250244,5.105000019073486,4.996250152587891,5.041250228881836,4.866318702697754
2013-04-24,27223200,4.970417022705078,5.013332843780518,4.942500114440918,4.9791669845581055,4.806388854980469
2013-04-23,45751200,4.890417098999023,4.980000019073486,4.818333148956299,4.969583034515381,4.797138214111328
2013-04-22,36506400,4.78458309173584,4.851250171661377,4.68874979019165,4.824583053588867,4.657169818878174
2013-04-19,55416000,4.664166927337647,4.761250019073486,4.631667137145996,4.755000114440918,4.59000301361084
2013-04-18,56145600,4.749166965484619,4.75,4.580832958221436,4.635832786560059,4.474968910217285
2013-04-17,78352800,4.833749771118164,4.837082862854004,4.646667003631592,4.722917079925537,4.559031009674072
2013-04-16,98522400,4.841249942779541,4.947500228881836,4.803750038146973,4.936666965484619,4.765362739562988
2013-04-15,86750400,5.009167194366455,5.021249771118164,4.7291669845581055,4.739999771118164,4.575520515441895
2013-04-12,49896000,5.0729169845581055,5.109582901000977,5.000833034515381,5.086249828338623,4.909756183624268
2013-04-11,60115200,5.074166774749756,5.172082901000977,5.060832977294922,5.127500057220459,4.94957447052002
2013-04-10,39580800,4.934583187103272,5.090000152587891,4.928750038146973,5.079166889190674,4.902920246124268
2013-04-09,34536000,4.869166851043701,4.945833206176758,4.822500228881836,4.896249771118164,4.726349830627441
2013-04-08,24652800,4.757916927337647,4.844583034515381,4.710000038146973,4.833333015441895,4.665616035461426
2013-04-05,39801600,4.638332843780518,4.764583110809326,4.618750095367432,4.744999885559082,4.580348491668701
2013-04-04,50256000,4.773749828338623,4.84041690826416,4.741666793823242,4.81374979019165,4.646712779998779
2013-04-03,48055200,4.912499904632568,4.923749923706055,4.717082977294922,4.749582767486572,4.584770679473877
2013-04-02,31785600,4.884167194366455,4.941249847412109,4.864167213439941,4.899582862854004,4.729567527770996
2013-04-01,28092000,4.887499809265137,4.914166927337647,4.797500133514404,4.831666946411133,4.664008140563965
2013-03-28,20764800,4.83916711807251,4.908750057220459,4.819167137145996,4.87833309173584,4.709054470062256
2013-03-27,33559200,4.7604169845581055,4.852917194366455,4.736667156219482,4.845832824707031,4.677683353424072
2013-03-26,22845600,4.794582843780518,4.852083206176758,4.778333187103272,4.852083206176758,4.6837158203125
2013-03-25,37627200,4.833333015441895,4.857082843780518,4.6795830726623535,4.742499828338623,4.5779337882995605
2013-03-22,23995200,4.724999904632568,4.7916669845581055,4.716249942779541,4.789999961853027,4.623787879943848
2013-03-21,32589600,4.71875,4.769583225250244,4.658750057220459,4.681666851043701,4.519212245941162
2013-03-20,28293600,4.789999961853027,4.828332901000977,4.766250133514404,4.803750038146973,4.63706111907959
2013-03-19,41700000,4.769166946411133,4.790417194366455,4.616250038146973,4.707083225250244,4.5431437492370605
2013-03-18,27494400,4.68625020980835,4.803750038146973,4.670833110809326,4.737916946411133,4.572902679443359
2013-03-15,24624000,4.827083110809326,4.841667175292969,4.7733330726623535,4.821249961853027,4.653334140777588
2013-03-14,22804800,4.802083015441895,4.8466668128967285,4.7941670417785645,4.840000152587891,4.671431064605713
2013-03-13,21256800,4.754167079925537,4.785417079925537,4.705417156219482,4.762083053588867,4.596229553222656
2013-03-12,26359200,4.768750190734863,4.783750057220459,4.703332901000977,4.743332862854004,4.578131198883057
2013-03-11,18619200,4.717082977294922,4.779582977294922,4.6979169845581055,4.777082920074463,4.610706806182861
2013-03-08,38445600,4.725832939147949,4.743750095367432,4.654582977294922,4.727083206176758,4.56244707107544
2013-03-07,21218400,4.65958309173584,4.68416690826416,4.642917156219482,4.668333053588867,4.505743503570557
2013-03-06,28972800,4.672082901000977,4.678750038146973,4.610416889190674,4.642499923706055,4.480809688568115
2013-03-05,41659200,4.56583309173584,4.657917022705078,4.564167022705078,4.618750095367432,4.457886219024658
2013-03-04,31425600,4.3983330726623535,4.499582767486572,4.37833309173584,4.493750095367432,4.337240695953369
2013-03-01,49257600,4.34250020980835,4.448750019073486,4.282083034515381,4.435417175292969,4.28093957901001
2013-02-28,36196800,4.412083148956299,4.49666690826416,4.372083187103272,4.394166946411133,4.241124629974365
2013-02-27,48088800,4.243332862854004,4.448750019073486,4.231249809265137,4.411666870117188,4.258016109466553
2013-02-26,47359200,4.227917194366455,4.266250133514404,4.144999980926514,4.254167079925537,4.106002330780029
2013-02-25,56860800,4.481249809265137,4.502500057220459,4.168333053588867,4.1691670417785645,4.023962497711182
2013-02-22,23896800,4.357500076293945,4.418749809265137,4.323332786560059,4.418749809265137,4.264852523803711
2013-02-21,45686400,4.34041690826416,4.341667175292969,4.252082824707031,4.293333053588867,4.143803596496582
2013-02-20,48424800,4.532917022705078,4.537499904632568,4.369166851043701,4.3695831298828125,4.217398166656494
2013-02-19,21931200,4.466667175292969,4.546667098999023,4.466249942779541,4.537499904632568,4.379465103149414
2013-02-15,22756800,4.47333288192749,4.485833168029785,4.394999980926514,4.449166774749756,4.294209957122803
2013-02-14,20385600,4.4091668128967285,4.475832939147949,4.392083168029785,4.4633331298828125,4.307883262634277
2013-02-13,24523200,4.465000152587891,4.488333225250244,4.41083288192749,4.449583053588867,4.294610977172852
2013-02-12,28077600,4.4166669845581055,4.4608330726623535,4.402082920074463,4.43416690826416,4.279732704162598
2013-02-11,30648000,4.414166927337647,4.425833225250244,4.382916927337647,4.412499904632568,4.258819580078125
2013-02-08,30112800,4.37166690826416,4.425833225250244,4.3695831298828125,4.418749809265137,4.264852523803711
2013-02-07,39300000,4.3695831298828125,4.379167079925537,4.252500057220459,4.349583148956299,4.198094367980957
2013-02-06,37300800,4.30916690826416,4.372499942779541,4.299167156219482,4.362500190734863,4.210562229156494
2013-02-05,40348800,4.297500133514404,4.390417098999023,4.2916669845581055,4.353750228881836,4.202117919921875
2013-02-04,35925600,4.295833110809326,4.316667079925537,4.218332767486572,4.226666927337647,4.079458713531494
2013-02-01,34068000,4.325832843780518,4.389166831970215,4.303332805633545,4.372499942779541,4.220213413238525
2013-01-31,23212800,4.262083053588867,4.300833225250244,4.235416889190674,4.242917060852051,4.095142841339111
2013-01-30,29896800,4.326666831970215,4.349999904632568,4.263332843780518,4.27791690826416,4.128924369812012
2013-01-29,26124000,4.252500057220459,4.343332767486572,4.242917060852051,4.324166774749756,4.173562526702881
2013-01-28,19562400,4.296249866485596,4.297500133514404,4.228750228881836,4.274167060852051,4.125306129455566
2013-01-25,27285600,4.263750076293945,4.290832996368408,4.225417137145996,4.289999961853027,4.140585422515869
2013-01-24,36736800,4.196249961853027,4.282083034515381,4.186666965484619,4.218332767486572,4.071414947509766
2013-01-23,42412800,4.199166774749756,4.227917194366455,4.175000190734863,4.211667060852051,4.064981937408447
2013-01-22,33439200,4.131667137145996,4.195833206176758,4.102499961853027,4.192500114440918,4.046482086181641
2013-01-18,38527200,4.102917194366455,4.143332958221436,4.05791711807251,4.134167194366455,3.990182638168335
2013-01-17,35054400,4.079583168029785,4.138750076293945,4.053750038146973,4.09833288192749,3.9555954933166495
2013-01-16,29356800,4.005833148956299,4.044582843780518,3.990417003631592,4.024582862854004,3.884414196014404
2013-01-15,32930400,3.96541690826416,4.038750171661377,3.9574999809265137,4.025000095367432,3.8848159313201904
2013-01-14,31456800,4.014583110809326,4.028333187103272,3.976249933242798,4.015832901000977,3.8759689331054688
2013-01-11,30523200,4.030416965484619,4.035417079925537,3.991667032241821,4.033750057220459,3.893261194229126
2013-01-10,45192000,4.002082824707031,4.030416965484619,3.940000057220459,4.025000095367432,3.8848159313201904
2013-01-09,41966400,3.933332920074463,3.96875,3.9145829677581774,3.9395830631256095,3.8023741245269775
2013-01-08,48290400,3.920417070388794,3.936666965484619,3.862499952316284,3.904582977294922,3.7685933113098153
2013-01-07,32618400,3.932499885559082,3.952500104904175,3.897083044052124,3.9479169845581055,3.8104186058044434
2013-01-04,49096800,3.940000057220459,3.992917060852051,3.9166669845581055,3.9770829677581774,3.838567972183228
2013-01-03,42007200,3.942500114440918,3.97333288192749,3.889167070388794,3.918333053588867,3.7818641662597656
2013-01-02,69276000,3.876667022705078,3.952083110809326,3.847500085830689,3.950417041778565,3.812830686569214
2012-12-31,97377600,3.47208309173584,3.678333044052124,3.454582929611206,3.677083015441896,3.549017429351806
2012-12-28,62642400,3.5395829677581787,3.596250057220459,3.481250047683716,3.4862499237060547,3.364830017089844
2012-12-27,55792800,3.627500057220459,3.649167060852051,3.4841670989990234,3.610832929611206,3.4850738048553467
2012-12-26,27885600,3.694999933242798,3.697499990463257,3.5924999713897705,3.6195828914642334,3.4935193061828613
2012-12-24,14524800,3.682499885559082,3.6887500286102295,3.659167051315308,3.66083288192749,3.532648801803589
2012-12-21,47764800,3.65625,3.730833053588867,3.640000104904175,3.7100000381469727,3.580094575881958
2012-12-20,33396000,3.75,3.810832977294922,3.719583034515381,3.809582948684693,3.676190853118897
2012-12-19,46356000,3.841249942779541,3.847917079925537,3.742500066757202,3.752917051315308,3.621508836746216
2012-12-18,50140800,3.722500085830689,3.841249942779541,3.708333015441896,3.833333015441896,3.699108839035034
2012-12-17,35306400,3.609167098999024,3.712083101272583,3.605417013168335,3.703749895095825,3.574063301086426
2012-12-14,34212000,3.5958330631256104,3.6162500381469727,3.5625,3.577500104904175,3.452234268188477
2012-12-13,37692000,3.683332920074463,3.71291708946228,3.592916965484619,3.626667022705078,3.4996790885925293
2012-12-12,50724000,3.7270829677581774,3.7679169178009033,3.673749923706055,3.69083309173584,3.5615992546081543
2012-12-11,44056800,3.655416965484619,3.733750104904175,3.648750066757202,3.682499885559082,3.553557872772217
2012-12-10,31708800,3.59041690826416,3.634999990463257,3.583750009536743,3.612499952316284,3.486008644104004
2012-12-07,45784800,3.6170830726623535,3.6254169940948486,3.548332929611206,3.6020829677581787,3.475956678390503
2012-12-06,37555200,3.5266671180725098,3.5758330821990967,3.5112500190734863,3.5708329677581787,3.4458000659942627
2012-12-05,45576000,3.5283329486846924,3.5854170322418213,3.451667070388794,3.5316669940948486,3.408005952835083
2012-12-04,83426400,3.53125,3.5629169940948486,3.487916946411133,3.5129170417785645,3.389912843704224
2012-12-03,44688000,3.6362500190734863,3.644582986831665,3.525000095367432,3.530416965484619,3.40679931640625
2012-11-30,38330400,3.583750009536743,3.606250047683716,3.549999952316284,3.577083110809326,3.451831579208374
2012-11-29,68884800,3.5754170417785645,3.6137499809265137,3.529582977294922,3.5883328914642334,3.462687492370605
2012-11-28,48280800,3.407500028610229,3.540416955947876,3.353749990463257,3.534167051315308,3.4104177951812744
2012-11-27,39043200,3.494999885559082,3.5291669368743896,3.4437499046325684,3.4574999809265137,3.3364360332489014
2012-11-26,27458400,3.475416898727417,3.5083329677581787,3.440417051315308,3.506666898727417,3.3838820457458496
2012-11-23,36139200,3.4412500858306885,3.5316669940948486,3.433332920074463,3.527082920074463,3.403581619262696
2012-11-21,24676800,3.3804171085357666,3.3979170322418213,3.359999895095825,3.394166946411133,3.275320529937744
2012-11-20,41467200,3.3516669273376465,3.387500047683716,3.291666984558105,3.376250028610229,3.258030652999878
2012-11-19,54362400,3.2816669940948486,3.365417003631592,3.276249885559082,3.360832929611206,3.243154764175415
2012-11-16,80697600,3.140000104904175,3.192500114440918,3.0587499141693115,3.172916889190674,3.061816930770874
2012-11-15,53752800,3.1458330154418945,3.1829171180725098,3.0908329486846924,3.127917051315308,3.018393993377685
2012-11-14,63566400,3.3087499141693115,3.322499990463257,3.1220829486846924,3.146250009536743,3.036083936691284
2012-11-13,50925600,3.2583329677581787,3.382082939147949,3.2454171180725098,3.2799999713897705,3.1651504039764404
2012-11-12,21153600,3.336667060852051,3.350416898727417,3.290416955947876,3.3104169368743896,3.194502830505371
2012-11-09,53438400,3.266249895095825,3.3958330154418945,3.2608330249786377,3.297916889190674,3.182440996170044
2012-11-08,56008800,3.4200000762939453,3.469583034515381,3.291249990463257,3.291249990463257,3.17600679397583
2012-11-07,75067200,3.5704169273376465,3.5704169273376465,3.368750095367432,3.4195830821990967,3.299846887588501
2012-11-06,33098400,3.617500066757202,3.710417032241821,3.606250047683716,3.664166927337648,3.5358662605285645
2012-11-05,30014400,3.548332929611206,3.609582901000977,3.5154170989990234,3.5850000381469727,3.4594714641571045
2012-11-02,33252000,3.727916955947876,3.7291669845581055,3.5516669750213623,3.5587499141693115,3.4341397285461426
2012-11-01,35817600,3.574167013168335,3.675416946411133,3.564167022705078,3.662499904632568,3.5342578887939453
2012-10-31,20008800,3.5924999713897705,3.602499961853028,3.5,3.541249990463257,3.417252779006958
2012-10-26,56635200,3.549166917800904,3.587500095367432,3.479166984558105,3.550832986831665,3.426501035690308
2012-10-25,56570400,3.6041669845581055,3.6204171180725098,3.4941670894622803,3.5579171180725098,3.4333367347717285
2012-10-24,45972000,3.596250057220459,3.608333110809326,3.510416984558105,3.5283329486846924,3.404788017272949
2012-10-23,77136000,3.591249942779541,3.607500076293945,3.5129170417785645,3.55916690826416,3.434543371200561
2012-10-22,53092800,3.694166898727417,3.732917070388794,3.624166965484619,3.7108330726623535,3.5808990001678467
2012-10-19,56095200,3.8833329677581774,3.8833329677581774,3.68416690826416,3.702917098999024,3.5732600688934326
2012-10-18,56690400,3.9083330631256095,3.96291708946228,3.8670830726623535,3.907083034515381,3.7702767848968506
2012-10-17,51602400,3.895833015441896,3.947499990463257,3.875,3.935832977294922,3.798020601272583
2012-10-16,44505600,3.8229169845581055,3.893749952316284,3.816667079925537,3.884166955947876,3.7481629848480233
2012-10-15,25226400,3.706249952316284,3.78125,3.672499895095825,3.772083044052124,3.640003681182861
2012-10-12,32409600,3.723750114440918,3.7612500190734863,3.6549999713897705,3.672499895095825,3.543907165527344
2012-10-11,37514400,3.786667108535767,3.8037500381469727,3.7166669368743896,3.717916965484619,3.587733745574951
2012-10-10,54232800,3.7825000286102295,3.7899999618530273,3.694582939147949,3.7141671180725098,3.584115743637085
2012-10-09,33496800,3.8854169845581055,3.899167060852051,3.778749942779541,3.7816669940948486,3.6492514610290527
2012-10-08,14200800,3.893749952316284,3.917917013168335,3.872082948684693,3.893749952316284,3.757410764694214
2012-10-05,36357600,4.004167079925537,4.020833015441895,3.9041669368743896,3.935832977294922,3.798020601272583
2012-10-04,41661600,3.900000095367432,3.954582929611206,3.8837499618530273,3.940417051315308,3.802443742752075
2012-10-03,46994400,3.836667060852051,3.882916927337648,3.7791669368743896,3.853749990463257,3.718811511993408
2012-10-02,85156800,3.8416669368743896,3.8616669178009033,3.757082939147949,3.807499885559082,3.6741809844970703
2012-10-01,51794400,3.8129169940948486,3.90291690826416,3.7725000381469727,3.790832996368408,3.658097743988037
2012-09-28,43466400,3.77541708946228,3.8145830631256095,3.727916955947876,3.765832901000977,3.63397216796875
2012-09-27,29253600,3.764167070388794,3.846667051315308,3.734167098999024,3.825417041778565,3.69146990776062
2012-09-26,41976000,3.780833005905152,3.780833005905152,3.690000057220459,3.716249942779541,3.586125373840332
2012-09-25,52850400,3.93166708946228,3.952083110809326,3.77791690826416,3.783750057220459,3.6512622833251953
2012-09-24,37612800,3.866667032241821,3.93166708946228,3.856667041778565,3.903749942779541,3.767060041427612
2012-09-21,28833600,3.985416889190674,3.9891669750213614,3.920000076293945,3.920833110809326,3.78354549407959
2012-09-20,32496000,3.872082948684693,3.9362499713897705,3.8416669368743896,3.929167032241821,3.7915871143341056
2012-09-19,39499200,3.9354169368743896,3.9666669368743896,3.9066669940948486,3.9295830726623535,3.7919888496398926
2012-09-18,34800000,3.9166669845581055,3.9379169940948486,3.892082929611206,3.923332929611206,3.785957098007202
2012-09-17,37070400,3.9483330249786377,3.969583034515381,3.902499914169312,3.9375,3.799628973007202
2012-09-14,114340800,3.941250085830689,4.042500019073486,3.933749914169312,3.972917079925537,3.833805799484253
2012-09-13,91581600,3.7445828914642334,3.954999923706055,3.7291669845581055,3.924582958221436,3.787164211273194
2012-09-12,35894400,3.74666690826416,3.759999990463257,3.709583044052124,3.7445828914642334,3.613466739654541
2012-09-11,29083200,3.689167022705078,3.74666690826416,3.684582948684693,3.709167003631592,3.5792906284332275
2012-09-10,31346400,3.731667041778565,3.752917051315308,3.6762499809265137,3.680833101272583,3.5519490242004395
2012-09-07,31502400,3.719583034515381,3.748332977294922,3.7100000381469727,3.745832920074463,3.614673137664795
2012-09-06,61464000,3.5516669750213623,3.700417041778565,3.550832986831665,3.696666955947876,3.5672285556793213
2012-09-05,32112000,3.5020830631256104,3.5291669368743896,3.467082977294922,3.4870829582214355,3.364983081817627
2012-09-04,43370400,3.497499942779541,3.5291669368743896,3.430833101272583,3.485832929611206,3.363776683807373
2012-08-31,61238400,3.517916917800904,3.555417060852051,3.4487500190734863,3.502500057220459,3.3798601627349854
2012-08-30,38544000,3.486666917800904,3.4912500381469727,3.4354169368743896,3.456666946411133,3.335632085800171
2012-08-29,28423200,3.53708291053772,3.563333034515381,3.50583291053772,3.532917022705078,3.409212112426758
2012-08-28,33410400,3.509582996368408,3.5595829486846924,3.492917060852051,3.5258328914642334,3.402376413345337
2012-08-27,28020000,3.563333034515381,3.5779170989990234,3.5225000381469727,3.5366671085357666,3.4128305912017822
2012-08-24,39429600,3.447082996368408,3.5570828914642334,3.439167022705078,3.5366671085357666,3.4128305912017822
2012-08-23,38659200,3.53458309173584,3.53458309173584,3.4558329582214355,3.472917079925537,3.351313352584839
2012-08-22,34795200,3.5291669368743896,3.5779170989990234,3.5054171085357666,3.555833101272583,3.431326389312744
2012-08-21,44637600,3.615833044052124,3.65625,3.5333330631256104,3.555833101272583,3.431326389312744
2012-08-20,24309600,3.5733330249786377,3.5908329486846924,3.543333053588867,3.588749885559082,3.4630894660949707
2012-08-17,27453600,3.5941669940948486,3.596667051315308,3.564167022705078,3.587500095367432,3.461883544921875
2012-08-16,42213600,3.507499933242798,3.586250066757202,3.485416889190674,3.569999933242798,3.444996833801269
2012-08-15,37807200,3.4749999046325684,3.5137500762939453,3.467916965484619,3.4945828914642334,3.372220516204834
2012-08-14,40291200,3.523750066757202,3.5283329486846924,3.4549999237060547,3.485416889190674,3.363374948501587
2012-08-13,33364800,3.47208309173584,3.4887499809265137,3.429583072662353,3.482917070388794,3.3609631061553955
2012-08-10,31605600,3.433332920074463,3.492500066757202,3.413332939147949,3.487499952316284,3.365385293960572
2012-08-09,37430400,3.447082996368408,3.492500066757202,3.4379169940948486,3.47208309173584,3.35050892829895
2012-08-08,28396800,3.416249990463257,3.47458291053772,3.412916898727417,3.462500095367432,3.34126091003418
2012-08-07,45806400,3.44083309173584,3.4941670894622803,3.440000057220459,3.447499990463257,3.3267858028411865
2012-08-06,28610400,3.407500028610229,3.4395830631256104,3.3954169750213623,3.396250009536743,3.2773308753967285
2012-08-03,74904000,3.327083110809326,3.4004170894622803,3.3208329677581787,3.3795828819274902,3.261246919631958
2012-08-02,52456800,3.1862499713897705,3.25583291053772,3.115000009536743,3.190417051315308,3.078705072402954
2012-08-01,40048800,3.335833072662353,3.3379170894622803,3.2441670894622803,3.2629170417785645,3.1486656665802
2012-07-31,47529600,3.324167013168335,3.350832939147949,3.277082920074463,3.287916898727417,3.172790765762329
2012-07-30,44116800,3.327500104904175,3.384582996368408,3.3066670894622803,3.333750009536743,3.2170186042785645
2012-07-27,73147200,3.211250066757202,3.3641669750213623,3.197082996368408,3.341249942779541,3.2242565155029297
2012-07-26,62923200,3.144166946411133,3.1816670894622803,3.1020829677581787,3.160417079925537,3.049755096435547
2012-07-25,79951200,3.032500028610229,3.054583072662353,2.96541690826416,3.012500047683716,2.907017707824707
2012-07-24,65709600,3.0983328819274902,3.1020829677581787,2.950000047683716,3.015000104904175,2.9094295501708984
2012-07-23,71172000,3.047916889190674,3.117917060852051,3.0045828819274902,3.0908329486846924,2.98260760307312
2012-07-20,41268000,3.223750114440918,3.237916946411133,3.177917003631592,3.188333034515381,3.0766940116882324
2012-07-19,54156000,3.274167060852051,3.3112499713897705,3.242500066757202,3.277082920074463,3.162336587905884
2012-07-18,54062400,3.161250114440918,3.271667003631592,3.155416965484619,3.255000114440918,3.141026020050049
2012-07-17,68277600,3.157500028610229,3.202500104904175,3.058332920074463,3.182499885559082,3.0710644721984863
2012-07-16,39132000,3.117917060852051,3.147083044052124,3.081666946411133,3.115417003631592,3.006330728530884
2012-07-13,50035200,3.015000104904175,3.1508328914642334,3.012500047683716,3.141666889190674,3.0316619873046875
2012-07-12,58015200,2.980833053588867,3.0299999713897705,2.929583072662353,2.9941670894622803,2.889326810836792
2012-07-11,68640000,3.0391669273376465,3.065000057220459,2.982917070388794,3.0333330631256104,2.927120447158813
2012-07-10,64312800,3.163749933242798,3.178333044052124,3.0020830631256104,3.03458309173584,2.928327798843384
2012-07-09,42991200,3.1220829486846924,3.132499933242798,3.072499990463257,3.117083072662353,3.007938861846924
2012-07-06,51643200,3.127917051315308,3.147083044052124,3.0829169750213623,3.126667022705078,3.017187118530273
2012-07-05,36708000,3.230417013168335,3.2637500762939453,3.184999942779541,3.217916965484619,3.1052424907684326
2012-07-03,23582400,3.200000047683716,3.2708330154418945,3.188750028610229,3.2637500762939453,3.149470090866089
2012-07-02,36362400,3.1987500190734863,3.2104170322418213,3.1333329677581787,3.199167013168335,3.087148904800415
2012-06-29,70980000,3.112499952316284,3.1816670894622803,3.09041690826416,3.1762499809265137,3.0650336742401123
2012-06-28,66643200,2.917917013168335,2.96541690826416,2.850832939147949,2.951667070388794,2.8483147621154785
2012-06-27,43368000,2.927917003631592,2.9941670894622803,2.922916889190674,2.9795830249786377,2.8752529621124268
2012-06-26,45175200,2.87833309173584,2.9262499809265137,2.8324999809265137,2.899583101272583,2.798053979873657
2012-06-25,46876800,2.907500028610229,2.909167051315308,2.824583053588867,2.853332996368408,2.75342345237732
2012-06-22,44808000,2.9800000190734863,3.0174999237060547,2.9458329677581787,3.0,2.8949551582336426
2012-06-21,80023200,3.1566669940948486,3.165416955947876,2.925416946411133,2.9329171180725098,2.83022141456604
2012-06-20,68330400,3.16208291053772,3.1875,3.0733330249786377,3.1433329582214355,3.033269166946411
2012-06-19,50347200,3.1204171180725098,3.1987500190734863,3.109582901000977,3.1608328819274902,3.0491113662719727
2012-06-18,70980000,3.016666889190674,3.095417022705078,2.99666690826416,3.069582939147949,2.9610865116119385
2012-06-15,48240000,3.0020830631256104,3.061666965484619,2.9795830249786377,3.050832986831665,2.942999124526977
2012-06-14,68400000,2.8904170989990234,2.998332977294922,2.8666670322418213,2.9658329486846924,2.861004114151001
2012-06-13,54571200,2.902082920074463,2.9579169750213623,2.843333005905152,2.873332977294922,2.7717738151550293
2012-06-12,74990400,2.855417013168335,2.93416690826416,2.8162500858306885,2.93416690826416,2.8304572105407715
2012-06-11,72484800,3.016249895095825,3.0208330154418945,2.8237500190734863,2.833750009536743,2.7335894107818604
2012-06-08,51072000,2.8550000190734863,2.9454169273376465,2.8258330821990967,2.9429171085357666,2.838897466659546
2012-06-07,82732800,2.967916965484619,2.9725000858306885,2.857917070388794,2.8729169368743896,2.771371841430664
2012-06-06,95738400,2.7454171180725098,2.874583005905152,2.743750095367432,2.874166965484619,2.772578477859497
2012-06-05,73459200,2.6137499809265137,2.7008330821990967,2.610416889190674,2.68416690826416,2.589293956756592
2012-06-04,80433600,2.648750066757202,2.668750047683716,2.5704169273376465,2.6333329677581787,2.540256261825561
2012-06-01,131846400,2.7158329486846924,2.743750095367432,2.634166955947876,2.634166955947876,2.5410611629486084
2012-05-31,100646400,2.8662500381469727,2.913749933242798,2.775000095367432,2.850416898727417,2.749666929244995
2012-05-30,70173600,2.922499895095825,2.925832986831665,2.8499999046325684,2.8666670322418213,2.765342950820923
2012-05-29,62191200,2.966249942779541,3.014167070388794,2.9362499713897705,2.9987499713897705,2.8927571773529053
2012-05-25,54456000,2.9191670417785645,2.9437499046325684,2.8737499713897705,2.896667003631592,2.7942826747894287
2012-05-24,79365600,2.929583072662353,2.9437499046325684,2.84958291053772,2.922916889190674,2.8196048736572266
2012-05-23,84000000,2.84041690826416,2.9191670417785645,2.7562499046325684,2.90291690826416,2.80031156539917
2012-05-22,68280000,2.908750057220459,2.970000028610229,2.845417022705078,2.890832901000977,2.7886550426483154
2012-05-21,60256800,2.7704169750213623,2.889583110809326,2.7583329677581787,2.887500047683716,2.785439968109131
2012-05-18,72494400,2.850416898727417,2.8645830154418945,2.7325000762939453,2.743750095367432,2.646770715713501
2012-05-17,83928000,2.9512500762939453,2.961250066757202,2.813333034515381,2.813333034515381,2.7138946056365967
2012-05-16,55605600,3.025000095367432,3.064167022705078,2.9483330249786377,2.9504170417785645,2.84613299369812
2012-05-15,65200800,3.0299999713897705,3.0833330154418945,2.970417022705078,2.984999895095825,2.879493474960327
2012-05-14,58824000,3.0512499809265137,3.0999999046325684,3.0225000381469727,3.036250114440918,2.928931713104248
2012-05-11,50570400,3.109582901000977,3.229166984558105,3.1070830821990967,3.139167070388794,3.0282111167907715
2012-05-10,45007200,3.217916965484619,3.227499961853028,3.149167060852051,3.168333053588867,3.056346893310547
2012-05-09,72794400,3.107917070388794,3.211667060852051,3.0629169940948486,3.1479170322418213,3.036652088165283
2012-05-08,62916000,3.1912500858306885,3.2241671085357666,3.09375,3.2074999809265137,3.0941290855407715
2012-05-07,42386400,3.206249952316284,3.280416965484619,3.202083110809326,3.2462499141693115,3.131510019302368
2012-05-04,53743200,3.353332996368408,3.362499952316284,3.235416889190674,3.2416670322418213,3.1270878314971924
2012-05-03,46389600,3.4891669750213623,3.494999885559082,3.387500047683716,3.40958309173584,3.289069414138794
2012-05-02,40284000,3.457082986831665,3.49666690826416,3.422499895095825,3.4862499237060547,3.3630266189575195
2012-05-01,39638400,3.447082996368408,3.586250066757202,3.4362499713897705,3.5137500762939453,3.389554738998413
2012-04-30,42302400,3.469583034515381,3.4795830249786377,3.424999952316284,3.4487500190734863,3.3268516063690186
2012-04-27,46118400,3.5079169273376465,3.522083044052124,3.4504170417785645,3.4916670322418213,3.368252277374268
2012-04-26,44484000,3.3829169273376465,3.487499952316284,3.376667022705078,3.475832939147949,3.352977752685547
2012-04-25,65236800,3.367083072662353,3.408750057220459,3.3570830821990967,3.4083330631256104,3.2878642082214355
2012-04-24,55149600,3.2416670322418213,3.295833110809326,3.235416889190674,3.2729170322418213,3.157233238220215
2012-04-23,62481600,3.2149999141693115,3.242500066757202,3.172916889190674,3.235416889190674,3.121059894561768
2012-04-20,49216800,3.34375,3.381666898727417,3.313750028610229,3.3162500858306885,3.199035406112671
2012-04-19,87508800,3.3695828914642334,3.4049999713897705,3.2554171085357666,3.302500009536743,3.1857712268829346
2012-04-18,62947200,3.3566670417785645,3.400000095367432,3.3491671085357666,3.365000009536743,3.2460622787475586
2012-04-17,74546400,3.314167022705078,3.420833110809326,3.302917003631592,3.397083044052124,3.2770111560821533
2012-04-16,98712000,3.313750028610229,3.327083110809326,3.222917079925537,3.2504169940948486,3.1355295181274414
2012-04-13,80815200,3.360416889190674,3.362499952316284,3.255000114440918,3.259582996368408,3.144371271133423
2012-04-12,103720800,3.2654170989990234,3.391666889190674,3.259999990463257,3.3887500762939453,3.268972396850586
2012-04-11,92342400,3.279582977294922,3.2950000762939453,3.240000009536743,3.247499942779541,3.1327145099639893
2012-04-10,142128000,3.329166889190674,3.357917070388794,3.170833110809326,3.180417060852051,3.06800389289856
2012-04-09,67406400,3.3329169750213623,3.3904170989990234,3.321249961853028,3.352499961853028,3.23400354385376
2012-04-05,52622400,3.4379169940948486,3.497499942779541,3.4266669750213623,3.466249942779541,3.343733310699463
2012-04-04,75309600,3.4962499141693115,3.5083329677581787,3.433332920074463,3.4741671085357666,3.351371049880981
2012-04-03,73305600,3.605417013168335,3.6262500286102295,3.515000104904175,3.5779170989990234,3.451453685760498
2012-04-02,61572000,3.53125,3.65041708946228,3.512083053588867,3.6204171180725098,3.492451906204224
2012-03-30,64039200,3.555417060852051,3.5625,3.4895830154418945,3.532917022705078,3.408044815063477
2012-03-29,86520000,3.457082986831665,3.516249895095825,3.416249990463257,3.501250028610229,3.377496719360352
2012-03-28,77659200,3.5704169273376465,3.5850000381469727,3.4583330154418945,3.5204169750213623,3.3959856033325195
2012-03-27,56781600,3.617917060852051,3.625,3.5670828819274902,3.572916984558105,3.4466302394866943
2012-03-26,66813600,3.5350000858306885,3.632082939147949,3.532500028610229,3.6050000190734863,3.477579116821289
2012-03-23,52389600,3.4395830631256104,3.472917079925537,3.3812499046325684,3.460833072662353,3.338507652282715
2012-03-22,61137600,3.4266669750213623,3.454166889190674,3.394582986831665,3.4270830154418945,3.3059513568878174
2012-03-21,53956800,3.527082920074463,3.5374999046325684,3.483750104904175,3.5054171085357666,3.381516218185425
2012-03-20,42597600,3.493750095367432,3.53458309173584,3.462500095367432,3.5204169750213623,3.3959856033325195
2012-03-19,48499200,3.5062499046325684,3.5854170322418213,3.498332977294922,3.5541670322418213,3.428543329238892
2012-03-16,54408000,3.517082929611206,3.5254170894622803,3.490000009536743,3.516249895095825,3.3919663429260254
2012-03-15,42628800,3.454166889190674,3.500833034515381,3.4266669750213623,3.493333101272583,3.3698601722717285
2012-03-14,43108800,3.454582929611206,3.4770829677581787,3.40625,3.437083005905152,3.3155970573425293
2012-03-13,53529600,3.325000047683716,3.452500104904175,3.308332920074463,3.4512500762939453,3.329263687133789
2012-03-12,31372800,3.2683329582214355,3.283750057220459,3.2362499237060547,3.271667003631592,3.1560280323028564
2012-03-09,37888800,3.2504169940948486,3.295833110809326,3.2395830154418945,3.2704169750213623,3.1548218727111816
2012-03-08,36379200,3.197499990463257,3.2520830631256104,3.177917003631592,3.2341670989990234,3.11985445022583
2012-03-07,48350400,3.097917079925537,3.154582977294922,3.087500095367432,3.140000104904175,3.029014587402344
2012-03-06,81969600,3.118333101272583,3.123332977294922,3.048332929611206,3.074167013168335,2.9655089378356934
2012-03-05,69266400,3.242083072662353,3.249166965484619,3.184999942779541,3.2174999713897705,3.103775978088379
2012-03-02,41140800,3.282083034515381,3.293750047683716,3.236666917800904,3.259999990463257,3.144773483276367
2012-03-01,77203200,3.257082939147949,3.3066670894622803,3.2454171180725098,3.289999961853028,3.173712730407715
2012-02-29,95560800,3.291666984558105,3.321249961853028,3.206666946411133,3.2325000762939453,3.1182456016540527
2012-02-28,63300000,3.25333309173584,3.283750057220459,3.2320830821990967,3.2758328914642334,3.1600468158721924
2012-02-27,53532000,3.168750047683716,3.274167060852051,3.1516671180725098,3.244999885559082,3.130303382873535
2012-02-24,39429600,3.2320830821990967,3.251250028610229,3.211250066757202,3.230417013168335,3.1162357330322266
2012-02-23,51616800,3.1641669273376465,3.217082977294922,3.132082939147949,3.2141671180725098,3.100561141967773
2012-02-22,57340800,3.184999942779541,3.2058329582214355,3.15291690826416,3.166249990463257,3.0543372631073
2012-02-21,52324800,3.2174999713897705,3.2416670322418213,3.171250104904175,3.202500104904175,3.089306592941284
2012-02-17,40430400,3.203749895095825,3.2083330154418945,3.165832996368408,3.197499990463257,3.084482431411743
2012-02-16,65668800,3.069582939147949,3.1791670322418213,3.054583072662353,3.1675000190734863,3.0555429458618164
2012-02-15,105652800,3.1458330154418945,3.157500028610229,3.050416946411133,3.06833291053772,2.95988130569458
2012-02-14,84482400,3.09958291053772,3.118333101272583,3.0487499237060547,3.112916946411133,3.002889394760132
2012-02-13,45902400,3.122499942779541,3.135416984558105,3.0833330154418945,3.125,3.014544486999512
2012-02-10,80280000,3.040832996368408,3.0645830631256104,3.021250009536743,3.0625,2.954253911972046
2012-02-09,70404000,3.1304171085357666,3.141249895095825,3.072082996368408,3.1237499713897705,3.013338804244995
2012-02-08,70622400,3.09375,3.117083072662353,3.0541670322418213,3.110832929611206,3.000878095626831
2012-02-07,86798400,3.0445830821990967,3.1020829677581787,3.010416984558105,3.0883328914642334,2.9791746139526367
2012-02-06,51487200,3.0333330631256104,3.0679171085357666,3.022083044052124,3.065000057220459,2.9566659927368164
2012-02-03,63249600,3.036250114440918,3.076667070388794,3.0208330154418945,3.072082996368408,2.963498592376709
2012-02-02,60996000,2.9504170417785645,2.96875,2.916666984558105,2.946666955947876,2.842515230178833
2012-02-01,59930400,2.920417070388794,2.975416898727417,2.910417079925537,2.930833101272583,2.8272409439086914
2012-01-31,81024000,2.905833005905152,2.913749933242798,2.816667079925537,2.8545830249786377,2.75368595123291
2012-01-30,56527200,2.806250095367432,2.8662500381469727,2.7758328914642334,2.8612499237060547,2.760117769241333
2012-01-27,62380800,2.854166984558105,2.90625,2.847917079925537,2.890832901000977,2.7886550426483154
2012-01-26,93218400,2.9816670417785645,2.995832920074463,2.860832929611206,2.896667003631592,2.7942826747894287
2012-01-25,74784000,2.855417013168335,2.960833072662353,2.8233330249786377,2.938750028610229,2.834879159927368
2012-01-24,51091200,2.8258330821990967,2.87166690826416,2.8129169940948486,2.868333101272583,2.7669496536254883
2012-01-23,56181600,2.87166690826416,2.920833110809326,2.836667060852051,2.876667022705078,2.774989604949951
2012-01-20,46288800,2.857917070388794,2.874583005905152,2.834167003631592,2.874166965484619,2.772578477859497
2012-01-19,55468800,2.8520829677581787,2.875833034515381,2.8279170989990234,2.867917060852051,2.7665488719940186
2012-01-18,61696800,2.734582901000977,2.828332901000977,2.718333005905152,2.8237500190734863,2.723942995071411
2012-01-17,69199200,2.780416965484619,2.795833110809326,2.717082977294922,2.7325000762939453,2.6359176635742188
2012-01-13,71131200,2.69083309173584,2.7166669368743896,2.632082939147949,2.7166669368743896,2.620645523071289
2012-01-12,47256000,2.7487499713897705,2.7562499046325684,2.684999942779541,2.745832920074463,2.648780345916748
2012-01-11,51648000,2.6958329677581787,2.736666917800904,2.683332920074463,2.728332996368408,2.631898880004883
2012-01-10,76744800,2.738332986831665,2.7537500858306885,2.711667060852051,2.7208330631256104,2.624663829803467
2012-01-09,68589600,2.6524999141693115,2.663332939147949,2.6166670322418213,2.6516671180725098,2.557943344116211
2012-01-06,69453600,2.663332939147949,2.6641669273376465,2.6091670989990234,2.6387500762939453,2.545481443405152
2012-01-05,61860000,2.5916669368743896,2.666249990463257,2.554583072662353,2.6583330631256104,2.564373016357422
2012-01-04,57544800,2.6020829677581787,2.640000104904175,2.572916984558105,2.631666898727417,2.538648843765259
2012-01-03,61190400,2.636667013168335,2.672916889190674,2.617500066757202,2.627500057220459,2.534630060195923
2011-12-30,35928000,2.5350000858306885,2.5516669750213623,2.5062499046325684,2.5062499046325684,2.4176650047302246
2011-12-29,57528000,2.4891669750213623,2.545833110809326,2.485416889190674,2.5395829677581787,2.449820280075073
2011-12-28,57924000,2.566667079925537,2.567500114440918,2.4579169750213623,2.469583034515381,2.3822953701019287
2011-12-27,42295200,2.546250104904175,2.5833330154418945,2.537916898727417,2.5595829486846924,2.4691128730773926
2011-12-23,47947200,2.5174999237060547,2.5587499141693115,2.5004169940948486,2.5579171180725098,2.4675064086914062
2011-12-22,61692000,2.453749895095825,2.499166965484619,2.439167022705078,2.499166965484619,2.410832405090332
2011-12-21,85012800,2.4116671085357666,2.439167022705078,2.345417022705078,2.4287500381469727,2.342904806137085
2011-12-20,79356000,2.3170828819274902,2.424999952316284,2.3170828819274902,2.415416955947876,2.330043077468872
2011-12-19,59414400,2.312083005905152,2.3279170989990234,2.199167013168335,2.212500095367432,2.1342978477478027
2011-12-16,89256000,2.321666955947876,2.3620829582214355,2.2708330154418945,2.28708291053772,2.206244468688965
2011-12-15,83150400,2.325000047683716,2.334167003631592,2.266666889190674,2.274167060852051,2.1937854290008545
2011-12-14,90854400,2.3012499809265137,2.3262500762939453,2.238332986831665,2.25,2.1704726219177246
2011-12-13,125486400,2.43416690826416,2.4741671085357666,2.2950000762939453,2.3262500762939453,2.2440273761749268
2011-12-12,77448000,2.440417051315308,2.440417051315308,2.334167003631592,2.396667003631592,2.311955213546753
2011-12-09,88152000,2.417917013168335,2.525000095367432,2.4108328819274902,2.5045828819274902,2.416057109832764
2011-12-08,122764800,2.5004169940948486,2.518749952316284,2.3666670322418213,2.385416984558105,2.301103353500366
2011-12-07,71920800,2.5,2.5833330154418945,2.447082996368408,2.553333044052124,2.4630842208862305
2011-12-06,58317600,2.522083044052124,2.575000047683716,2.494999885559082,2.523750066757202,2.434546709060669
2011-12-05,77822400,2.556250095367432,2.577500104904175,2.4766669273376465,2.521667003631592,2.432537317276001
2011-12-02,81597600,2.515000104904175,2.538749933242798,2.4362499713897705,2.442500114440918,2.356168031692505
2011-12-01,88471200,2.440417051315308,2.487499952316284,2.415832996368408,2.446249961853028,2.359785795211792
2011-11-30,138208800,2.3662500381469727,2.460833072662353,2.353332996368408,2.450000047683716,2.363403797149658
2011-11-29,106473600,2.180000066757202,2.22458291053772,2.157083034515381,2.1791670322418213,2.102142810821533
2011-11-28,101688000,2.1516671180725098,2.185832977294922,2.117083072662353,2.16208291053772,2.085662603378296
2011-11-25,60571200,1.990417003631592,2.0595829486846924,1.9837499856948853,1.9837499856948853,1.9136329889297483
2011-11-23,121156800,2.0850000381469727,2.089582920074463,2.001667022705078,2.0045828819274902,1.933729648590088
2011-11-22,110265600,2.1566669940948486,2.19333291053772,2.1066670417785645,2.1433329582214355,2.067575693130493
2011-11-21,143044800,2.197916984558105,2.2083330154418945,2.113332986831665,2.166666984558105,2.09008526802063
2011-11-18,99645600,2.329166889190674,2.3441669940948486,2.272083044052124,2.299166917800904,2.217901468276977
2011-11-17,161548800,2.412916898727417,2.430000066757202,2.257499933242798,2.3095829486846924,2.227949619293213
2011-11-16,132864000,2.47208309173584,2.5625,2.416249990463257,2.424999952316284,2.3392868041992188
2011-11-15,96412800,2.4954171180725098,2.5879170894622803,2.466249942779541,2.549999952316284,2.459869384765625
2011-11-14,74474400,2.556250095367432,2.565417051315308,2.477916955947876,2.508749961853028,2.420077085494995
2011-11-11,106538400,2.5333330631256104,2.602916955947876,2.532500028610229,2.586250066757202,2.494838237762451
2011-11-10,99688800,2.47458291053772,2.481250047683716,2.37166690826416,2.444582939147949,2.35817813873291
2011-11-09,160219200,2.4891669750213623,2.523333072662353,2.3612499237060547,2.3795828819274902,2.295475482940674
2011-11-08,76888800,2.6166670322418213,2.6829171180725098,2.541666984558105,2.674166917800904,2.579646110534668
2011-11-07,79939200,2.527082920074463,2.5829169750213623,2.452083110809326,2.574583053588867,2.483583211898804
2011-11-04,78249600,2.5137500762939453,2.541666984558105,2.4395830631256104,2.528749942779541,2.439370393753052
2011-11-03,113390400,2.529582977294922,2.59041690826416,2.420417070388794,2.574583053588867,2.483583211898804
2011-11-02,92054400,2.4345829486846924,2.4666669368743896,2.375,2.44333291053772,2.356971979141236
2011-11-01,160514400,2.3299999237060547,2.420833110809326,2.3012499809265137,2.331249952316284,2.2488503456115723
2011-10-31,78352800,2.648333072662353,2.654582977294922,2.533750057220459,2.5350000858306885,2.4453988075256348
2011-10-28,62932800,2.703332901000977,2.7562499046325684,2.69083309173584,2.7470829486846924,2.649985790252685
2011-10-27,106178400,2.6854169368743896,2.7895829677581787,2.6229169368743896,2.736666917800904,2.6399381160736084
2011-10-26,104565600,2.4870829582214355,2.509582996368408,2.3612499237060547,2.482917070388794,2.3951568603515625
2011-10-25,70898400,2.524167060852051,2.5258328914642334,2.3933329582214355,2.410417079925537,2.3252198696136475
2011-10-24,66816000,2.4795830249786377,2.576667070388794,2.472917079925537,2.5625,2.4719269275665283
2011-10-21,81775200,2.417917013168335,2.475832939147949,2.396250009536743,2.4658329486846924,2.3786773681640625
2011-10-20,108374400,2.3233330249786377,2.359999895095825,2.231250047683716,2.333750009536743,2.251262187957764
2011-10-19,119508000,2.3795828819274902,2.4200000762939453,2.2816669940948486,2.305833101272583,2.224331855773926
2011-10-18,138604800,2.25333309173584,2.44333291053772,2.2012500762939453,2.390000104904175,2.3055243492126465
2011-10-17,85728000,2.359582901000977,2.3662500381469727,2.2412500381469727,2.256666898727417,2.176903247833252
2011-10-14,97449600,2.357917070388794,2.398333072662353,2.3204169273376465,2.3933329582214355,2.30873966217041
2011-10-13,111033600,2.25,2.297499895095825,2.200000047683716,2.276249885559082,2.195793867111206
2011-10-12,115944000,2.2858328819274902,2.3691670894622803,2.269166946411133,2.293333053588867,2.212273597717285
2011-10-11,87741600,2.188750028610229,2.252500057220459,2.181250095367432,2.2300000190734863,2.151179075241089
2011-10-10,84710400,2.126250028610229,2.228332996368408,2.1254169940948486,2.228332996368408,2.149571180343628
2011-10-07,180163200,2.1020829677581787,2.105417013168335,1.9895830154418943,2.021667003631592,1.950210452079773
2011-10-06,125124000,1.9574999809265137,2.0733330249786377,1.914167046546936,2.064167022705078,1.9912081956863403
2011-10-05,179157600,1.8691669702529907,1.9737499952316284,1.8183330297470093,1.9583330154418943,1.8891147375106807
2011-10-04,261033600,1.6670830249786377,1.8666670322418213,1.6237499713897705,1.8458329439163208,1.7805907726287842
2011-10-03,245954400,1.8741669654846191,1.945000052452088,1.7395830154418943,1.742082953453064,1.6805082559585571
2011-09-30,142104000,1.9745830297470093,2.0274999141693115,1.9041670560836792,1.911666989326477,1.844098448753357
2011-09-29,141840000,2.111666917800904,2.142916917800904,1.950000047683716,2.058332920074463,1.9855798482894893
2011-09-28,122985600,2.157500028610229,2.194999933242798,2.002500057220459,2.006666898727417,1.935740232467652
2011-09-27,140376000,2.196249961853028,2.251250028610229,2.105833053588867,2.135416984558105,2.0599403381347656
2011-09-26,171187200,1.990417003631592,2.081666946411133,1.907917022705078,2.069999933242798,1.9968341588974
2011-09-23,123686400,1.8641669750213623,1.9666670560836792,1.8591669797897337,1.9308329820632928,1.8625863790512085
2011-09-22,221330400,1.925832986831665,1.976250052452088,1.8195830583572388,1.9020830392837524,1.8348528146743768
2011-09-21,150480000,2.315417051315308,2.335833072662353,2.097917079925537,2.101249933242798,2.026979684829712
2011-09-20,121622400,2.3499999046325684,2.4170830249786377,2.3037500381469727,2.312083005905152,2.228994131088257
2011-09-19,143988000,2.273750066757202,2.3566670417785645,2.227499961853028,2.3187499046325684,2.2354214191436768
2011-09-16,108820800,2.377500057220459,2.416666984558105,2.322499990463257,2.389583110809326,2.303709030151367
2011-09-15,133060800,2.304583072662353,2.351249933242798,2.245832920074463,2.34958291053772,2.2651472091674805
2011-09-14,136783200,2.1766669750213623,2.3104169368743896,2.0899999141693115,2.2325000762939453,2.152271270751953
2011-09-13,130147200,2.106250047683716,2.168333053588867,2.063333034515381,2.140832901000977,2.0638976097106934
2011-09-12,136869600,1.970417022705078,2.0924999713897705,1.950000047683716,2.088749885559082,2.0136871337890625
2011-09-09,161644800,2.147083044052124,2.170417070388794,2.0137500762939453,2.049999952316284,1.9763295650482176
2011-09-08,122042400,2.252917051315308,2.3324999809265137,2.2083330154418945,2.22208309173584,2.142228603363037
2011-09-07,96220800,2.21541690826416,2.298332929611206,2.191667079925537,2.2941670417785645,2.211721658706665
2011-09-06,131109600,1.9745830297470093,2.125833034515381,1.9745830297470093,2.1166670322418213,2.040600538253784
2011-09-02,108655200,2.199583053588867,2.235832929611206,2.1404170989990234,2.1645829677581787,2.0867950916290283
2011-09-01,111873600,2.425416946411133,2.4895830154418945,2.335833072662353,2.345000028610229,2.260727882385254
2011-08-31,130886400,2.4345829486846924,2.49666690826416,2.367083072662353,2.41208291053772,2.3254005908966064
2011-08-30,116347200,2.3391671180725098,2.4329171180725098,2.2866671085357666,2.382499933242798,2.29688048362732
2011-08-29,80582400,2.2699999809265137,2.3729169368743896,2.265000104904175,2.369999885559082,2.284830093383789
2011-08-26,141460800,2.058332920074463,2.211250066757202,1.9612499475479128,2.1816670894622803,2.103264570236206
2011-08-25,122409600,2.228749990463257,2.2654170989990234,2.0687499046325684,2.0899999141693115,2.0148918628692627
2011-08-24,113325600,2.0883328914642334,2.197916984558105,2.072916984558105,2.190000057220459,2.1112992763519287
2011-08-23,121389600,1.9358329772949217,2.105417013168335,1.905833005905152,2.09958291053772,2.024130821228028
2011-08-22,108662400,2.037916898727417,2.040416955947876,1.897083044052124,1.915832996368408,1.8469842672348025
2011-08-19,124082400,1.9262499809265137,2.079166889190674,1.902500033378601,1.9133330583572388,1.8445740938186648
2011-08-18,160156800,2.124166965484619,2.13083291053772,1.945000052452088,2.0062499046325684,1.9341518878936768
2011-08-17,95767200,2.3399999141693115,2.3954169750213623,2.25333309173584,2.3070828914642334,2.2241744995117188
2011-08-16,119349600,2.295417070388794,2.367500066757202,2.2270829677581787,2.300832986831665,2.218148708343506
2011-08-15,93854400,2.2833330631256104,2.3695828914642334,2.2725000381469727,2.358333110809326,2.273582220077514
2011-08-12,148521600,2.240833044052124,2.2833330631256104,2.177500009536743,2.225416898727417,2.1454432010650635
2011-08-11,106670400,1.971667051315308,2.2608330249786377,1.954167008399964,2.177500009536743,2.099247694015503
2011-08-10,166279200,2.087083101272583,2.1458330154418945,1.9045829772949217,1.9212499856948853,1.8522062301635744
2011-08-09,177640800,2.0395829677581787,2.2225000858306885,1.8416670560836792,2.211667060852051,2.13218641281128
2011-08-08,182793600,2.22458291053772,2.313750028610229,1.9341670274734497,1.941666960716248,1.871889591217041
2011-08-05,165196800,2.5204169750213623,2.539999961853028,2.225416898727417,2.4195830821990967,2.3326303958892822
2011-08-04,141955200,2.7100000381469727,2.7249999046325684,2.417917013168335,2.430000066757202,2.3426735401153564
2011-08-03,113740800,2.7966670989990234,2.837500095367432,2.655416965484619,2.830416917800904,2.72870135307312
2011-08-02,104721600,2.949583053588867,2.994999885559082,2.78458309173584,2.790832996368408,2.6905393600463867
2011-08-01,93050400,3.1645829677581787,3.171250104904175,2.927500009536743,3.014167070388794,2.905848264694214
2011-07-29,75024000,3.0266671180725098,3.142082929611206,2.985416889190674,3.0566670894622803,2.946820020675659
2011-07-28,45201600,3.147083044052124,3.2295830249786377,3.1045830249786377,3.1237499713897705,3.0114924907684326
2011-07-27,60103200,3.2987499237060547,3.2987499237060547,3.135416984558105,3.151249885559082,3.038004398345948
2011-07-26,30518400,3.382499933242798,3.400000095367432,3.328749895095825,3.352916955947876,3.232423782348633
2011-07-25,29196000,3.3499999046325684,3.44083309173584,3.3399999141693115,3.3904170989990234,3.268576145172119
2011-07-22,31514400,3.44333291053772,3.459167003631592,3.3858330249786377,3.447916984558105,3.324010133743286
2011-07-21,48873600,3.356250047683716,3.4658329486846924,3.3399999141693115,3.4395830631256104,3.3159754276275635
2011-07-20,30609600,3.335833072662353,3.342082977294922,3.2874999046325684,3.303333044052124,3.184621810913086
2011-07-19,41359200,3.2104170322418213,3.321666955947876,3.2079169750213623,3.30916690826416,3.1902458667755127
2011-07-18,50911200,3.191667079925537,3.2058329582214355,3.086667060852051,3.157500028610229,3.044029951095581
2011-07-15,44217600,3.233750104904175,3.25,3.1716670989990234,3.232917070388794,3.1167361736297607
2011-07-14,74971200,3.2766671180725098,3.3187499046325684,3.1641669273376465,3.185832977294922,3.0713448524475098
2011-07-13,37298400,3.267082929611206,3.350416898727417,3.2270829677581787,3.2545828819274902,3.1376235485076904
2011-07-12,52980000,3.237916946411133,3.319582939147949,3.2141671180725098,3.2191669940948486,3.103480577468872
2011-07-11,58828800,3.31833291053772,3.352499961853028,3.2370829582214355,3.267916917800904,3.150478839874268
2011-07-08,48180000,3.4041669368743896,3.450000047683716,3.367083072662353,3.450000047683716,3.3260180950164795
2011-07-07,39525600,3.507082939147949,3.548332929611206,3.485832929611206,3.52791690826416,3.4011354446411133
2011-07-06,34516800,3.375833034515381,3.4262499809265137,3.3499999046325684,3.411250114440918,3.288661003112793
2011-07-05,32162400,3.401249885559082,3.424166917800904,3.3712499141693115,3.398333072662353,3.276207447052002
2011-07-01,28293600,3.269166946411133,3.424166917800904,3.252917051315308,3.41208291053772,3.289463520050049
2011-06-30,26059200,3.2074999809265137,3.282083034515381,3.197499990463257,3.2654170989990234,3.1480696201324463
2011-06-29,33981600,3.139583110809326,3.19083309173584,3.1045830249786377,3.1766669750213623,3.062508344650269
2011-06-28,23107200,3.014583110809326,3.096667051315308,3.005000114440918,3.096250057220459,2.984981060028076
2011-06-27,25560000,2.907917022705078,3.0137500762939453,2.893749952316284,2.9800000190734863,2.8729088306427
2011-06-24,48458400,3.008749961853028,3.012500047683716,2.891249895095825,2.9041669368743896,2.799800395965576
2011-06-23,71925600,2.9266669750213623,3.012083053588867,2.859582901000977,3.008749961853028,2.900625705718994
2011-06-22,28471200,3.0625,3.115833044052124,3.0291669368743896,3.0366671085357666,2.9275388717651367
2011-06-21,34893600,3.016249895095825,3.108333110809326,3.00333309173584,3.089582920074463,2.978553771972656
2011-06-20,32119200,2.8954169750213623,2.9870829582214355,2.892082929611206,2.971667051315308,2.864874601364136
2011-06-17,35431200,2.985832929611206,2.985832929611206,2.8958330154418945,2.923332929611206,2.818278312683105
2011-06-16,42664800,2.884166955947876,2.9437499046325684,2.8324999809265137,2.894582986831665,2.7905614376068115
2011-06-15,55430400,2.964582920074463,2.992083072662353,2.8570830821990967,2.8795828819274902,2.776099920272827
2011-06-14,28005600,3.009999990463257,3.072499990463257,3.0083329677581787,3.041666984558105,2.932358980178833
2011-06-13,24650400,2.9429171085357666,2.966249942779541,2.887500047683716,2.930000066757202,2.8247053623199463
2011-06-10,49020000,3.008749961853028,3.019166946411133,2.900000095367432,2.924999952316284,2.819884777069092
2011-06-09,19346400,3.0083329677581787,3.0883328914642334,2.987916946411133,3.047499895095825,2.93798303604126
2011-06-08,32959200,3.009999990463257,3.038332939147949,2.9674999713897705,2.984582901000977,2.877326488494873
2011-06-07,23354400,3.078749895095825,3.100832939147949,3.017082929611206,3.0204169750213623,2.911873340606689
2011-06-06,26349600,3.1066670417785645,3.1237499713897705,3.017082929611206,3.0274999141693115,2.918701410293579
2011-06-03,33338400,3.106250047683716,3.2012500762939453,3.103749990463257,3.13083291053772,3.0183205604553223
2011-06-02,27040800,3.2416670322418213,3.261667013168335,3.167917013168335,3.2233328819274902,3.107496976852417
2011-06-01,45136800,3.4362499713897705,3.444582939147949,3.2266669273376465,3.2412500381469727,3.124770402908325
2011-05-31,23049600,3.4579169750213623,3.469583034515381,3.389167070388794,3.4691669940948486,3.3444957733154297
2011-05-27,19747200,3.3520829677581787,3.391249895095825,3.341249942779541,3.3637499809265137,3.2428674697875977
2011-05-26,29623200,3.25583291053772,3.34375,3.2362499237060547,3.321249961853028,3.201895475387573
2011-05-25,20013600,3.210833072662353,3.321666955947876,3.207082986831665,3.28125,3.163332939147949
2011-05-24,20001600,3.28708291053772,3.3066670894622803,3.230417013168335,3.2520830631256104,3.1352131366729736
2011-05-23,26400000,3.25,3.28708291053772,3.22208309173584,3.256666898727417,3.1396334171295166
2011-05-20,24391200,3.430000066757202,3.4437499046325684,3.3575000762939453,3.3754169940948486,3.2541162967681885
2011-05-19,19845600,3.46541690826416,3.483333110809326,3.40291690826416,3.459583044052124,3.335256576538086
2011-05-18,17476800,3.34708309173584,3.442500114440918,3.327500104904175,3.437083005905152,3.3135645389556885
2011-05-17,24033600,3.305833101272583,3.3566670417785645,3.264583110809326,3.346667051315308,3.2263989448547363
2011-05-16,19980000,3.367917060852051,3.454166889190674,3.329166889190674,3.346667051315308,3.2263989448547363
2011-05-13,24816000,3.499583005905152,3.511667013168335,3.376250028610229,3.407500028610229,3.285045862197876
2011-05-12,24645600,3.415416955947876,3.512500047683716,3.3637499809265137,3.492083072662353,3.3665883541107178
2011-05-11,31363200,3.541249990463257,3.541249990463257,3.3958330154418945,3.4420828819274902,3.318385362625122
2011-05-10,18667200,3.502917051315308,3.574583053588867,3.4887499809265137,3.55916690826416,3.431262493133545
2011-05-09,15364800,3.432499885559082,3.4945828914642334,3.4108328819274902,3.47208309173584,3.347308158874512
2011-05-06,31212000,3.4841670989990234,3.5350000858306885,3.3879170417785645,3.424166917800904,3.301114082336426
2011-05-05,34504800,3.418333053588867,3.485832929611206,3.336250066757202,3.3883330821990967,3.2665674686431885
2011-05-04,26064000,3.545417070388794,3.547082901000977,3.429583072662353,3.478749990463257,3.353734970092773
2011-05-03,23256000,3.5687499046325684,3.5854170322418213,3.494999885559082,3.548332929611206,3.4208171367645264
2011-05-02,24660000,3.6666669845581055,3.6666669845581055,3.565417051315308,3.584167003631592,3.4553639888763428
2011-04-29,16896000,3.5833330154418945,3.613332986831665,3.569166898727417,3.611249923706055,3.481473922729492
2011-04-28,19104000,3.518749952316284,3.59041690826416,3.518749952316284,3.576667070388794,3.448133707046509
2011-04-27,22536000,3.499583005905152,3.55916690826416,3.454166889190674,3.541666984558105,3.41439151763916
2011-04-26,20781600,3.417917013168335,3.4954171180725098,3.41208291053772,3.4766669273376465,3.35172700881958
2011-04-25,13687200,3.394166946411133,3.40291690826416,3.355417013168335,3.387500047683716,3.265763998031616
2011-04-21,16149600,3.398333072662353,3.40291690826416,3.352499961853028,3.400000095367432,3.2778148651123047
2011-04-20,29793600,3.3324999809265137,3.3695828914642334,3.3254170417785645,3.350832939147949,3.230415105819702
2011-04-19,15225600,3.1787500381469727,3.219583034515381,3.1541669368743896,3.213749885559082,3.0982584953308105
2011-04-18,36364800,3.1624999046325684,3.1829171180725098,3.0854170322418213,3.167917013168335,3.054072380065918
2011-04-15,26704800,3.2545828819274902,3.2966670989990234,3.228332996368408,3.266249895095825,3.148871660232544
2011-04-14,22857600,3.1745829582214355,3.252917051315308,3.1433329582214355,3.2391669750213623,3.1227622032165527
2011-04-13,21573600,3.27791690826416,3.2850000858306885,3.1937499046325684,3.2316670417785645,3.11553168296814
2011-04-12,31075200,3.250833034515381,3.269166946411133,3.1958329677581787,3.2370829582214355,3.1207525730133057
2011-04-11,15724800,3.34708309173584,3.381666898727417,3.283750057220459,3.3104169368743896,3.1914515495300293
2011-04-08,21180000,3.414999961853028,3.4216670989990234,3.296250104904175,3.3424999713897705,3.222381353378296
2011-04-07,31303200,3.3804171085357666,3.4200000762939453,3.324583053588867,3.3729169368743896,3.2517056465148926
2011-04-06,21297600,3.416666984558105,3.424166917800904,3.3591670989990234,3.394166946411133,3.2721915245056152
2011-04-05,22132800,3.348750114440918,3.412916898727417,3.344583034515381,3.3691670894622803,3.2480900287628174
2011-04-04,18060000,3.383749961853028,3.399583101272583,3.34041690826416,3.368750095367432,3.247687578201294
2011-04-01,24182400,3.385416984558105,3.407917022705078,3.337083101272583,3.358750104904175,3.2380471229553223
2011-03-31,14479200,3.3233330249786377,3.3499999046325684,3.3079171180725098,3.321249961853028,3.201895475387573
2011-03-30,21813600,3.3179171085357666,3.360416889190674,3.302500009536743,3.331249952316284,3.211535930633545
2011-03-29,22476000,3.194166898727417,3.265832901000977,3.16208291053772,3.264167070388794,3.1468632221221924
2011-03-28,27482400,3.2487499713897705,3.2699999809265137,3.199167013168335,3.2012500762939453,3.0862069129943848
2011-03-25,26227200,3.2174999713897705,3.266249895095825,3.200000047683716,3.2208330631256104,3.105086088180542
2011-03-24,29524800,3.1624999046325684,3.2083330154418945,3.106250047683716,3.1937499046325684,3.07897686958313
2011-03-23,24724800,3.0537500381469727,3.130000114440918,3.012500047683716,3.106250047683716,2.994621992111206
2011-03-22,23695200,3.1137499809265137,3.123332977294922,3.071666955947876,3.081666946411133,2.9709219932556152
2011-03-21,21225600,3.089582920074463,3.1312499046325684,3.0762500762939453,3.111666917800904,2.9998438358306885
2011-03-18,30520800,3.049166917800904,3.0520830154418945,2.9583330154418945,2.9770829677581787,2.8700966835021973
2011-03-17,30547200,2.951667070388794,2.9766669273376465,2.891666889190674,2.937083005905152,2.8315343856811523
2011-03-16,71006400,2.972917079925537,2.999166965484619,2.769582986831665,2.8324999809265137,2.730708837509156
2011-03-15,45237600,2.852499961853028,3.0520830154418945,2.8499999046325684,3.002500057220459,2.8946006298065186
2011-03-14,28862400,3.09708309173584,3.136667013168335,3.032917022705078,3.1066670417785645,2.995023012161255
2011-03-11,29316000,3.0625,3.194999933242798,3.0625,3.1624999046325684,3.04884934425354
2011-03-10,36660000,3.1816670894622803,3.1816670894622803,3.0899999141693115,3.0975000858306885,2.9861855506896973
2011-03-09,22900800,3.273333072662353,3.311666965484619,3.2225000858306885,3.28125,3.163332939147949
2011-03-08,22785600,3.22458291053772,3.3258330821990967,3.1845829486846924,3.2920830249786377,3.173776149749756
2011-03-07,27813600,3.3170828819274902,3.3408329486846924,3.160417079925537,3.207082986831665,3.091830015182495
2011-03-04,40459200,3.361666917800904,3.3645830154418945,3.2249999046325684,3.290832996368408,3.172570943832397
2011-03-03,28646400,3.288749933242798,3.375833034515381,3.285417079925537,3.361666917800904,3.2408595085144043
2011-03-02,39844800,3.166666984558105,3.2441670894622803,3.155833005905152,3.196666955947876,3.081789016723633
2011-03-01,58567200,3.38083291053772,3.3883330821990967,3.180000066757202,3.180000066757202,3.0657215118408203
2011-02-28,30492000,3.3208329677581787,3.359582901000977,3.290416955947876,3.347917079925537,3.2276041507720947
2011-02-25,27098400,3.228749990463257,3.2920830249786377,3.21875,3.282500028610229,3.1645379066467285
2011-02-24,208296000,3.181250095367432,3.221806049346924,3.095000028610229,3.1898610591888428,3.075227975845337
2011-02-23,58190400,3.2445828914642334,3.269721984863281,3.131805896759033,3.2015280723571777,3.086474895477295
2011-02-22,68061600,3.350416898727417,3.409167051315308,3.225416898727417,3.2554171085357666,3.138427495956421
2011-02-18,36612000,3.447082996368408,3.473193883895874,3.42444396018982,3.461667060852051,3.337265968322754
2011-02-17,28634400,3.3786110877990723,3.451389074325561,3.370556116104126,3.440417051315308,3.316779375076294
2011-02-16,49910400,3.3787500858306885,3.420833110809326,3.35930609703064,3.4044439792633057,3.282099485397339
2011-02-15,36338400,3.345694065093994,3.363055944442749,3.319582939147949,3.3473610877990723,3.227068901062012
2011-02-14,29714400,3.3520829677581787,3.385138988494873,3.337778091430664,3.373471975326538,3.252240896224976
2011-02-11,42177600,3.2545828819274902,3.3672220706939697,3.2545828819274902,3.3551390171051025,3.2345666885375977
2011-02-10,34560000,3.240417003631592,3.305556058883667,3.2201390266418457,3.296389102935791,3.177927732467652
2011-02-09,50392800,3.288193941116333,3.3181939125061035,3.244999885559082,3.291666984558105,3.173375368118286
2011-02-08,31161600,3.281111001968384,3.319166898727417,3.25333309173584,3.314444065093994,3.195333480834961
2011-02-07,32925600,3.2318060398101807,3.3016669750213623,3.231250047683716,3.269860982894897,3.152352809906006
2011-02-04,38253600,3.185971975326538,3.2141671180725098,3.142638921737671,3.212083101272583,3.096651077270508
2011-02-03,37684800,3.146806001663208,3.19652795791626,3.095694065093994,3.180000066757202,3.0657215118408203
2011-02-02,41457600,3.160693883895874,3.186666965484619,3.1504170894622803,3.1600000858306885,3.0464401245117188
2011-02-01,47196000,3.0879170894622803,3.1956939697265625,3.0850000381469727,3.177500009536743,3.0633115768432617
2011-01-31,50198400,2.993889093399048,3.041249990463257,2.9705560207366943,3.032778024673462,2.923789501190185
2011-01-28,97848000,3.1456940174102783,3.157778024673462,2.95444393157959,2.967082977294922,2.8604564666748047
2011-01-27,52632000,3.11055588722229,3.14722204208374,3.095417022705078,3.132499933242798,3.0199286937713623
2011-01-26,59601600,3.0944440364837646,3.135972023010254,3.078749895095825,3.1109719276428223,2.999173641204834
2011-01-25,66736800,3.0415279865264893,3.076389074325561,2.999444007873535,3.0738890171051025,2.963423490524292
2011-01-24,46274400,3.012778043746948,3.080277919769287,3.010694026947021,3.0698609352111816,2.9595401287078857
2011-01-21,57024000,3.054028034210205,3.0740280151367188,3.008888959884644,3.0229170322418213,2.914283037185669
2011-01-20,89978400,2.9895830154418945,3.0204169750213623,2.933056116104126,2.999722003936768,2.8919215202331543
2011-01-19,66902400,3.0965280532836914,3.100693941116333,2.986388921737671,3.099860906600952,2.988461971282959
2011-01-18,37785600,3.0781939029693604,3.1102778911590576,3.0670828819274902,3.1034719944000244,2.991943120956421
2011-01-14,67075200,3.0079169273376465,3.087639093399048,3.0022220611572266,3.079582929611206,2.968913078308105
2011-01-13,67694400,3.037360906600952,3.043194055557251,2.998332977294922,3.0269439220428467,2.918165445327759
2011-01-12,68270400,3.0102779865264893,3.044861078262329,2.993889093399048,3.036806106567383,2.927673101425171
2011-01-11,63856800,2.961250066757202,2.9765279293060303,2.922916889190674,2.953749895095825,2.8476016521453857
2011-01-10,62920800,2.9013888835906982,2.937083005905152,2.8722219467163086,2.926110982894897,2.820956230163574
2011-01-07,49204800,2.967221975326538,2.97986102104187,2.868750095367432,2.9354169368743896,2.829927444458008
2011-01-06,51228000,2.973193883895874,2.9840281009674072,2.928889036178589,2.9515280723571777,2.8454601764678955
2011-01-05,42400800,2.896111011505127,2.976388931274414,2.8906939029693604,2.9690279960632324,2.862330913543701
2011-01-04,66038400,2.951667070388794,2.952639102935791,2.8731939792633057,2.9195830821990967,2.8146629333496094
2011-01-03,49917600,2.906805992126465,2.968194007873535,2.9048609733581543,2.9287500381469727,2.823500633239746
2010-12-31,26402400,2.828610897064209,2.8520829677581787,2.815139055252075,2.8459720611572266,2.74369740486145
2010-12-30,30816000,2.8465280532836914,2.8662500381469727,2.829582929611206,2.844583034515381,2.7423574924468994
2010-12-29,19663200,2.85805606842041,2.874305963516236,2.8550000190734863,2.855833053588867,2.753203630447388
2010-12-28,21477600,2.8540279865264893,2.8561110496521,2.827639102935791,2.8490281105041504,2.746643543243408
2010-12-27,18244800,2.80263900756836,2.8444440364837646,2.7959721088409424,2.8333330154418945,2.731513023376465
2010-12-23,26740800,2.8373610973358154,2.84708309173584,2.814028024673462,2.8333330154418945,2.731513023376465
2010-12-22,37598400,2.826667070388794,2.849721908569336,2.8222219944000244,2.846250057220459,2.743964910507202
2010-12-21,39657600,2.79569411277771,2.825000047683716,2.785972118377685,2.8177781105041504,2.7165169715881348
2010-12-20,55670400,2.77222204208374,2.788193941116333,2.72777795791626,2.76430606842041,2.6649656295776367
2010-12-17,39232800,2.732639074325561,2.7581939697265625,2.7166669368743896,2.7506940364837646,2.651842832565308
2010-12-16,68493600,2.7081940174102783,2.744999885559082,2.668889045715332,2.73888897895813,2.6404623985290527
2010-12-15,66268800,2.7158329486846924,2.7479169368743896,2.680833101272583,2.691943883895874,2.5952048301696777
2010-12-14,52286400,2.7368059158325195,2.766666889190674,2.70569396018982,2.7301390171051025,2.6320273876190186
2010-12-13,52372800,2.7597219944000244,2.765832901000977,2.721389055252075,2.7240281105041504,2.6261355876922607
2010-12-10,44834400,2.6954169273376465,2.725277900695801,2.6695830821990967,2.718611001968384,2.620912790298462
2010-12-09,42372000,2.683056116104126,2.686944007873535,2.6329169273376465,2.6727778911590576,2.5767266750335693
2010-12-08,55425600,2.620832920074463,2.6458330154418945,2.586250066757202,2.638611078262329,2.543787956237793
2010-12-07,82742400,2.6811110973358154,2.687222003936768,2.60805606842041,2.609999895095825,2.516204595565796
2010-12-06,40816800,2.600832939147949,2.624583005905152,2.590277910232544,2.605833053588867,2.512187957763672
2010-12-03,54331200,2.569443941116333,2.6238889694213867,2.565694093704224,2.6143059730529785,2.5203559398651123
2010-12-02,56764800,2.510416984558105,2.600138902664185,2.507082939147949,2.5941669940948486,2.500941514968872
2010-12-01,70610400,2.452083110809326,2.512083053588867,2.451667070388794,2.496943950653076,2.407212495803833
2010-11-30,88574400,2.318056106567383,2.3904170989990234,2.3079171180725098,2.345000028610229,2.260727882385254
2010-11-29,94694400,2.3561110496521,2.408889055252075,2.3047220706939697,2.390000104904175,2.3041117191314697
2010-11-26,31269600,2.390139102935791,2.4291670322418213,2.375,2.3852779865264893,2.299558401107788
2010-11-24,53625600,2.3958330154418945,2.454582929611206,2.394305944442749,2.449306011199951,2.361286163330078
2010-11-23,119145600,2.371527910232544,2.384166955947876,2.324167013168335,2.347222089767456,2.26287055015564
2010-11-22,83275200,2.427361011505127,2.458611011505127,2.3706939220428467,2.457360982894897,2.369051456451416
2010-11-19,47980800,2.4345829486846924,2.465277910232544,2.399306058883667,2.461111068725586,2.372666358947754
2010-11-18,56966400,2.407917022705078,2.4674999713897705,2.407778024673462,2.442500114440918,2.3547251224517822
2010-11-17,65390400,2.340693950653076,2.368056058883667,2.319027900695801,2.3399999141693115,2.2559080123901367
2010-11-16,144237600,2.4066669940948486,2.418056011199951,2.302778005599976,2.3363890647888184,2.252426862716675
2010-11-15,63424800,2.4862499237060547,2.5137500762939453,2.44861102104187,2.451667070388794,2.3635621070861816
2010-11-12,128419200,2.5006940364837646,2.534306049346924,2.429583072662353,2.460556030273437,2.372132062911988
2010-11-11,60667200,2.514167070388794,2.564028024673462,2.493056058883667,2.5495829582214355,2.457958936691284
2010-11-10,96710400,2.5502779483795166,2.5854170322418213,2.4926390647888184,2.581110954284668,2.488353967666626
2010-11-09,78400800,2.6304171085357666,2.636667013168335,2.52013897895813,2.5519440174102783,2.4602346420288086
2010-11-08,64987200,2.59958291053772,2.619443893432617,2.57361102104187,2.610832929611206,2.517007827758789
2010-11-05,69948000,2.597917079925537,2.635694026947021,2.590138912200928,2.626667022705078,2.532273530960083
2010-11-04,66448800,2.5323610305786133,2.59708309173584,2.524306058883667,2.5924999713897705,2.499333620071411
2010-11-03,78602400,2.437083005905152,2.4558329582214355,2.359999895095825,2.451667070388794,2.3635621070861816
2010-11-02,42919200,2.4200000762939453,2.439444065093994,2.401110887527466,2.4202780723571777,2.333301305770874
2010-11-01,75859200,2.4033329486846924,2.440000057220459,2.3279170989990234,2.366528034210205,2.2814831733703613
2010-10-29,40420800,2.3518059253692627,2.37833309173584,2.3409719467163086,2.3644440174102783,2.279473304748535
2010-10-28,67708800,2.396528005599976,2.4024999141693115,2.3258330821990967,2.362916946411133,2.278000831604004
2010-10-27,87897600,2.32944393157959,2.366806030273437,2.2936110496521,2.3594439029693604,2.274653434753418
2010-10-26,51638400,2.3408329486846924,2.38611102104187,2.3284718990325928,2.3777780532836914,2.292327880859375
2010-10-25,90208800,2.402777910232544,2.4412500858306885,2.3731939792633057,2.374861001968384,2.2895162105560303
2010-10-22,51832800,2.355417013168335,2.3676390647888184,2.336806058883667,2.360416889190674,2.2755916118621826
2010-10-21,101599200,2.363332986831665,2.4008328914642334,2.289999961853028,2.3426389694213867,2.2584524154663086
2010-10-20,87055200,2.278610944747925,2.362360954284668,2.2725000381469727,2.330138921737671,2.246401309967041
2010-10-19,107337600,2.290416955947876,2.330277919769287,2.221250057220459,2.259582996368408,2.1783814430236816
2010-10-18,53258400,2.32680606842041,2.379443883895874,2.2915279865264893,2.2915279865264893,2.209177732467652
2010-10-15,91850400,2.35819411277771,2.360416889190674,2.267638921737671,2.3240280151367188,2.240509510040283
2010-10-14,97329600,2.32930588722229,2.340277910232544,2.2659718990325928,2.3179171085357666,2.234618186950684
2010-10-13,74937600,2.3223609924316406,2.372499942779541,2.3041670322418213,2.3333330154418945,2.249481439590454
2010-10-12,101052000,2.2393059730529785,2.302778005599976,2.202639102935791,2.283750057220459,2.2016794681549072
2010-10-11,43848000,2.2674999237060547,2.279582977294922,2.238193988800049,2.2613890171051025,2.180122137069702
2010-10-08,69703200,2.2293059825897217,2.274306058883667,2.202500104904175,2.2538890838623047,2.172892093658448
2010-10-07,70156800,2.255556106567383,2.255556106567383,2.17847204208374,2.218888998031616,2.139149904251098
2010-10-06,75204000,2.2265279293060303,2.2426390647888184,2.200278043746948,2.22777795791626,2.147718906402588
2010-10-05,70228800,2.15958309173584,2.242361068725586,2.1509718894958496,2.226249933242798,2.146246194839477
2010-10-04,99756000,2.133610963821411,2.16208291053772,2.0687499046325684,2.1016669273376465,2.026139736175537
2010-10-01,74469600,2.1695830821990967,2.1768059730529785,2.11055588722229,2.148611068725586,2.071397066116333
2010-09-30,151430400,2.172916889190674,2.2134718894958496,2.0926389694213867,2.12166690826416,2.0454206466674805
2010-09-29,102744000,2.1372220516204834,2.166249990463257,2.1166670322418213,2.138611078262329,2.061755657196045
2010-09-28,124761600,2.1404170989990234,2.1734719276428223,2.0705559253692627,2.1544439792633057,2.077020168304444
2010-09-27,71712000,2.1640279293060303,2.1716670989990234,2.125,2.131943941116333,2.055328845977783
2010-09-24,78400800,2.1052780151367188,2.165555953979492,2.0994439125061035,2.1590280532836914,2.081439733505249
2010-09-23,108410400,2.035278081893921,2.100971937179565,2.019582986831665,2.0369439125061035,1.9637428522109983
2010-09-22,93009600,2.1111109256744385,2.143471956253052,2.069999933242798,2.0899999141693115,2.0148918628692627
2010-09-21,155930400,2.1365280151367188,2.166666984558105,2.092221975326538,2.116806030273437,2.0407357215881348
2010-09-20,80690400,2.063333034515381,2.147083044052124,2.0472218990325928,2.135972023010254,2.057431221008301
2010-09-17,68061600,2.0677781105041504,2.074306011199951,2.023333072662353,2.0390279293060303,1.964051961898804
2010-09-16,76989600,2.019305944442749,2.041388988494873,1.999305963516236,2.0374999046325684,1.962580919265747
2010-09-15,63849600,1.9987499713897705,2.0461111068725586,1.9802780151367188,2.041249990463257,1.966192483901977
2010-09-14,74988000,2.008471965789795,2.049999952316284,1.9852780103683472,2.015000104904175,1.940907597541809
2010-09-13,75981600,2.0130560398101807,2.032083034515381,1.9895830154418943,2.019443988800049,1.9451885223388672
2010-09-10,58838400,1.9369440078735352,1.9613889455795288,1.923611044883728,1.95569396018982,1.8837826251983645
2010-09-09,67118400,1.962499976158142,1.965556025505066,1.911110997200012,1.9256939888000488,1.854885458946228
2010-09-08,84024000,1.8708330392837524,1.9209719896316528,1.8684719800949097,1.899027943611145,1.829200267791748
2010-09-07,83548800,1.8976390361785889,1.9045829772949217,1.8561110496521,1.8627779483795168,1.7942830324172974
2010-09-03,100036800,1.909028053283692,1.930277943611145,1.878056049346924,1.9240280389785769,1.8532812595367432
2010-09-02,74505600,1.816944003105164,1.8536109924316408,1.805277943611145,1.8536109924316408,1.7854530811309814
2010-09-01,104781600,1.7229169607162476,1.809306025505066,1.7188889980316162,1.803194046020508,1.736890196800232
2010-08-31,132163200,1.6348609924316406,1.684999942779541,1.6161110401153564,1.6597219705581665,1.5986932516098022
2010-08-30,95306400,1.7163889408111572,1.731389045715332,1.6538889408111572,1.6549999713897705,1.5941449403762815
2010-08-27,119548800,1.684306025505066,1.7337499856948853,1.6097220182418823,1.7291669845581057,1.6655848026275637
2010-08-26,97862400,1.7073609828948977,1.7176389694213867,1.6363890171051023,1.6513890027999878,1.5906670093536377
2010-08-25,104140800,1.6401389837265017,1.705556035041809,1.609166979789734,1.684306025505066,1.6223735809326172
2010-08-24,126777600,1.6873610019683838,1.7105560302734375,1.6418060064315796,1.6705559492111206,1.6091291904449463
2010-08-23,83736000,1.7926390171051023,1.817916989326477,1.7433329820632937,1.7451390027999878,1.680969476699829
2010-08-20,103824000,1.767361044883728,1.7752779722213743,1.7280559539794922,1.7687499523162842,1.7037123441696167
2010-08-19,151228800,1.8543059825897217,1.8668060302734373,1.761667013168335,1.7852779626846311,1.7196327447891235
2010-08-18,81288000,1.869861006736756,1.912500023841858,1.8379169702529907,1.881943941116333,1.8127442598342896
2010-08-17,97149600,1.85152804851532,1.9122220277786253,1.8370829820632928,1.8688889741897583,1.8001697063446045
2010-08-16,89316000,1.7737499475479126,1.8233330249786377,1.7527780532836914,1.8066669702529907,1.7402352094650269
2010-08-13,76118400,1.8083330392837524,1.841806054115296,1.802778005599976,1.8072220087051392,1.740769863128662
2010-08-12,77479200,1.774860978126526,1.8448610305786133,1.7729170322418213,1.827360987663269,1.760168433189392
2010-08-11,114717600,1.930556058883667,1.9340280294418333,1.8505560159683228,1.861111044883728,1.7926771640777588
2010-08-10,112435200,2.0073609352111816,2.059027910232544,1.971943974494934,2.0284719467163086,1.95388412475586
2010-08-09,48412800,2.055694103240967,2.0702779293060303,2.024306058883667,2.0581939220428467,1.982513666152954
2010-08-06,101037600,1.991943955421448,2.037360906600952,1.947638988494873,2.0259718894958496,1.951476573944092
2010-08-05,80798400,2.022083044052124,2.055694103240967,2.01111102104187,2.05138897895813,1.9759587049484253
2010-08-04,81979200,2.0358328819274902,2.0677781105041504,2.015000104904175,2.0587499141693115,1.983048796653748
2010-08-03,79581600,2.0333330631256104,2.048888921737671,1.9988889694213867,2.0190279483795166,1.9447873830795288
2010-08-02,74080800,2.00902795791626,2.057499885559082,1.9848610162734983,2.047499895095825,1.972212314605713
2010-07-30,117432000,1.861111044883728,1.948472023010254,1.851250052452088,1.917917013168335,1.8473947048187256
2010-07-29,120808800,1.982638955116272,1.9988889694213867,1.8738889694213867,1.91986095905304,1.8492671251297
2010-07-28,80899200,1.973610997200012,1.9916670322418213,1.9288890361785889,1.9487500190734863,1.87709379196167
2010-07-27,100569600,2.021806001663208,2.0263888835906982,1.962499976158142,1.986111044883728,1.9130810499191284
2010-07-26,101412000,1.9347219467163088,1.9934719800949097,1.921110987663269,1.9900000095367432,1.916826844215393
2010-07-23,121759200,1.8694440126419067,1.935278058052063,1.8511110544204712,1.9272220134735107,1.8563575744628904
2010-07-22,127382400,1.824444055557251,1.90166699886322,1.8230559825897217,1.8788889646530151,1.809801697731018
2010-07-21,156614400,1.86055600643158,1.861806035041809,1.7379169464111328,1.7627780437469482,1.6979597806930542
2010-07-20,131623200,1.7024999856948853,1.835832953453064,1.7000000476837158,1.8316669464111328,1.7643157243728638
2010-07-19,125013600,1.7625000476837158,1.7893060445785522,1.720417022705078,1.7751389741897583,1.709866642951965
2010-07-16,149608800,1.866528034210205,1.871806025505066,1.731389045715332,1.742777943611145,1.6786954402923584
2010-07-15,98020800,1.8976390361785889,1.9183330535888672,1.821388959884644,1.8998609781265257,1.8300026655197144
2010-07-14,72554400,1.881943941116333,1.91986095905304,1.8584719896316528,1.89847195148468,1.8286645412445068
2010-07-13,123415200,1.8737499713897705,1.920277953147888,1.863055944442749,1.8991669416427608,1.829334020614624
2010-07-12,66196800,1.7940280437469482,1.8266669511795044,1.7722220420837402,1.816805958747864,1.7500015497207642
2010-07-09,72424800,1.774027943611145,1.8129169940948489,1.761944055557251,1.811527967453003,1.7449175119400024
2010-07-08,136944000,1.7636109590530396,1.779582977294922,1.7127779722213743,1.7731939554214478,1.7079931497573853
2010-07-07,159890400,1.585278034210205,1.727916955947876,1.580556035041809,1.7226389646530151,1.659296631813049
2010-07-06,167292000,1.608610987663269,1.6418060064315796,1.5293060541152954,1.5740280151367188,1.5161505937576294
2010-07-02,142315200,1.5869439840316772,1.599444031715393,1.5170830488204956,1.5452779531478882,1.4884576797485352
2010-07-01,290347200,1.5876389741897583,1.6030559539794922,1.494305968284607,1.572638988494873,1.514812469482422
2010-06-30,158832000,1.6244440078735352,1.6695829629898071,1.5750000476837158,1.582777976989746,1.52457857131958
2010-06-29,249472800,1.7302780151367188,1.7312500476837158,1.606389045715332,1.6394439935684204,1.5791608095169067
2010-06-28,131824800,1.830971956253052,1.845417022705078,1.7861109972000122,1.8036110401153564,1.7372915744781494
2010-06-25,186148800,1.816527962684632,1.8502780199050903,1.7677780389785769,1.8355560302734373,1.7680617570877075
2010-06-24,242352000,1.866528034210205,1.874027967453003,1.7865279912948608,1.8011109828948977,1.7348837852478027
2010-06-23,169740000,1.9166669845581048,1.9366669654846191,1.8555560111999512,1.8944439888000488,1.8247843980789185
2010-06-22,198057600,2.01444411277771,2.0391669273376465,1.9054169654846191,1.912500023841858,1.8421767950057983
2010-06-21,141696000,2.1086111068725586,2.113193988800049,1.981943964958191,2.011944055557251,1.9356225728988647
2010-06-18,130492800,2.038332939147949,2.0551390647888184,2.013611078262329,2.031805992126465,1.9547308683395384
2010-06-17,248169600,2.034306049346924,2.037360906600952,1.968055963516236,2.0255560874938965,1.9487179517745967
2010-06-16,187761600,1.990556001663208,2.0415279865264893,1.9761110544204712,2.0159718990325928,1.939497470855713
2010-06-15,143294400,1.9306939840316768,2.024167060852051,1.9204169511795044,2.017777919769287,1.9412347078323364
2010-06-14,236232000,1.9436110258102417,1.9737499952316284,1.884305953979492,1.89194405078888,1.8201743364334104
2010-06-11,158551200,1.8227779865264893,1.9026390314102173,1.8186110258102417,1.8980560302734373,1.826054692268372
2010-06-10,134640000,1.807361006736756,1.877778053283692,1.8002779483795166,1.873471975326538,1.8024035692214968
2010-06-09,208231200,1.7826390266418457,1.830556035041809,1.7018059492111206,1.7186110019683838,1.6534167528152466
2010-06-08,173419200,1.699167013168335,1.759166955947876,1.654721975326538,1.7450000047683716,1.678804874420166
2010-06-07,168768000,1.7799999713897705,1.799306035041809,1.6909719705581665,1.6958329677581787,1.631502985954285
2010-06-04,209260800,1.8580559492111208,1.8941669464111328,1.742082953453064,1.7690279483795166,1.7019213438034058
2010-06-03,136720800,1.967777967453003,1.9866670370101929,1.9095829725265503,1.9666670560836792,1.8920632600784304
2010-06-02,147067200,1.8362499475479128,1.9487500190734863,1.8119440078735352,1.94652795791626,1.872687816619873
2010-06-01,171172800,1.847777962684632,1.933194041252136,1.7994439601898191,1.808194041252136,1.7396016120910645
2010-05-28,154310400,1.970278024673462,1.97333300113678,1.8763890266418457,1.8997219800949097,1.827656984329224
2010-05-27,153000000,1.901111006736756,1.9800000190734863,1.8786109685897827,1.977916955947876,1.9028863906860352
2010-05-26,179906400,1.865833044052124,1.915138959884644,1.78125,1.7940280437469482,1.7259730100631714
2010-05-25,173707200,1.6924999952316284,1.8329169750213623,1.6565279960632324,1.8319439888000488,1.7624508142471311
2010-05-24,134128800,1.865417003631592,1.9127780199050903,1.820556044578552,1.8258329629898071,1.756571650505066
2010-05-21,175809600,1.7359720468521118,1.9127780199050903,1.7236109972000122,1.884166955947876,1.812692403793335
2010-05-20,212227200,1.92180597782135,1.9477779865264893,1.816527962684632,1.8180559873580933,1.7490893602371216
2010-05-19,139168800,2.052917003631592,2.10930609703064,1.975139021873474,2.05347204208374,1.9755754470825195
2010-05-18,116820000,2.230417013168335,2.2504169940948486,2.0662500858306885,2.090693950653076,2.0113844871521
2010-05-17,124430400,2.1931939125061035,2.210139036178589,2.053194046020508,2.177500009536743,2.094897747039795
2010-05-14,127929600,2.249444007873535,2.2597219944000244,2.113193988800049,2.1751389503479004,2.0926272869110107
2010-05-13,71352000,2.373471975326538,2.402777910232544,2.2936110496521,2.2993059158325195,2.2120838165283203
2010-05-12,91735200,2.322082996368408,2.39722204208374,2.30916690826416,2.3881940841674805,2.2975997924804688
2010-05-11,108302400,2.245832920074463,2.384582996368408,2.2395830154418945,2.2909719944000244,2.204065322875977
2010-05-10,184773600,2.2944440841674805,2.339860916137696,2.2441670894622803,2.310971975326538,2.223307132720948
2010-05-07,148730400,2.122360944747925,2.185138940811157,1.9477779865264893,2.04569411277771,1.968092441558838
2010-05-06,198439200,2.3459720611572266,2.384999990463257,1.4923609495162964,2.140000104904175,2.058821439743042
2010-05-05,123739200,2.355694055557251,2.435832977294922,2.325139045715332,2.3768060207366943,2.2866432666778564
2010-05-04,137937600,2.514583110809326,2.5156939029693604,2.381527900695801,2.4170830249786377,2.325392246246338
2010-05-03,89179200,2.5427780151367188,2.6236109733581543,2.5301389694213867,2.6051390171051025,2.506314516067505
2010-04-30,95918400,2.64180588722229,2.6508328914642334,2.5036110877990723,2.5045828819274902,2.4095730781555176
2010-04-29,79070400,2.592221975326538,2.655694007873535,2.5891671180725098,2.638472080230713,2.538384437561035
2010-04-28,176184000,2.525693893432617,2.5647220611572266,2.4770829677581787,2.5411109924316406,2.444716215133667
2010-04-27,154764000,2.632499933242798,2.673332929611206,2.47458291053772,2.487499952316284,2.393138647079468
2010-04-26,78444000,2.713193893432617,2.7309720516204834,2.6716670989990234,2.6770830154418945,2.5755295753479004
2010-04-23,96012000,2.6519439220428467,2.711250066757202,2.631388902664185,2.708750009536743,2.6059956550598145
2010-04-22,105069600,2.577639102935791,2.666666984558105,2.5330560207366943,2.656388998031616,2.5556206703186035
2010-04-21,111247200,2.653749942779541,2.670833110809326,2.591110944747925,2.632082939147949,2.5322375297546387
2010-04-20,77184000,2.6287500858306885,2.6541669368743896,2.6036109924316406,2.646806001663208,2.5464015007019043
2010-04-19,161107200,2.527777910232544,2.585833072662353,2.493194103240967,2.576667070388794,2.478923320770264
2010-04-16,197308800,2.652221918106079,2.665138959884644,2.511806011199951,2.552778005599976,2.4559404850006104
2010-04-15,100440000,2.6576390266418457,2.695138931274414,2.657222032546997,2.680833101272583,2.5791378021240234
2010-04-14,104803200,2.614027976989746,2.672499895095825,2.600693941116333,2.67055606842041,2.5692501068115234
2010-04-13,92160000,2.569443941116333,2.597222089767456,2.5316669940948486,2.587639093399048,2.4894790649414062
2010-04-12,115812000,2.57680606842041,2.597778081893921,2.5670828819274902,2.579582929611206,2.4817283153533936
2010-04-09,107841600,2.5336110591888428,2.569721937179565,2.5199999809265137,2.565139055252075,2.4678328037261963
2010-04-08,121665600,2.4609720706939697,2.529305934906006,2.443471908569336,2.5154170989990234,2.419997453689575
2010-04-07,147052800,2.5206940174102783,2.5374999046325684,2.457221984863281,2.4936110973358154,2.399017333984375
2010-04-06,51912000,2.4972219467163086,2.548332929611206,2.4891669750213623,2.533750057220459,2.4376344680786133
2010-04-05,83304000,2.486527919769287,2.521944046020508,2.465277910232544,2.5154170989990234,2.419997453689575
2010-04-01,57888000,2.4598610401153564,2.4827780723571777,2.414721965789795,2.4574999809265137,2.36427640914917
2010-03-31,97776000,2.403749942779541,2.440000057220459,2.383749961853028,2.406388998031616,2.3151042461395264
2010-03-30,76132800,2.436805963516236,2.459167003631592,2.402777910232544,2.4331939220428467,2.340892553329468
2010-03-29,54604800,2.42055606842041,2.441528081893921,2.407083034515381,2.428889036178589,2.336751699447632
2010-03-26,93888000,2.401110887527466,2.435832977294922,2.355694055557251,2.3879170417785645,2.297333002090454
2010-03-25,77551200,2.449167013168335,2.477221965789795,2.3786110877990723,2.386667013168335,2.2961316108703613
2010-03-24,85197600,2.4069440364837646,2.4294440746307373,2.383610963821411,2.4008328914642334,2.309758186340332
2010-03-23,73396800,2.39638900756836,2.4412500858306885,2.373055934906006,2.436805963516236,2.343511819839477
2010-03-22,67068000,2.308332920074463,2.398056030273437,2.303889036178589,2.384305953979492,2.293022871017456
2010-03-19,103147200,2.3461110591888428,2.4084720611572266,2.3202779293060303,2.3461110591888428,2.256289482116699
2010-03-18,70473600,2.387083053588867,2.398750066757202,2.356389045715332,2.3848609924316406,2.2935562133789062
2010-03-17,54525600,2.3662500381469727,2.4108328819274902,2.3645830154418945,2.386806011199951,2.295426368713379
2010-03-16,97365600,2.310138940811157,2.352638959884644,2.2925000190734863,2.3465280532836914,2.2566912174224854
2010-03-15,71884800,2.27791690826416,2.297082901000977,2.23888897895813,2.2918059825897217,2.204063415527344
2010-03-12,71625600,2.319027900695801,2.319166898727417,2.27222204208374,2.288055896759033,2.200457096099853
2010-03-11,92678400,2.2454171180725098,2.290416955947876,2.223889112472534,2.289721965789795,2.202059507369995
2010-03-10,89546400,2.2340281009674072,2.27791690826416,2.229166984558105,2.2605559825897217,2.1740105152130127
2010-03-09,81633600,2.196805953979492,2.262083053588867,2.196805953979492,2.2302780151367188,2.1448915004730225
2010-03-08,57024000,2.220694065093994,2.2352778911590576,2.2098610401153564,2.2191669940948486,2.134205102920532
2010-03-05,75679200,2.171250104904175,2.2240281105041504,2.153888940811157,2.2194440364837646,2.134471893310547
2010-03-04,74052000,2.117361068725586,2.136667013168335,2.093472003936768,2.126944065093994,2.04551362991333
2010-03-03,94730400,2.120971918106079,2.1458330154418945,2.09375,2.108333110809326,2.027615547180176
2010-03-02,93420000,2.1127779483795166,2.1331939697265625,2.0923609733581543,2.0999999046325684,2.0196008682250977
2010-03-01,72648000,2.047082901000977,2.092221975326538,2.0465281009674072,2.085556030273437,2.005709886550904
2010-02-26,75477600,2.023611068725586,2.0425000190734863,1.988332986831665,2.024583101272583,1.9470716714859009
2010-02-25,88531200,1.9394439458847048,2.02222204208374,1.923333048820496,2.0204169750213623,1.9430650472640991
2010-02-24,99050400,1.9891669750213623,2.0355560779571533,1.9755560159683228,2.027221918106079,1.9496092796325684
2010-02-23,90252000,2.0299999713897705,2.0495829582214355,1.9574999809265137,1.971806049346924,1.8963149785995483
2010-02-22,112665600,2.069443941116333,2.0704169273376465,2.030277967453003,2.045417070388794,1.967108368873596
2010-02-19,82656000,2.019443988800049,2.070138931274414,2.0036110877990723,2.0487499237060547,1.9703130722045896
2010-02-18,98856000,1.9891669750213623,2.046250104904175,1.987221956253052,2.035417079925537,1.957491159439087
2010-02-17,101095200,1.999583005905152,2.007082939147949,1.971943974494934,1.9976389408111568,1.921158790588379
2010-02-16,102261600,1.925832986831665,1.977221965789795,1.901528000831604,1.9701390266418457,1.8947114944458008
2010-02-12,133977600,1.8269439935684204,1.883471965789795,1.8025000095367432,1.8802779912948608,1.8082910776138303
2010-02-11,110772000,1.822082996368408,1.893056035041809,1.7911109924316406,1.8854169845581048,1.8132331371307373
2010-02-10,125510400,1.8333330154418943,1.860833048820496,1.7831939458847046,1.830556035041809,1.7604724168777466
2010-02-09,193636800,1.8363889455795288,1.886944055557251,1.7925000190734863,1.840693950653076,1.770222783088684
2010-02-08,132141600,1.817221999168396,1.8472219705581665,1.7694439888000488,1.776528000831604,1.7085130214691162
2010-02-05,253101600,1.8084720373153689,1.824722051620484,1.70763897895813,1.815556049346924,1.7460476160049438
2010-02-04,222825600,1.940278053283692,1.9426389932632449,1.8012499809265137,1.8051389455795288,1.7360284328460691
2010-02-03,71056800,1.990278005599976,2.019305944442749,1.9693059921264648,1.987499952316284,1.9114079475402832
2010-02-02,88898400,1.9576389789581297,2.028749942779541,1.9369440078735352,2.0174999237060547,1.940259337425232
2010-02-01,91778400,1.8995829820632928,1.946249961853028,1.8948609828948968,1.945417046546936,1.8709360361099243
2010-01-29,104724000,1.946805953979492,1.986111044883728,1.8495830297470093,1.8584719896316528,1.7873203754425049
2010-01-28,116942400,2.01111102104187,2.012500047683716,1.886944055557251,1.9213889837265008,1.847827911376953
2010-01-27,132120000,1.957082986831665,2.0027780532836914,1.910416960716248,1.9911110401153564,1.9148807525634768
2010-01-26,100224000,1.965000033378601,2.0255560874938965,1.9487500190734863,1.961806058883667,1.886697769165039
2010-01-25,90705600,2.0133330821990967,2.022083044052124,1.9705560207366943,1.986806035041809,1.910741090774536
2010-01-22,253692000,2.0723609924316406,2.094305992126465,1.9536110162734983,1.9626389741897583,1.8874988555908203
2010-01-21,237016800,2.228055953979492,2.249166965484619,2.0909719467163086,2.098750114440918,2.0183985233306885
2010-01-20,150494400,2.250972032546997,2.2520830631256104,2.1734719276428223,2.2293059825897217,2.143956422805786
2010-01-19,101340000,2.211667060852051,2.312638998031616,2.211250066757202,2.298888921737671,2.210876703262329
2010-01-15,183794400,2.2815279960632324,2.2850000858306885,2.189167022705078,2.2158329486846924,2.130999088287353
2010-01-14,94356000,2.2648611068725586,2.3041670322418213,2.2622220516204834,2.2918059825897217,2.204063415527344
2010-01-13,118764000,2.2347218990325928,2.29236102104187,2.200972080230713,2.2748610973358154,2.187767744064331
2010-01-12,88200000,2.236666917800904,2.250555992126465,2.191943883895874,2.218333005905152,2.1334033012390137
2010-01-11,105076800,2.30263900756836,2.3052780628204346,2.252639055252075,2.280277967453003,2.19297742843628
2010-01-08,89388000,2.230833053588867,2.274444103240967,2.218472003936768,2.27222204208374,2.185229778289795
2010-01-07,76939200,2.2098610401153564,2.256943941116333,2.1911110877990723,2.2502779960632324,2.164125919342041
2010-01-06,107920800,2.210139036178589,2.2368059158325195,2.205277919769287,2.223193883895874,2.1380789279937744
2010-01-05,108986400,2.196805953979492,2.220417022705078,2.1743059158325195,2.216805934906006,2.131935834884644
2010-01-04,102592800,2.147083044052124,2.2029170989990234,2.1459720134735107,2.197916984558105,2.113768577575684
2009-12-31,27072000,2.170417070388794,2.170833110809326,2.0923609733581543,2.0926389694213867,2.012521743774414
2009-12-30,30492000,2.1397221088409424,2.1624999046325684,2.13611102104187,2.152638912200928,2.07022476196289
2009-12-29,39398400,2.1875,2.1875,2.157917022705078,2.159306049346924,2.07663631439209
2009-12-28,39225600,2.1861109733581543,2.1861109733581543,2.1458330154418945,2.1736109256744385,2.090393781661988
2009-12-24,21254400,2.13944411277771,2.1611111164093018,2.138611078262329,2.159306049346924,2.07663631439209
2009-12-23,41803200,2.1298611164093018,2.1331939697265625,2.099721908569336,2.125972032546997,2.044578313827514
2009-12-22,44827200,2.1050000190734863,2.1273610591888428,2.097222089767456,2.1127779483795166,2.030580520629883
2009-12-21,96631200,2.060832977294922,2.111527919769287,2.060832977294922,2.0879170894622803,2.006686925888061
2009-12-18,98236800,2.028193950653076,2.0348610877990723,1.9791669845581048,2.028749942779541,1.9498220682144165
2009-12-17,123537600,2.0274999141693115,2.038332939147949,1.990833044052124,1.9972219467163088,1.919520616531372
2009-12-16,103140000,2.088749885559082,2.105694055557251,2.0579171180725098,2.069443941116333,1.988932967185974
2009-12-15,85053600,2.0677781105041504,2.093888998031616,2.0426390171051025,2.060138940811157,1.9799895286560056
2009-12-14,74368800,2.0916669368743896,2.097917079925537,2.0636110305786133,2.090693950653076,2.0093560218811035
2009-12-11,125503200,2.052361011505127,2.0629169940948486,2.021667003631592,2.0522220134735107,1.972380518913269
2009-12-10,71726400,2.0263888835906982,2.0486109256744385,2.013472080230713,2.0223610401153564,1.9436814785003664
2009-12-09,91771200,1.9661109447479248,1.9981939792633057,1.9363889694213867,1.9877779483795168,1.9104441404342647
2009-12-08,80539200,1.995139002799988,2.0027780532836914,1.950278043746948,1.9708329439163208,1.8941584825515747
2009-12-07,75657600,2.039999961853028,2.073472023010254,2.0172219276428223,2.0350000858306885,1.955828666687012
2009-12-04,165535200,2.091805934906006,2.119999885559082,1.992082953453064,2.0444440841674805,1.964905261993408
2009-12-03,102844800,2.0765280723571777,2.1111109256744385,2.006110906600952,2.012639045715332,1.934338092803955
2009-12-02,101016000,2.061805963516236,2.1020829677581787,2.041388988494873,2.061805963516236,1.981591939926148
2009-12-01,83836800,2.0436110496521,2.0824999809265137,2.0316669940948486,2.055972099304199,1.9759851694107056
2009-11-30,116668800,1.9627779722213743,1.999305963516236,1.9388890266418457,1.990556001663208,1.9131139516830444
2009-11-27,68860800,1.9018059968948364,2.010138988494873,1.896806001663208,1.9690279960632324,1.8924235105514529
2009-11-25,62359200,2.0577778816223145,2.077083110809326,2.038888931274414,2.069027900695801,1.988532781600952
2009-11-24,88812000,2.048332929611206,2.0568060874938965,1.999027967453003,2.047916889190674,1.96824324131012
2009-11-23,78148800,2.0355560779571533,2.083611011505127,2.0280559062957764,2.0426390171051025,1.9631706476211548
2009-11-20,58572000,1.955556035041809,1.98236095905304,1.941944003105164,1.9695830345153809,1.892957329750061
2009-11-19,76024800,2.025278091430664,2.027360916137696,1.94861102104187,1.987221956253052,1.909909725189209
2009-11-18,75031200,2.067222118377685,2.076111078262329,2.029027938842773,2.068471908569336,1.987998008728028
2009-11-17,76082400,2.0487499237060547,2.072916984558105,2.025278091430664,2.071249961853028,1.9906684160232544
2009-11-16,96984000,2.019305944442749,2.089860916137696,2.0156939029693604,2.063750028610229,1.9834598302841189
2009-11-13,70128000,1.961806058883667,2.002917051315308,1.932083010673523,1.9791669845581048,1.9021682739257808
2009-11-12,165405600,1.9991669654846191,2.030972003936768,1.9309719800949097,1.943750023841858,1.868128776550293
2009-11-11,155808000,2.015832901000977,2.043889045715332,1.9791669845581048,2.007638931274414,1.9295320510864256
2009-11-10,128397600,1.9627779722213743,1.9958330392837524,1.9443060159683228,1.9747220277786253,1.89789628982544
2009-11-09,78343200,1.8947219848632808,1.9769439697265625,1.888888955116272,1.976389050483704,1.8994983434677124
2009-11-06,125359200,1.8018059730529783,1.864027976989746,1.7943060398101809,1.8520829677581787,1.780028223991394
2009-11-05,77932800,1.7752779722213743,1.8362499475479128,1.7661110162734983,1.834167003631592,1.7628093957901
2009-11-04,156412800,1.7694439888000488,1.8091670274734497,1.7269439697265625,1.7356940507888794,1.6681673526763916
2009-11-03,151660800,1.680556058883667,1.7334719896316528,1.672639012336731,1.7265280485153198,1.659358024597168
2009-11-02,200491200,1.7002780437469482,1.7630560398101809,1.6495829820632937,1.7097220420837402,1.643205642700195
2009-10-30,218232000,1.8190280199050903,1.830556035041809,1.6670830249786377,1.6756939888000488,1.6105018854141235
2009-10-29,112082400,1.7590279579162598,1.842777967453003,1.7494440078735352,1.832082986831665,1.7608063220977783
2009-10-28,97768800,1.8119440078735352,1.8268059492111208,1.71875,1.7227779626846311,1.6557536125183103
2009-10-27,97394400,1.8590279817581177,1.8762500286102293,1.813472032546997,1.825139045715332,1.754132628440857
2009-10-26,88538400,1.91986095905304,1.9787499904632568,1.835693955421448,1.8476389646530151,1.775757074356079
2009-10-23,115192800,2.002917051315308,2.0043060779571533,1.8899999856948853,1.915138959884644,1.840631127357483
2009-10-22,75686400,1.9222220182418823,2.0,1.8847219944000244,1.980972051620484,1.903902888298035
2009-10-21,77695200,1.9661109447479248,2.036389112472534,1.9204169511795044,1.9259719848632808,1.8510431051254272
2009-10-20,87177600,2.019721984863281,2.019721984863281,1.9487500190734863,1.9801390171051023,1.903102278709412
2009-10-19,77212800,1.9708329439163208,2.027777910232544,1.9537500143051147,2.009999990463257,1.9318013191223145
2009-10-16,91382400,1.9573609828948968,1.981389045715332,1.924860954284668,1.961527943611145,1.885215282440185
2009-10-15,90856800,1.9572219848632808,2.0056939125061035,1.953333020210266,2.004443883895874,1.9264615774154663
2009-10-14,78012000,1.9536110162734983,1.99097204208374,1.929443955421448,1.9865280389785769,1.9092427492141724
2009-10-13,68198400,1.883471965789795,1.8973610401153564,1.8504170179367063,1.8904169797897337,1.8168706893920896
2009-10-12,29340000,1.9051389694213867,1.920138955116272,1.8783329725265503,1.900555968284607,1.826615571975708
2009-10-09,33156000,1.845971941947937,1.8768060207366943,1.8319439888000488,1.8763890266418457,1.8033884763717647
2009-10-08,74073600,1.8429169654846191,1.871806025505066,1.820417046546936,1.846806049346924,1.7749563455581665
2009-10-07,55281600,1.774860978126526,1.808194041252136,1.766389012336731,1.803194046020508,1.733041286468506
2009-10-06,73785600,1.7513890266418457,1.816666960716248,1.7495830059051514,1.7894439697265625,1.7198264598846436
2009-10-05,49507200,1.6604169607162476,1.727916955947876,1.6454169750213623,1.714028000831604,1.6473441123962402
2009-10-02,89899200,1.6168060302734375,1.6695829629898071,1.6162500381469729,1.645277976989746,1.5812687873840332
2009-10-01,97999200,1.786666989326477,1.786666989326477,1.6633330583572388,1.6637500524520874,1.599022388458252
2009-09-30,139968000,1.8401390314102173,1.8419439792633057,1.7486109733581543,1.799860954284668,1.7298378944396973
2009-09-29,75484800,1.846528053283692,1.8716670274734497,1.80791699886322,1.8238890171051023,1.7529312372207642
2009-09-28,62006400,1.7618060111999512,1.8472219705581665,1.7618060111999512,1.834306001663208,1.762942910194397
2009-09-25,92296800,1.7587499618530271,1.7870830297470093,1.724444031715393,1.7434719800949097,1.6756428480148315
2009-09-24,98856000,1.8445830345153809,1.8545830249786377,1.7479170560836792,1.7706940174102783,1.701805830001831
2009-09-23,108964800,1.8938889503479004,1.9291670322418213,1.8230559825897217,1.83069396018982,1.7586305141448977
2009-09-22,56448000,1.8808330297470093,1.894582986831665,1.8555560111999512,1.8811110258102417,1.807062625885009
2009-09-21,58125600,1.818194031715393,1.860833048820496,1.8072220087051392,1.8463890552520752,1.7737075090408323
2009-09-18,87868800,1.8833329677581787,1.883749961853028,1.8451390266418457,1.8620829582214355,1.7887836694717407
2009-09-17,96328800,1.86069405078888,1.9049999713897705,1.82805597782135,1.8566670417785645,1.783581018447876
2009-09-16,71560800,1.8037500381469729,1.867082953453064,1.7863889932632446,1.865556001663208,1.792120337486267
2009-09-15,76881600,1.7730560302734375,1.8054169416427608,1.7377779483795166,1.7862499952316284,1.7159358263015747
2009-09-14,56160000,1.693194031715393,1.771806001663208,1.693194031715393,1.7661110162734983,1.6965898275375366
2009-09-11,66132000,1.748332977294922,1.7641669511795044,1.7138890027999878,1.736806035041809,1.66843843460083
2009-09-10,64742400,1.6893060207366943,1.7419439554214478,1.663193941116333,1.7393059730529783,1.670839786529541
2009-09-09,54424800,1.658471941947937,1.7040280103683472,1.643056035041809,1.6879169940948486,1.621473789215088
2009-09-08,63734400,1.653749942779541,1.6544439792633057,1.623332977294922,1.6491669416427612,1.5842489004135132
2009-09-04,63266400,1.551527976989746,1.6083329916000366,1.538472056388855,1.606943964958191,1.54368793964386
2009-09-03,53100000,1.5308330059051514,1.5477780103683472,1.4955559968948364,1.5395829677581787,1.4789786338806152
2009-09-02,67384800,1.5036109685897827,1.5331939458847046,1.493749976158142,1.506250023841858,1.44695782661438
2009-09-01,137505600,1.6080559492111206,1.6666669845581057,1.5133329629898071,1.5206940174102783,1.4608335494995115
2009-08-31,103269600,1.6256940364837646,1.6354169845581057,1.600693941116333,1.632222056388855,1.5679714679718018
2009-08-28,84880800,1.7176389694213867,1.7230559587478638,1.6415280103683472,1.6733330488204956,1.6074634790420532
2009-08-27,111304800,1.6606940031051636,1.6924999952316284,1.6073609590530396,1.6793060302734375,1.6132017374038696
2009-08-26,83944800,1.649860978126526,1.6887500286102295,1.634443998336792,1.6638890504837036,1.5983915328979492
2009-08-25,85644000,1.6761109828948977,1.713055968284607,1.6551389694213867,1.6643060445785522,1.598792552947998
2009-08-24,60307200,1.6756939888000488,1.703333020210266,1.6383329629898071,1.6533329486846924,1.5882508754730225
2009-08-21,61516800,1.6026389598846436,1.6640280485153198,1.5940279960632324,1.6536109447479248,1.5885182619094849
2009-08-20,51573600,1.520277976989746,1.5743060111999512,1.513888955116272,1.5661109685897827,1.5044623613357544
2009-08-19,61682400,1.442916989326477,1.5318059921264648,1.440693974494934,1.5165280103683472,1.456831455230713
2009-08-18,53431200,1.4556939601898191,1.4933329820632937,1.4463889598846436,1.4824999570846558,1.4241424798965454
2009-08-17,84139200,1.4695830345153809,1.4726389646530151,1.435832977294922,1.442916989326477,1.386117696762085
2009-08-14,72115200,1.5981940031051636,1.5981940031051636,1.5081939697265625,1.558750033378601,1.497390866279602
2009-08-13,100713600,1.5833330154418943,1.598471999168396,1.5373610258102417,1.596943974494934,1.534081220626831
2009-08-12,71791200,1.5029170513153076,1.5948610305786133,1.5029170513153076,1.5616669654846191,1.5001933574676514
2009-08-11,48729600,1.5506939888000488,1.5525000095367432,1.5,1.509166955947876,1.449759840965271
2009-08-10,46512000,1.5594439506530762,1.5813889503479004,1.538193941116333,1.568889021873474,1.507131576538086
2009-08-07,44042400,1.5701390504837036,1.6184719800949097,1.5443060398101809,1.579861044883728,1.51767098903656
2009-08-06,69249600,1.567916989326477,1.572638988494873,1.5,1.519582986831665,1.459766149520874
2009-08-05,62568000,1.563472032546997,1.5658329725265503,1.5068060159683228,1.548611044883728,1.4876514673233032
2009-08-04,34984800,1.5259720087051392,1.5652780532836914,1.5169440507888794,1.5597219467163086,1.498324990272522
2009-08-03,39600000,1.5229170322418213,1.5504169464111328,1.4969439506530762,1.5448609590530396,1.48404860496521
2009-07-31,54871200,1.4680559635162354,1.5036109685897827,1.454861044883728,1.4708329439163208,1.4129348993301392
2009-07-30,55886400,1.4765280485153198,1.5176390409469604,1.4648610353469849,1.466528058052063,1.408799409866333
2009-07-29,55908000,1.4136110544204712,1.4355560541152954,1.3941669464111328,1.422083020210266,1.366104006767273
2009-07-28,46476000,1.4240280389785769,1.4550000429153442,1.3976390361785889,1.441249966621399,1.3845165967941284
2009-07-27,44935200,1.4369440078735352,1.4566669464111328,1.4106940031051636,1.4536110162734983,1.3963911533355713
2009-07-24,60127200,1.399999976158142,1.4440280199050903,1.3815280199050903,1.4413889646530151,1.3846498727798462
2009-07-23,55022400,1.3381940126419067,1.4416669607162476,1.3370829820632937,1.4227780103683472,1.366771578788757
2009-07-22,37634400,1.310832977294922,1.359583020210266,1.3086110353469849,1.3341670036315918,1.281649112701416
2009-07-21,45237600,1.3488889932632446,1.3512500524520874,1.289167046546936,1.3366669416427612,1.284050464630127
2009-07-20,37195200,1.3019440174102783,1.325139045715332,1.28125,1.3148610591888428,1.2631027698516846
2009-07-17,27374400,1.2745829820632937,1.2847219705581665,1.2540279626846311,1.2761110067367554,1.225878357887268
2009-07-16,46396800,1.2324999570846558,1.2925000190734863,1.2262500524520874,1.2783329486846924,1.2280126810073853
2009-07-15,36921600,1.189028024673462,1.2523610591888428,1.1844439506530762,1.2450000047683716,1.1959916353225708
2009-07-14,38700000,1.1352779865264893,1.1469440460205078,1.1102780103683472,1.1469440460205078,1.1017959117889404
2009-07-13,43675200,1.059999942779541,1.1256940364837646,1.034999966621399,1.1238889694213867,1.0796480178833008
2009-07-10,51199200,1.0386110544204712,1.065693974494934,1.0263890027999878,1.0473610162734983,1.00613272190094
2009-07-09,45892800,1.069443941116333,1.0816669464111328,1.0462499856948853,1.0575000047683716,1.015872597694397
2009-07-08,49824000,1.0701390504837036,1.0765279531478882,1.013888955116272,1.0509719848632812,1.009601593017578
2009-07-07,29016000,1.114027976989746,1.1168060302734375,1.0497219562530518,1.0497219562530518,1.0084006786346436
2009-07-06,22572000,1.0855560302734375,1.1206940412521362,1.0743060111999512,1.1194440126419067,1.075378179550171
2009-07-02,29275200,1.1693060398101809,1.1698609590530396,1.1159720420837402,1.1163890361785889,1.0724433660507202
2009-07-01,12038400,1.2184720039367676,1.2529170513153076,1.2136110067367554,1.2168060541152954,1.168907642364502
2009-06-30,17128800,1.2333329916000366,1.2433329820632937,1.17638897895813,1.203889012336731,1.1564991474151611
2009-06-29,8690400,1.2083330154418943,1.236111044883728,1.1913889646530151,1.2333329916000366,1.184783935546875
2009-06-26,13104000,1.1952780485153198,1.213055968284607,1.177361011505127,1.1993060111999512,1.1520962715148926
2009-06-25,2577600,1.1262500286102295,1.2104170322418213,1.1262500286102295,1.205556035041809,1.1581008434295654
